data/CTD/2013/CNV/U021A056.CNV
* Sea-Bird SBE 9 Data File:
* FileName = C:\CTD_ACQUISITION\2013021HUD\ctddata\021A056.hdr
* Software Version Seasave V 7.22.2
* Temperature SN = 5081
* Conductivity SN = 3561
* Number of Bytes Per Scan = 37
* Number of Voltage Words = 4
* Number of Scans Averaged by the Deck Unit = 1
* NMEA Latitude = 48 36.11 N
* NMEA Longitude = 045 27.91 W
* NMEA UTC (Time) = Jul 05 2013 09:14:21
* NMEA baud rate = 9600
** Ship: Hudson
** Cruise: HUD2013021
** Chief_Scientist: Greenan
** Organization: BIO
** Area_of_Operation: Sackville Spur
** Station: 56
** Sounding:  1028
** Event_Comments: SS21   393221
# nquan = 25
# nvalues = 1032                        
# units = specified
# name 0 = scan: Scan Count
# name 1 = timeS: Time, Elapsed [seconds]
# name 2 = prDM: Pressure, Digiquartz [db]
# name 3 = t068C: Temperature [ITS-68, deg C]
# name 4 = c0S/m: Conductivity [S/m]
# name 5 = t168C: Temperature, 2 [ITS-68, deg C]
# name 6 = c1S/m: Conductivity, 2 [S/m]
# name 7 = altM: Altimeter [m]
# name 8 = flCUVA: Fluorescence, Chelsea UV Aquatracka [ug/l]
# name 9 = sbeox0V: Oxygen raw, SBE 43 [V]
# name 10 = sbeox1V: Oxygen raw, SBE 43, 2 [V]
# name 11 = upoly0: Upoly 0, Optode 4330F - O2 D-Phase
# name 12 = upoly1: Upoly 1, Optode 4330F - O2 Temp
# name 13 = latitude: Latitude [deg]
# name 14 = longitude: Longitude [deg]
# name 15 = sal00: Salinity, Practical [PSU]
# name 16 = sal11: Salinity, Practical, 2 [PSU]
# name 17 = potemp068C: Potential Temperature [ITS-68, deg C]
# name 18 = potemp168C: Potential Temperature, 2 [ITS-68, deg C]
# name 19 = sigma-é00: Density [sigma-theta, Kg/m^3]
# name 20 = sigma-é11: Density, 2 [sigma-theta, Kg/m^3]
# name 21 = sbeox0ML/L: Oxygen, SBE 43 [ml/l], WS = 2
# name 22 = sbeox1ML/L: Oxygen, SBE 43, 2 [ml/l], WS = 2
# name 23 = nbin: number of scans per bin
# name 24 = flag: flag
# span 0 =      35241,      60295       
# span 1 =   1468.318,   2512.253       
# span 2 =      1.000,   1032.000       
# span 3 =     1.5119,     6.4149       
# span 4 =   2.956466,   3.322228       
# span 5 =     1.5036,     6.4140       
# span 6 =   2.956319,   3.323191       
# span 7 =       5.76,      97.35       
# span 8 =     0.0066,     0.6474       
# span 9 =     2.5311,     3.3911       
# span 10 =     2.2739,     3.0322      
# span 11 =  1.7122679,  2.0378511      
# span 12 =  0.8350076,  1.4187750      
# span 13 =   48.60130,   48.60230      
# span 14 =  -45.46044,  -45.45938      
# span 15 =    33.2451,    34.9148      
# span 16 =    33.2607,    34.9306      
# span 17 =     1.5101,     6.4142      
# span 18 =     1.5017,     6.4131      
# span 19 =    26.1158,    27.7582      
# span 20 =    26.1284,    27.7708      
# span 21 =    5.77026,    8.53963      
# span 22 =    5.89246,    8.55161      
# span 23 =         14,        959      
# span 24 = 0.0000e+00, 0.0000e+00      
# interval = decibars: 1                
# start_time = Jul 05 2013 09:14:21 [NMEA time, header]
# bad_flag = -9.990e-29
*END*
[from data line 232]
      41461   1727.483    800.000     3.9020   3.274151     3.9027   3.275553      55.73     0.0142     2.6702     2.3897  1.9851401  1.1129565   48.60200  -45.46020    34.9002    34.9161     3.8428     3.8434    27.7233    27.7359    6.08142    6.24369         25 0.0000e+00
      41487   1728.571    799.000     3.9033   3.274224     3.9033   3.275556      81.70     0.0123     2.6704     2.3906  1.9843630  1.1130993   48.60199  -45.46020    34.9003    34.9161     3.8441     3.8441    27.7232    27.7357    6.08586    6.25617         27 0.0000e+00
      41515   1729.766    798.000     3.9041   3.274239     3.9037   3.275552      95.79     0.0111     2.6718     2.3918  1.9814768  1.1133887   48.60200  -45.46020    34.9002    34.9161     3.8450     3.8446    27.7230    27.7357    6.10174    6.25890         29 0.0000e+00
      41542   1730.892    797.000     3.9043   3.274219     3.9040   3.275524      38.94     0.0133     2.6736     2.3927  1.9821832  1.1133574   48.60200  -45.46020    34.9002    34.9160     3.8453     3.8450    27.7230    27.7356    6.10304    6.25853         25 0.0000e+00
      41565   1731.830    796.000     3.9048   3.274210     3.9044   3.275511      95.98     0.0169     2.6746     2.3934  1.9829198  1.1135569   48.60200  -45.46020    34.9001    34.9159     3.8458     3.8454    27.7229    27.7355    6.09498    6.25542         20 0.0000e+00
      41584   1732.639    795.000     3.9053   3.274217     3.9050   3.275521      16.52     0.0144     2.6748     2.3935  1.9829713  1.1135532   48.60200  -45.46020    34.9002    34.9160     3.8464     3.8461    27.7229    27.7354    6.09053    6.25050         19 0.0000e+00
      41603   1733.418    794.000     3.9057   3.274211     3.9054   3.275518      75.43     0.0164     2.6750     2.3936  1.9830346  1.1135532   48.60200  -45.46020    34.9002    34.9160     3.8469     3.8466    27.7228    27.7354    6.08283    6.24695         19 0.0000e+00
      41623   1734.269    793.000     3.9063   3.274222     3.9059   3.275520      94.86     0.0152     2.6744     2.3935  1.9829617  1.1135532   48.60198  -45.46020    34.9002    34.9160     3.8476     3.8472    27.7228    27.7353    6.08576    6.24393         22 0.0000e+00
      41648   1735.286    792.000     3.9070   3.274231     3.9067   3.275551      67.86     0.0125     2.6750     2.3932  1.9806129  1.1135532   48.60198  -45.46020    34.9001    34.9160     3.8483     3.8481    27.7226    27.7353    6.08817    6.24076         27 0.0000e+00
      41674   1736.356    791.000     3.9076   3.274239     3.9075   3.275569      66.10     0.0123     2.6753     2.3928  1.9800558  1.1135532   48.60198  -45.46020    34.9001    34.9159     3.8490     3.8489    27.7225    27.7351    6.09093    6.23686         24 0.0000e+00
      41696   1737.278    790.000     3.9083   3.274256     3.9087   3.275629      95.01     0.0142     2.6755     2.3926  1.9810820  1.1137991   48.60198  -45.46020    34.9001    34.9159     3.8498     3.8502    27.7224    27.7350    6.09863    6.24241         20 0.0000e+00
      41715   1738.081    789.000     3.9095   3.274318     3.9095   3.275659      94.54     0.0108     2.6771     2.3929  1.9815547  1.1137462   48.60198  -45.46020    34.9000    34.9159     3.8511     3.8511    27.7223    27.7349    6.10449    6.24627         19 0.0000e+00
      41734   1738.870    788.000     3.9101   3.274335     3.9100   3.275654      19.87     0.0086     2.6774     2.3932  1.9816841  1.1138737   48.60199  -45.46020    34.9001    34.9158     3.8518     3.8516    27.7222    27.7348    6.09340    6.24895         19 0.0000e+00
      41756   1739.786    787.000     3.9106   3.274334     3.9103   3.275642      93.60     0.0091     2.6774     2.3939  1.9816393  1.1144747   48.60200  -45.46020    34.9001    34.9160     3.8523     3.8537    27.7222    27.7348    6.08549    6.25316         26 0.0000e+00
      41789   1741.151    786.000     3.9105   3.274293     3.9105   3.275614      72.50     0.0112     2.6774     2.3945  1.9814271  1.1146462   48.60200  -45.46022    34.9002    34.9159     3.8524     3.8535    27.7222    27.7347    6.09137    6.24766         38 0.0000e+00
      41820   1742.454    785.000     3.9110   3.274275     3.9108   3.275595      71.77     0.0106     2.6780     2.3952  1.9810368  1.1147778   48.60200  -45.46022    34.9000    34.9159     3.8529     3.8526    27.7220    27.7347    6.08864    6.25768         23 0.0000e+00
      41840   1743.297    784.000     3.9118   3.274314     3.9117   3.275633      95.76     0.0140     2.6778     2.3959  1.9829183  1.1147741   48.60200  -45.46022    34.9002    34.9159     3.8538     3.8536    27.7221    27.7346    6.09578    6.25150         19 0.0000e+00
      41858   1744.057    783.000     3.9132   3.274390     3.9130   3.275709      95.62     0.0145     2.6791     2.3959  1.9829060  1.1147741   48.60200  -45.46022    34.9001    34.9159     3.8552     3.8550    27.7219    27.7345    6.10053    6.24636         18 0.0000e+00
      41877   1744.838    782.000     3.9139   3.274422     3.9138   3.275729      19.77     0.0114     2.6795     2.3960  1.9824274  1.1147741   48.60200  -45.46022    34.9003    34.9159     3.8560     3.8559    27.7219    27.7344    6.09748    6.24773         20 0.0000e+00
      41899   1745.738    781.000     3.9148   3.274452     3.9145   3.275748      81.27     0.0113     2.6800     2.3961  1.9810239  1.1147741   48.60200  -45.46022    34.9001    34.9159     3.8570     3.8566    27.7217    27.7343    6.09964    6.24835         24 0.0000e+00
      41925   1746.829    780.000     3.9153   3.274445     3.9149   3.275742      42.53     0.0129     2.6802     2.3968  1.9809614  1.1147741   48.60200  -45.46022    34.9001    34.9159     3.8576     3.8588    27.7216    27.7342    6.08973    6.25530         27 0.0000e+00
      41951   1747.918    779.000     3.9155   3.274419     3.9154   3.275747      86.55     0.0154     2.6805     2.3976  1.9800719  1.1147741   48.60200  -45.46022    34.9000    34.9159     3.8579     3.8578    27.7216    27.7342    6.09500    6.25749         25 0.0000e+00
      41975   1748.905    778.000     3.9161   3.274428     3.9159   3.275740      93.97     0.0127     2.6808     2.3982  1.9798822  1.1147741   48.60200  -45.46022    34.9001    34.9159     3.8585     3.8583    27.7215    27.7341    6.09606    6.25444         23 0.0000e+00
      41999   1749.904    777.000     3.9165   3.274425     3.9162   3.275721      37.92     0.0103     2.6816     2.3984  1.9792509  1.1147741   48.60200  -45.46022    34.9001    34.9158     3.8590     3.8587    27.7215    27.7340    6.09950    6.25224         25 0.0000e+00
      42024   1750.949    776.000     3.9170   3.274421     3.9169   3.275741      94.70     0.0068     2.6816     2.3989  1.9799116  1.1147741   48.60200  -45.46022    34.9001    34.9159     3.8596     3.8594    27.7214    27.7340    6.09271    6.25705         24 0.0000e+00
      42047   1751.906    775.000     3.9177   3.274438     3.9178   3.275776      93.97     0.0099     2.6821     2.3993  1.9804139  1.1148303   48.60200  -45.46022    34.9000    34.9158     3.8604     3.8604    27.7213    27.7339    6.09282    6.25298         22 0.0000e+00
      42066   1752.727    774.000     3.9183   3.274444     3.9181   3.275762      26.96     0.0105     2.6819     2.3994  1.9801933  1.1149095   48.60200  -45.46022    34.9000    34.9158     3.8610     3.8608    27.7212    27.7338    6.09017    6.24928         18 0.0000e+00
      42085   1753.489    773.000     3.9186   3.274427     3.9183   3.275736      83.84     0.0148     2.6823     2.3995  1.9792303  1.1153909   48.60200  -45.46022    34.9000    34.9158     3.8614     3.8611    27.7211    27.7338    6.09249    6.25488         18 0.0000e+00
      42104   1754.279    772.000     3.9191   3.274437     3.9189   3.275745      95.74     0.0151     2.6824     2.4001  1.9792429  1.1153229   48.60200  -45.46022    34.9001    34.9159     3.8620     3.8617    27.7211    27.7338    6.09645    6.25970         20 0.0000e+00
      42126   1755.198    771.000     3.9203   3.274508     3.9198   3.275794      76.93     0.0142     2.6829     2.4008  1.9796777  1.1156496   48.60200  -45.46022    34.9002    34.9160     3.8633     3.8627    27.7211    27.7337    6.09735    6.25789         25 0.0000e+00
      42154   1756.385    770.000     3.9211   3.274524     3.9208   3.275836      64.71     0.0115     2.6837     2.4012  1.9798898  1.1159165   48.60200  -45.46022    34.9001    34.9159     3.8641     3.8666    27.7210    27.7336    6.09829    6.25621         32 0.0000e+00
      42186   1757.691    769.000     3.9220   3.274558     3.9218   3.275876      95.98     0.0092     2.6843     2.4016  1.9801316  1.1159537   48.60201  -45.46022    34.9001    34.9159     3.8651     3.8648    27.7208    27.7335    6.10121    6.25606         29 0.0000e+00
      42212   1758.784    768.000     3.9224   3.274560     3.9223   3.275880      33.23     0.0114     2.6848     2.4020  1.9804165  1.1159956   48.60201  -45.46022    34.9002    34.9159     3.8656     3.8674    27.7209    27.7334    6.09042    6.25403         24 0.0000e+00
      42233   1759.684    767.000     3.9227   3.274537     3.9226   3.275863      95.60     0.0093     2.6846     2.4020  1.9802206  1.1159952   48.60200  -45.46023    34.9001    34.9159     3.8660     3.8659    27.7208    27.7334    6.09232    6.25140         20 0.0000e+00
      42253   1760.484    766.000     3.9231   3.274532     3.9231   3.275857      95.61     0.0097     2.6847     2.4021  1.9801924  1.1159952   48.60201  -45.46024    34.9001    34.9159     3.8665     3.8664    27.7207    27.7333    6.09053    6.24900         18 0.0000e+00
      42271   1761.257    765.000     3.9240   3.274561     3.9238   3.275889      79.39     0.0135     2.6845     2.4019  1.9793642  1.1159952   48.60202  -45.46024    34.9001    34.9159     3.8674     3.8672    27.7206    27.7333    6.08611    6.24166         19 0.0000e+00
      42291   1762.101    764.000     3.9254   3.274665     3.9253   3.275990      41.98     0.0150     2.6843     2.4013  1.9792434  1.1159952   48.60202  -45.46024    34.9003    34.9161     3.8689     3.8688    27.7206    27.7332    6.08268    6.23897         22 0.0000e+00
      42316   1763.139    763.000     3.9265   3.274706     3.9264   3.276041      62.44     0.0140     2.6843     2.4012  1.9792429  1.1159952   48.60202  -45.46024    34.9002    34.9161     3.8700     3.8699    27.7204    27.7331    6.09142    6.24913         28 0.0000e+00
      42344   1764.298    762.000     3.9271   3.274720     3.9268   3.276030      56.48     0.0102     2.6848     2.4019  1.9795794  1.1159952   48.60202  -45.46024    34.9002    34.9160     3.8707     3.8704    27.7204    27.7330    6.09724    6.25335         26 0.0000e+00
      42368   1765.272    761.000     3.9273   3.274687     3.9272   3.276009      96.46     0.0123     2.6856     2.4024  1.9792356  1.1159952   48.60202  -45.46024    34.9001    34.9159     3.8711     3.8709    27.7202    27.7328    6.09822    6.25280         21 0.0000e+00
      42388   1766.117    760.000     3.9273   3.274632     3.9269   3.275918      93.22     0.0128     2.6862     2.4027  1.9792429  1.1159952   48.60202  -45.46024    34.8999    34.9157     3.8711     3.8706    27.7201    27.7327    6.09000    6.25747         20 0.0000e+00
      42409   1767.011    759.000     3.9268   3.274525     3.9263   3.275804      35.77     0.0113     2.6859     2.4036  1.9792429  1.1161965   48.60202  -45.46024    34.8998    34.9155     3.8706     3.8701    27.7201    27.7326    6.08830    6.25774         24 0.0000e+00
      42438   1768.208    758.000     3.9267   3.274464     3.9262   3.275751      94.56     0.0119     2.6859     2.4039  1.9792429  1.1164575   48.60202  -45.46024    34.8997    34.9155     3.8707     3.8701    27.7199    27.7326    6.08947    6.25168         34 0.0000e+00
      42471   1769.586    757.000     3.9273   3.274471     3.9268   3.275767      48.04     0.0157     2.6862     2.4041  1.9790139  1.1167502   48.60202  -45.46024    34.8996    34.9155     3.8713     3.8708    27.7198    27.7325    6.08526    6.25308         28 0.0000e+00
      42493   1770.516    756.000     3.9282   3.274516     3.9286   3.275882      83.54     0.0169     2.6857     2.4046  1.9789852  1.1168321   48.60202  -45.46024    34.8997    34.9155     3.8723     3.8750    27.7198    27.7324    6.08648    6.25418         19 0.0000e+00
      42511   1771.248    755.000     3.9288   3.274530     3.9292   3.275908      95.56     0.0144     2.6864     2.4046  1.9780965  1.1171433   48.60202  -45.46024    34.8998    34.9156     3.8730     3.8734    27.7198    27.7324    6.09888    6.25042         17 0.0000e+00
      42527   1771.918    754.000     3.9294   3.274547     3.9298   3.275924      95.64     0.0125     2.6873     2.4048  1.9780240  1.1168431   48.60202  -45.46024    34.8999    34.9157     3.8737     3.8741    27.7198    27.7324    6.09936    6.25007         16 0.0000e+00
      42543   1772.599    753.000     3.9301   3.274565     3.9301   3.275910      38.31     0.0127     2.6873     2.4047  1.9780220  1.1170635   48.60202  -45.46024    34.8999    34.9158     3.8744     3.8745    27.7198    27.7324    6.09441    6.24632         17 0.0000e+00
      42562   1773.375    752.000     3.9307   3.274576     3.9307   3.275912      69.45     0.0118     2.6881     2.4047  1.9783190  1.1170341   48.60202  -45.46024    34.8999    34.9157     3.8751     3.8751    27.7197    27.7323    6.09419    6.24585         20 0.0000e+00
      42589   1774.510    751.000     3.9308   3.274554     3.9310   3.275884      94.41     0.0116     2.6882     2.4047  1.9783596  1.1171430   48.60204  -45.46024    34.9000    34.9156     3.8753     3.8755    27.7197    27.7321    6.09450    6.24578         36 0.0000e+00
      42629   1776.152    750.000     3.9320   3.274595     3.9313   3.275875      34.94     0.0102     2.6893     2.4048  1.9783062  1.1172202   48.60204  -45.46025    34.8998    34.9157     3.8765     3.8758    27.7194    27.7322    6.09885    6.24574         34 0.0000e+00
      42654   1777.228    749.000     3.9329   3.274651     3.9340   3.276071      81.14     0.0100     2.6896     2.4047  1.9781353  1.1169795   48.60204  -45.46026    34.9000    34.9157     3.8776     3.8786    27.7195    27.7319    6.09361    6.24445         21 0.0000e+00
      42674   1778.040    748.000     3.9345   3.274755     3.9344   3.276079      25.19     0.0118     2.6902     2.4049  1.9782276  1.1169438   48.60204  -45.46026    34.9000    34.9158     3.8792     3.8791    27.7194    27.7319    6.09180    6.24361         18 0.0000e+00
      42691   1778.759    747.000     3.9349   3.274745     3.9346   3.276044      86.84     0.0124     2.6897     2.4049  1.9780922  1.1171467   48.60204  -45.46026    34.9000    34.9157     3.8797     3.8794    27.7193    27.7318    6.08098    6.24333         17 0.0000e+00
      42709   1779.482    746.000     3.9362   3.274814     3.9362   3.276155      85.81     0.0134     2.6890     2.4052  1.9781579  1.1172163   48.60204  -45.46026    34.9000    34.9159     3.8810     3.8810    27.7192    27.7318    6.08301    6.24836         18 0.0000e+00
      42728   1780.307    745.000     3.9381   3.274977     3.9383   3.276326      65.13     0.0125     2.6897     2.4054  1.9780777  1.1172161   48.60204  -45.46026    34.9004    34.9162     3.8830     3.8832    27.7193    27.7318    6.09154    6.24766         23 0.0000e+00
      42755   1781.412    744.000     3.9388   3.274997     3.9391   3.276366      66.38     0.0130     2.6900     2.4060  1.9791363  1.1172161   48.60204  -45.46026    34.9005    34.9163     3.8838     3.8841    27.7192    27.7318    6.09514    6.24970         30 0.0000e+00
