data/CTD/2013/CNV/U021A032.CNV
* Sea-Bird SBE 9 Data File:
* FileName = C:\CTD_ACQUISITION\2013021HUD\ctddata\021A032.hdr
* Software Version Seasave V 7.22.2
* Temperature SN = 5081
* Conductivity SN = 3561
* Number of Bytes Per Scan = 37
* Number of Voltage Words = 4
* Number of Scans Averaged by the Deck Unit = 1
* NMEA Latitude = 48 09.81 N
* NMEA Longitude = 046 24.25 W
* NMEA UTC (Time) = Jul 03 2013 07:29:28
* NMEA baud rate = 9600
** Ship: Hudson
** Cruise: HUD2013021
** Chief_Scientist: Greenan
** Organization: BIO
** Area_of_Operation: Sackville Spur
** Station: 32
** Sounding:  1141
** Event_Comments: SS14  393149
# nquan = 25
# nvalues = 1127                        
# units = specified
# name 0 = scan: Scan Count
# name 1 = timeS: Time, Elapsed [seconds]
# name 2 = prDM: Pressure, Digiquartz [db]
# name 3 = t068C: Temperature [ITS-68, deg C]
# name 4 = c0S/m: Conductivity [S/m]
# name 5 = t168C: Temperature, 2 [ITS-68, deg C]
# name 6 = c1S/m: Conductivity, 2 [S/m]
# name 7 = altM: Altimeter [m]
# name 8 = flCUVA: Fluorescence, Chelsea UV Aquatracka [ug/l]
# name 9 = sbeox0V: Oxygen raw, SBE 43 [V]
# name 10 = sbeox1V: Oxygen raw, SBE 43, 2 [V]
# name 11 = upoly0: Upoly 0, Optode 4330F - O2 D-Phase
# name 12 = upoly1: Upoly 1, Optode 4330F - O2 Temp
# name 13 = latitude: Latitude [deg]
# name 14 = longitude: Longitude [deg]
# name 15 = sal00: Salinity, Practical [PSU]
# name 16 = sal11: Salinity, Practical, 2 [PSU]
# name 17 = potemp068C: Potential Temperature [ITS-68, deg C]
# name 18 = potemp168C: Potential Temperature, 2 [ITS-68, deg C]
# name 19 = sigma-é00: Density [sigma-theta, Kg/m^3]
# name 20 = sigma-é11: Density, 2 [sigma-theta, Kg/m^3]
# name 21 = sbeox0ML/L: Oxygen, SBE 43 [ml/l], WS = 2
# name 22 = sbeox1ML/L: Oxygen, SBE 43, 2 [ml/l], WS = 2
# name 23 = nbin: number of scans per bin
# name 24 = flag: flag
# span 0 =      41520,      77106       
# span 1 =   1729.963,   3212.718       
# span 2 =      1.000,   1127.000       
# span 3 =     0.8110,     6.1260       
# span 4 =   2.866988,   3.280009       
# span 5 =     0.7928,     6.1231       
# span 6 =   2.866470,   3.281393       
# span 7 =       2.81,     102.61       
# span 8 =     0.0068,     0.4268       
# span 9 =     2.5320,     3.5196       
# span 10 =     2.2769,     3.1282      
# span 11 =  1.7210933,  2.0248958      
# span 12 =  0.7508452,  1.3891065      
# span 13 =   48.16330,   48.16392      
# span 14 =  -46.40810,  -46.40682      
# span 15 =    33.0085,    34.9111      
# span 16 =    33.0250,    34.9275      
# span 17 =     0.8093,     6.1251      
# span 18 =     0.7910,     6.1221      
# span 19 =    25.9656,    27.7491      
# span 20 =    25.9786,    27.7623      
# span 21 =    5.92990,    8.51257      
# span 22 =    6.13773,    8.66459      
# span 23 =          9,        468      
# span 24 = 0.0000e+00, 0.0000e+00      
# interval = decibars: 1                
# start_time = Jul 03 2013 07:29:28 [NMEA time, header]
# bad_flag = -9.990e-29
*END*
[from data line 174]
      47837   1993.183    953.000     3.8311   3.274875     3.8306   3.276202      96.25     0.0186     2.6052     2.3294  1.9999655  1.1034838   48.16366  -46.40760    34.9049    34.9212     3.7600     3.7594    27.7354    27.7485    6.01916    6.17430         22 0.0000e+00
      47913   1996.352    952.000     3.8304   3.274777     3.8295   3.276075      74.84     0.0149     2.6069     2.3308  2.0022247  1.1034073   48.16366  -46.40760    34.9050    34.9213     3.7594     3.7584    27.7356    27.7487    6.02331    6.18644         93 0.0000e+00
      47949   1997.825    951.000     3.8307   3.274732     3.8297   3.276025      84.27     0.0139     2.6073     2.3315  2.0019712  1.1029418   48.16366  -46.40761    34.9046    34.9210     3.7597     3.7587    27.7353    27.7484    6.02421    6.18427         13 0.0000e+00
      47961   1998.328    950.000     3.8308   3.274715     3.8300   3.276017      84.85     0.0145     2.6076     2.3319  2.0012290  1.1027877   48.16366  -46.40762    34.9048    34.9211     3.7599     3.7591    27.7354    27.7485    6.02072    6.18468         11 0.0000e+00
      47971   1998.764    949.000     3.8312   3.274691     3.8305   3.276009      96.06     0.0142     2.6078     2.3319  2.0012209  1.1025673   48.16366  -46.40762    34.9046    34.9210     3.7604     3.7597    27.7352    27.7483    6.01981    6.18573         10 0.0000e+00
      47981   1999.171    948.000     3.8317   3.274677     3.8309   3.276006      96.14     0.0139     2.6069     2.3320  2.0009468  1.1027012   48.16366  -46.40762    34.9045    34.9211     3.7609     3.7601    27.7350    27.7483    6.01540    6.18310          9 0.0000e+00
      47991   1999.575    947.000     3.8318   3.274654     3.8312   3.275984      94.09     0.0137     2.6082     2.3327  2.0009775  1.1026858   48.16366  -46.40762    34.9046    34.9211     3.7611     3.7605    27.7351    27.7483    6.01428    6.18219         10 0.0000e+00
      48001   1999.985    946.000     3.8321   3.274626     3.8313   3.275955      96.01     0.0131     2.6077     2.3320  2.0020907  1.1033050   48.16366  -46.40760    34.9046    34.9211     3.7615     3.7607    27.7350    27.7482    6.01677    6.17642         10 0.0000e+00
      48011   2000.432    945.000     3.8321   3.274590     3.8315   3.275915      95.88     0.0126     2.6070     2.3322  2.0024381  1.1034778   48.16366  -46.40760    34.9046    34.9210     3.7616     3.7609    27.7350    27.7482    6.00983    6.17477         12 0.0000e+00
      48024   2000.973    944.000     3.8320   3.274550     3.8314   3.275869      95.49     0.0104     2.6076     2.3322  2.0024421  1.1035380   48.16366  -46.40760    34.9048    34.9210     3.7615     3.7610    27.7352    27.7481    6.01901    6.17742         15 0.0000e+00
      48104   2004.286    943.000     3.8314   3.274459     3.8308   3.275791      88.17     0.0140     2.6091     2.3336  2.0009215  1.1032981   48.16366  -46.40761    34.9048    34.9212     3.7610     3.7610    27.7353    27.7484    6.02371    6.18692        123 0.0000e+00
      48164   2006.797    942.000     3.8317   3.274415     3.8310   3.275738      95.23     0.0136     2.6102     2.3347  2.0024447  1.1027066   48.16366  -46.40762    34.9045    34.9209     3.7614     3.7607    27.7349    27.7481    6.02880    6.19096         17 0.0000e+00
      48179   2007.428    941.000     3.8317   3.274370     3.8309   3.275687      96.23     0.0146     2.6109     2.3351  2.0024421  1.1026522   48.16366  -46.40762    34.9045    34.9209     3.7615     3.7607    27.7350    27.7481    6.03360    6.18639         14 0.0000e+00
      48192   2007.969    940.000     3.8318   3.274343     3.8312   3.275674      95.90     0.0140     2.6118     2.3351  2.0010448  1.1032645   48.16364  -46.40762    34.9046    34.9209     3.7617     3.7611    27.7350    27.7481    6.03209    6.18199         12 0.0000e+00
      48204   2008.445    939.000     3.8323   3.274340     3.8320   3.275697      96.21     0.0145     2.6116     2.3350  2.0005682  1.1037707   48.16364  -46.40762    34.9045    34.9209     3.7623     3.7620    27.7349    27.7480    6.02248    6.18264         11 0.0000e+00
      48214   2008.882    938.000     3.8341   3.274460     3.8348   3.275903      96.25     0.0151     2.6118     2.3351  2.0001359  1.1037852   48.16364  -46.40762    34.9045    34.9209     3.7642     3.7648    27.7347    27.7477    6.02159    6.18272         10 0.0000e+00
      48224   2009.301    937.000     3.8375   3.274707     3.8379   3.276154      95.82     0.0181     2.6113     2.3355  2.0005968  1.1036664   48.16364  -46.40762    34.9044    34.9211     3.7675     3.7680    27.7343    27.7475    6.02308    6.18472         10 0.0000e+00
      48234   2009.722    936.000     3.8398   3.274884     3.8399   3.276288      95.46     0.0206     2.6120     2.3352  2.0006104  1.1037830   48.16364  -46.40762    34.9045    34.9210     3.7700     3.7701    27.7341    27.7473    6.02457    6.18264         10 0.0000e+00
      48245   2010.166    935.000     3.8414   3.274978     3.8416   3.276386      96.09     0.0180     2.6121     2.3356  2.0014424  1.1038960   48.16364  -46.40762    34.9045    34.9210     3.7716     3.7718    27.7340    27.7471    6.02644    6.18389         11 0.0000e+00
      48257   2010.661    934.000     3.8423   3.275029     3.8429   3.276466      96.25     0.0150     2.6123     2.3359  2.0012236  1.1041578   48.16364  -46.40762    34.9046    34.9211     3.7726     3.7731    27.7339    27.7470    6.01701    6.18243         13 0.0000e+00
      48273   2011.353    933.000     3.8427   3.275040     3.8440   3.276534      96.22     0.0124     2.6121     2.3358  2.0012696  1.1043029   48.16364  -46.40762    34.9048    34.9212     3.7731     3.7743    27.7341    27.7470    6.01774    6.17585         23 0.0000e+00
      48358   2014.894    932.000     3.8411   3.274847     3.8382   3.275979      93.21     0.0144     2.6129     2.3368  2.0005310  1.1051191   48.16364  -46.40763    34.9048    34.9211     3.7716     3.7727    27.7342    27.7474    6.02223    6.18704         39 0.0000e+00
      48404   2016.809    931.000     3.8402   3.274712     3.8382   3.275903      78.39     0.0172     2.6118     2.3377  2.0004680  1.1048179   48.16364  -46.40764    34.9046    34.9209     3.7708     3.7687    27.7341    27.7473    6.01990    6.19515         13 0.0000e+00
      48417   2017.333    930.000     3.8407   3.274702     3.8385   3.275888      96.15     0.0176     2.6127     2.3386  2.0006573  1.1050060   48.16364  -46.40764    34.9046    34.9209     3.7713     3.7691    27.7340    27.7473    6.03175    6.20330         13 0.0000e+00
      48430   2017.873    929.000     3.8415   3.274729     3.8388   3.275878      96.21     0.0158     2.6138     2.3394  2.0003767  1.1050061   48.16364  -46.40764    34.9045    34.9210     3.7722     3.7695    27.7339    27.7473    6.03023    6.20313         13 0.0000e+00
      48444   2018.443    928.000     3.8432   3.274864     3.8409   3.276021      95.97     0.0154     2.6130     2.3398  1.9999962  1.1052704   48.16364  -46.40764    34.9048    34.9209     3.7740     3.7717    27.7339    27.7470    6.02802    6.19464         14 0.0000e+00
      48459   2019.064    927.000     3.8470   3.275149     3.8474   3.276565      96.20     0.0145     2.6149     2.3400  2.0001531  1.1053115   48.16364  -46.40764    34.9047    34.9210     3.7778     3.7783    27.7335    27.7464    6.03653    6.18844         16 0.0000e+00
      48475   2019.766    926.000     3.8487   3.275266     3.8508   3.276828      96.16     0.0152     2.6149     2.3400  2.0000012  1.1050757   48.16364  -46.40764    34.9048    34.9211     3.7796     3.7816    27.7334    27.7462    6.02564    6.18385         18 0.0000e+00
      48494   2020.543    925.000     3.8507   3.275386     3.8521   3.276914      96.11     0.0163     2.6152     2.3399  2.0001287  1.1048774   48.16364  -46.40764    34.9047    34.9213     3.7816     3.7830    27.7331    27.7461    6.02530    6.17955         19 0.0000e+00
      48513   2021.338    924.000     3.8521   3.275481     3.8539   3.277021      96.20     0.0133     2.6160     2.3397  2.0001931  1.1050068   48.16364  -46.40766    34.9048    34.9212     3.7831     3.7849    27.7330    27.7459    6.03196    6.18059         19 0.0000e+00
      48532   2022.111    923.000     3.8540   3.275604     3.8568   3.277214      96.20     0.0151     2.6167     2.3399  2.0009501  1.1060159   48.16364  -46.40766    34.9048    34.9209     3.7851     3.7878    27.7328    27.7453    6.03082    6.18510         19 0.0000e+00
      48553   2022.989    922.000     3.8566   3.275786     3.8582   3.277294      95.44     0.0158     2.6169     2.3403  2.0009761  1.1062162   48.16364  -46.40766    34.9047    34.9208     3.7877     3.7894    27.7325    27.7451    6.02604    6.19053         25 0.0000e+00
      48636   2026.443    921.000     3.8484   3.275019     3.8492   3.276470      80.97     0.0103     2.6186     2.3426  1.9991850  1.1061645   48.16361  -46.40766    34.9048    34.9211     3.7797     3.7805    27.7333    27.7463    6.03581    6.19623         86 0.0000e+00
      48660   2027.466    920.000     3.8524   3.275313     3.8504   3.276507      96.17     0.0142     2.6202     2.3427  2.0007105  1.1062278   48.16362  -46.40766    34.9045    34.9208     3.7838     3.7818    27.7327    27.7459    6.04577    6.19029         14 0.0000e+00
      48673   2028.001    919.000     3.8524   3.275271     3.8518   3.276593      95.93     0.0148     2.6204     2.3428  2.0003753  1.1059451   48.16362  -46.40766    34.9045    34.9208     3.7839     3.7832    27.7327    27.7458    6.04228    6.18779         13 0.0000e+00
      48685   2028.512    918.000     3.8572   3.275630     3.8565   3.276952      96.24     0.0149     2.6207     2.3426  1.9998065  1.1062223   48.16362  -46.40766    34.9043    34.9207     3.7887     3.7879    27.7320    27.7452    6.03171    6.18011         12 0.0000e+00
      48698   2029.022    917.000     3.8606   3.275878     3.8603   3.277235      96.24     0.0143     2.6208     2.3426  2.0000002  1.1062272   48.16364  -46.40768    34.9041    34.9205     3.7922     3.7918    27.7315    27.7446    6.03196    6.18180         12 0.0000e+00
      48710   2029.559    916.000     3.8619   3.275951     3.8615   3.277305      96.22     0.0138     2.6211     2.3424  2.0000000  1.1059672   48.16364  -46.40768    34.9041    34.9206     3.7935     3.7931    27.7314    27.7445    6.02517    6.18097         14 0.0000e+00
      48725   2030.161    915.000     3.8625   3.275978     3.8622   3.277324      96.23     0.0147     2.6207     2.3424  1.9989036  1.1062161   48.16364  -46.40768    34.9043    34.9206     3.7943     3.7938    27.7314    27.7445    6.03105    6.18608         16 0.0000e+00
      48743   2030.912    914.000     3.8633   3.275991     3.8629   3.277337      96.23     0.0150     2.6215     2.3429  1.9987816  1.1062272   48.16363  -46.40768    34.9042    34.9205     3.7950     3.7947    27.7313    27.7443    6.03299    6.19381         20 0.0000e+00
      48767   2031.904    913.000     3.8629   3.275923     3.8630   3.277303      96.24     0.0143     2.6215     2.3438  1.9981986  1.1068521   48.16362  -46.40768    34.9043    34.9205     3.7948     3.7949    27.7314    27.7443    6.03071    6.20071         27 0.0000e+00
      48796   2033.116    912.000     3.8617   3.275776     3.8623   3.277200      95.98     0.0154     2.6221     2.3451  1.9976341  1.1074538   48.16362  -46.40767    34.9043    34.9205     3.7937     3.7942    27.7315    27.7444    6.03435    6.20283         30 0.0000e+00
      48825   2034.325    911.000     3.8610   3.275671     3.8606   3.277013      95.91     0.0146     2.6231     2.3462  1.9978511  1.1074481   48.16362  -46.40767    34.9043    34.9206     3.7930     3.7926    27.7316    27.7446    6.03910    6.20045         29 0.0000e+00
      48858   2035.712    910.000     3.8620   3.275721     3.8641   3.277261      96.23     0.0166     2.6238     2.3468  1.9976878  1.1078441   48.16362  -46.40767    34.9043    34.9204     3.7942     3.7962    27.7315    27.7441    6.03866    6.20043         39 0.0000e+00
      48896   2037.301    909.000     3.8630   3.275756     3.8648   3.277280      96.24     0.0168     2.6244     2.3479  1.9975501  1.1083437   48.16362  -46.40768    34.9042    34.9204     3.7952     3.7970    27.7313    27.7440    6.03738    6.20776         31 0.0000e+00
      48920   2038.302    908.000     3.8652   3.275887     3.8671   3.277424      96.23     0.0179     2.6252     2.3489  1.9976838  1.1086797   48.16362  -46.40768    34.9039    34.9202     3.7975     3.7993    27.7309    27.7436    6.04623    6.21301         20 0.0000e+00
      48938   2039.051    907.000     3.8680   3.276073     3.8686   3.277515      96.23     0.0175     2.6258     2.3498  1.9975564  1.1086692   48.16362  -46.40768    34.9038    34.9201     3.8003     3.8009    27.7304    27.7434    6.04165    6.20789         17 0.0000e+00
      48954   2039.720    906.000     3.8698   3.276200     3.8696   3.277554      96.13     0.0138     2.6262     2.3498  1.9972268  1.1086692   48.16362  -46.40768    34.9039    34.9200     3.8021     3.8020    27.7303    27.7432    6.04179    6.19886         15 0.0000e+00
      48970   2040.357    905.000     3.8706   3.276241     3.8703   3.277584      96.24     0.0104     2.6265     2.3498  1.9958724  1.1085157   48.16362  -46.40768    34.9040    34.9202     3.8031     3.8028    27.7303    27.7433    6.04440    6.19694         16 0.0000e+00
      48985   2041.007    904.000     3.8712   3.276240     3.8709   3.277585      96.23     0.0103     2.6270     2.3497  1.9961779  1.1086659   48.16362  -46.40768    34.9039    34.9201     3.8037     3.8034    27.7302    27.7431    6.04798    6.19760         16 0.0000e+00
      49003   2041.741    903.000     3.8717   3.276244     3.8714   3.277591      96.23     0.0140     2.6278     2.3499  1.9960964  1.1086692   48.16361  -46.40768    34.9039    34.9202     3.8043     3.8040    27.7301    27.7431    6.02771    6.20014         20 0.0000e+00
      49028   2042.809    902.000     3.8720   3.276231     3.8718   3.277579      96.21     0.0155     2.6266     2.3501  1.9962507  1.1086692   48.16361  -46.40769    34.9039    34.9201     3.8047     3.8045    27.7301    27.7430    6.02473    6.19346         35 0.0000e+00
      49073   2044.665    901.000     3.8718   3.276165     3.8706   3.277433      96.22     0.0100     2.6257     2.3498  1.9951605  1.1086692   48.16362  -46.40770    34.9039    34.9201     3.8046     3.8034    27.7301    27.7432    6.02547    6.19658         41 0.0000e+00
      49479   2061.569    900.000     3.8729   3.276216     3.8723   3.277539      96.07     0.0162     2.6294     2.3522  1.9944389  1.1101760   48.16360  -46.40772    34.9039    34.9201     3.8057     3.8052    27.7300    27.7429    6.04217    6.20273        230 0.0000e+00
      49821   2075.828    899.000     3.8735   3.276222     3.8730   3.277549      86.54     0.0113     2.6291     2.3535  1.9946417  1.1099473   48.16360  -46.40773    34.9038    34.9201     3.8064     3.8059    27.7298    27.7428    6.04492    6.20989        136 0.0000e+00
      49850   2077.062    898.000     3.8738   3.276187     3.8731   3.277502      96.17     0.0140     2.6314     2.3539  1.9938903  1.1098899   48.16360  -46.40774    34.9036    34.9199     3.8068     3.8061    27.7296    27.7427    6.04941    6.20993         15 0.0000e+00
      49864   2077.611    897.000     3.8740   3.276163     3.8734   3.277483      95.89     0.0179     2.6313     2.3538  1.9942038  1.1098901   48.16360  -46.40774    34.9036    34.9199     3.8071     3.8064    27.7296    27.7427    6.04686    6.20824         12 0.0000e+00
