data/CTD/2013/CNV/U021A054.CNV
* Sea-Bird SBE 9 Data File:
* FileName = C:\CTD_ACQUISITION\2013021HUD\ctddata\021A054.hdr
* Software Version Seasave V 7.22.2
* Temperature SN = 5081
* Conductivity SN = 3561
* Number of Bytes Per Scan = 37
* Number of Voltage Words = 4
* Number of Scans Averaged by the Deck Unit = 1
* NMEA Latitude = 48 42.08 N
* NMEA Longitude = 045 35.44 W
* NMEA UTC (Time) = Jul 05 2013 06:47:39
* NMEA baud rate = 9600
** Ship: Hudson
** Cruise: HUD2013021
** Chief_Scientist: Greenan
** Organization: BIO
** Area_of_Operation: Sackville Spur
** Station: 54
** Sounding:  1200
** Event_Comments: SS23  393217
# nquan = 25
# nvalues = 1114                        
# units = specified
# name 0 = scan: Scan Count
# name 1 = timeS: Time, Elapsed [seconds]
# name 2 = prDM: Pressure, Digiquartz [db]
# name 3 = t068C: Temperature [ITS-68, deg C]
# name 4 = c0S/m: Conductivity [S/m]
# name 5 = t168C: Temperature, 2 [ITS-68, deg C]
# name 6 = c1S/m: Conductivity, 2 [S/m]
# name 7 = altM: Altimeter [m]
# name 8 = flCUVA: Fluorescence, Chelsea UV Aquatracka [ug/l]
# name 9 = sbeox0V: Oxygen raw, SBE 43 [V]
# name 10 = sbeox1V: Oxygen raw, SBE 43, 2 [V]
# name 11 = upoly0: Upoly 0, Optode 4330F - O2 D-Phase
# name 12 = upoly1: Upoly 1, Optode 4330F - O2 Temp
# name 13 = latitude: Latitude [deg]
# name 14 = longitude: Longitude [deg]
# name 15 = sal00: Salinity, Practical [PSU]
# name 16 = sal11: Salinity, Practical, 2 [PSU]
# name 17 = potemp068C: Potential Temperature [ITS-68, deg C]
# name 18 = potemp168C: Potential Temperature, 2 [ITS-68, deg C]
# name 19 = sigma-é00: Density [sigma-theta, Kg/m^3]
# name 20 = sigma-é11: Density, 2 [sigma-theta, Kg/m^3]
# name 21 = sbeox0ML/L: Oxygen, SBE 43 [ml/l], WS = 2
# name 22 = sbeox1ML/L: Oxygen, SBE 43, 2 [ml/l], WS = 2
# name 23 = nbin: number of scans per bin
# name 24 = flag: flag
# span 0 =      34084,      57535       
# span 1 =   1420.138,   2397.239       
# span 2 =      1.000,   1114.000       
# span 3 =     1.3010,     6.9018       
# span 4 =   2.914696,   3.381934       
# span 5 =     1.1994,     6.8916       
# span 6 =   2.906219,   3.382613       
# span 7 =       6.03,      98.16       
# span 8 =     0.0045,     0.5419       
# span 9 =     2.5227,     3.4310       
# span 10 =     2.2682,     3.0833      
# span 11 =  1.7212008,  2.0325383      
# span 12 =  0.8253969,  1.4493769      
# span 13 =   48.70238,   48.70426      
# span 14 =  -45.59200,  -45.59074      
# span 15 =    33.4518,    34.9146      
# span 16 =    33.5025,    34.9309      
# span 17 =     1.3001,     6.9017      
# span 18 =     1.1984,     6.8915      
# span 19 =    26.2394,    27.7566      
# span 20 =    26.2540,    27.7696      
# span 21 =    5.89553,    8.36314      
# span 22 =    6.07223,    8.52356      
# span 23 =         12,        200      
# span 24 = 0.0000e+00, 0.0000e+00      
# interval = decibars: 1                
# start_time = Jul 05 2013 06:47:39 [NMEA time, header]
# bad_flag = -9.990e-29
*END*
[from data line 1102]
      56732   2363.784     12.000     3.3628   3.075117     4.0954   3.141249      93.30     0.4228     3.4046     3.0364  1.8634931  0.9015728   48.70418  -45.59118    33.5041    33.5394     3.3620     4.0946    26.6582    26.6144    7.54421    7.56660         27 0.0000e+00
      56757   2364.836     11.000     3.7460   3.106832     5.0044   3.217245      46.30     0.3874     3.3955     3.0359  1.8556436  0.9160756   48.70418  -45.59118    33.4898    33.5053     3.7453     5.0036    26.6099    26.4896    7.46489    7.43350         24 0.0000e+00
      56780   2365.772     10.000     4.8541   3.200815     5.8204   3.290847      85.24     0.3852     3.3899     3.0369  1.8337481  0.9357574   48.70418  -45.59118    33.4757    33.5305     4.8450     5.8196    26.4840    26.4139    7.28491    7.27298         22 0.0000e+00
      56802   2366.688      9.000     5.2857   3.242850     5.8878   3.297715      90.40     0.4023     3.3888     3.0348  1.8231957  0.9460412   48.70418  -45.59118    33.5187    33.5417     5.2848     5.8871    26.4683    26.4145    7.20856    7.23446         23 0.0000e+00
      56827   2367.767      8.000     5.6521   3.276421     5.8719   3.294732      41.52     0.3810     3.3858     3.0313  1.7954860  1.0275120   48.70418  -45.59118    33.5357    33.5250     5.6515     5.8713    26.4384    26.4027    7.12900    7.20029         30 0.0000e+00
      56862   2369.195      7.000     5.8015   3.288770     5.8526   3.293458      70.76     0.3624     3.3814     3.0190  1.7817822  1.0926781   48.70420  -45.59118    33.5274    33.5296     5.8010     5.8520    26.4138    26.4093    7.02431    7.08028         36 0.0000e+00
      56894   2370.552      6.000     5.9542   3.301584     6.1227   3.316627      21.46     0.3216     3.3582     2.9934  1.7878022  1.1518635   48.70420  -45.59118    33.5209    33.5232     5.9537     6.1222    26.3898    26.3706    6.89745    6.97425         29 0.0000e+00
      56924   2371.791      5.000     6.1303   3.310880     6.4132   3.340656      89.97     0.2805     3.3576     2.9952  1.7750335  1.1873286   48.70420  -45.59118    33.4518    33.5056     6.1299     6.4128    26.3132    26.3196    7.09032    7.17346         31 0.0000e+00
      56956   2373.115      4.000     6.3576   3.335571     6.6050   3.359423      83.88     0.2775     3.3757     3.0141  1.7666254  1.2104114   48.70420  -45.59118    33.5042    33.5261     6.3573     6.6047    26.3257    26.3108    7.04523    7.11394         31 0.0000e+00
      56988   2374.444      3.000     6.5282   3.350788     6.8129   3.377060      71.90     0.2749     3.3710     3.0067  1.7549229  1.2220073   48.70420  -45.59118    33.5062    33.5178     6.5280     6.8127    26.3052    26.2767    6.89863    6.95962         36 0.0000e+00
      57325   2388.485      2.000     6.6989   3.364311     6.5550   3.353598      41.35     0.2810     3.3552     2.9964  1.7275215  1.4161774   48.70424  -45.59117    33.4880    33.5117     6.6988     6.5548    26.2681    26.3056    6.89008    7.03956        200 0.0000e+00
      57535   2397.240      1.000     6.9018   3.381934     6.8916   3.382613       7.46     0.2802 -9.990e-29 -9.990e-29  1.7212007  1.4493769   48.70427  -45.59117    33.4857    33.5025     6.9017     6.8915    26.2394    26.2540 -9.990e-29 -9.990e-29         96 0.0000e+00
