data/CTD/2013/CNV/U021A017.CNV
* Sea-Bird SBE 9 Data File:
* FileName = C:\CTD_ACQUISITION\2013021HUD\ctddata\021A017.hdr
* Software Version Seasave V 7.22.2
* Temperature SN = 5081
* Conductivity SN = 3561
* Number of Bytes Per Scan = 37
* Number of Voltage Words = 4
* Number of Scans Averaged by the Deck Unit = 1
* NMEA Latitude = 46 59.99 N
* NMEA Longitude = 046 50.02 W
* NMEA UTC (Time) = Jul 02 2013 02:27:57
* NMEA baud rate = 9600
** Ship: Hudson
** Cruise: HUD2013021
** Chief_Scientist: Greenan
** Organization: BIO
** Area_of_Operation: Sackville Spur
** Station: 17
** Sounding:  1194
** Event_Comments: FC18  393121
# nquan = 25
# nvalues = 1183                        
# units = specified
# name 0 = scan: Scan Count
# name 1 = timeS: Time, Elapsed [seconds]
# name 2 = prDM: Pressure, Digiquartz [db]
# name 3 = t068C: Temperature [ITS-68, deg C]
# name 4 = c0S/m: Conductivity [S/m]
# name 5 = t168C: Temperature, 2 [ITS-68, deg C]
# name 6 = c1S/m: Conductivity, 2 [S/m]
# name 7 = altM: Altimeter [m]
# name 8 = flCUVA: Fluorescence, Chelsea UV Aquatracka [ug/l]
# name 9 = sbeox0V: Oxygen raw, SBE 43 [V]
# name 10 = sbeox1V: Oxygen raw, SBE 43, 2 [V]
# name 11 = upoly0: Upoly 0, Optode 4330F - O2 D-Phase
# name 12 = upoly1: Upoly 1, Optode 4330F - O2 Temp
# name 13 = latitude: Latitude [deg]
# name 14 = longitude: Longitude [deg]
# name 15 = sal00: Salinity, Practical [PSU]
# name 16 = sal11: Salinity, Practical, 2 [PSU]
# name 17 = potemp068C: Potential Temperature [ITS-68, deg C]
# name 18 = potemp168C: Potential Temperature, 2 [ITS-68, deg C]
# name 19 = sigma-é00: Density [sigma-theta, Kg/m^3]
# name 20 = sigma-é11: Density, 2 [sigma-theta, Kg/m^3]
# name 21 = sbeox0ML/L: Oxygen, SBE 43 [ml/l], WS = 2
# name 22 = sbeox1ML/L: Oxygen, SBE 43, 2 [ml/l], WS = 2
# name 23 = nbin: number of scans per bin
# name 24 = flag: flag
# span 0 =      38607,      64877       
# span 1 =   1608.603,   2703.183       
# span 2 =      1.000,   1183.000       
# span 3 =     1.0206,     6.1403       
# span 4 =   2.864182,   3.326083       
# span 5 =     0.9691,     6.1389       
# span 6 =   2.862651,   3.327889       
# span 7 =       2.83,     101.85       
# span 8 =     0.0053,     0.3591       
# span 9 =     2.4905,     3.3921       
# span 10 =     2.2391,     3.0389      
# span 11 =  1.7298642,  2.0419851      
# span 12 =  0.8198081,  1.3909911      
# span 13 =   46.99946,   46.99999      
# span 14 =  -46.83420,  -46.83342      
# span 15 =    32.7811,    34.9174      
# span 16 =    32.7970,    34.9329      
# span 17 =     1.0183,     6.1402      
# span 18 =     0.9668,     6.1388      
# span 19 =    25.7824,    27.7579      
# span 20 =    25.7951,    27.7708      
# span 21 =    5.62687,    8.42792      
# span 22 =    5.76299,    8.66923      
# span 23 =         11,        139      
# span 24 = 0.0000e+00, 0.0000e+00      
# interval = decibars: 1                
# start_time = Jul 02 2013 02:27:57 [NMEA time, header]
# bad_flag = -9.990e-29
*END*
[from data line 696]
      53970   2248.693    487.000     4.0566   3.271545     4.0555   3.272744      96.74     0.0091     2.7885     2.4868  1.9548725  1.1330892   46.99958  -46.83404    34.8698    34.8852     4.0211     4.0200    27.6805    27.6929    6.15058    6.27662         24 0.0000e+00
      53990   2249.540    486.000     4.0582   3.271629     4.0597   3.273106      96.43     0.0111     2.7891     2.4861  1.9549605  1.1333665   46.99958  -46.83404    34.8696    34.8855     4.0228     4.0242    27.6802    27.6927    6.15378    6.27571         18 0.0000e+00
      54006   2250.218    485.000     4.0629   3.272049     4.0651   3.273596      84.46     0.0121     2.7888     2.4872  1.9548210  1.1333330   46.99958  -46.83404    34.8702    34.8861     4.0275     4.0298    27.6802    27.6926    6.14908    6.28621         15 0.0000e+00
      54021   2250.834    484.000     4.0684   3.272565     4.0709   3.274135      93.08     0.0155     2.7891     2.4873  1.9549044  1.1332518   46.99958  -46.83404    34.8709    34.8869     4.0331     4.0356    27.6802    27.6926    6.15163    6.28426         15 0.0000e+00
      54036   2251.469    483.000     4.0733   3.273011     4.0746   3.274480      96.38     0.0183     2.7890     2.4880  1.9544487  1.1331669   46.99958  -46.83404    34.8716    34.8875     4.0381     4.0394    27.6802    27.6927    6.15288    6.28479         16 0.0000e+00
      54055   2252.230    482.000     4.0762   3.273259     4.0764   3.274614      96.44     0.0171     2.7898     2.4886  1.9542466  1.1330912   46.99958  -46.83404    34.8720    34.8878     4.0410     4.0412    27.6802    27.6928    6.16525    6.28561         21 0.0000e+00
      54079   2253.241    481.000     4.0771   3.273312     4.0770   3.274637      41.85     0.0161     2.7915     2.4897  1.9538795  1.1336594   46.99960  -46.83404    34.8722    34.8879     4.0420     4.0419    27.6802    27.6928    6.17350    6.29483         26 0.0000e+00
      54102   2254.214    480.000     4.0769   3.273245     4.0766   3.274539      96.72     0.0157     2.7934     2.4909  1.9536004  1.1343137   46.99960  -46.83404    34.8721    34.8878     4.0419     4.0415    27.6802    27.6927    6.17399    6.29199         21 0.0000e+00
      54121   2255.010    479.000     4.0747   3.272964     4.0685   3.273738      96.38     0.0158     2.7946     2.4915  1.9538698  1.1343101   46.99960  -46.83404    34.8716    34.8871     4.0398     4.0336    27.6800    27.6929    6.16665    6.29921         18 0.0000e+00
      54139   2255.754    478.000     4.0609   3.271485     4.0490   3.271639      94.11     0.0149     2.7939     2.4928  1.9551336  1.1343101   46.99960  -46.83403    34.8692    34.8837     4.0261     4.0143    27.6795    27.6923    6.15832    6.30571         18 0.0000e+00
      54159   2256.583    477.000     4.0425   3.269532     4.0365   3.270229      87.50     0.0171     2.7945     2.4935  1.9549398  1.1343101   46.99960  -46.83402    34.8662    34.8807     4.0078     4.0019    27.6790    27.6912    6.16764    6.30234         22 0.0000e+00
      54186   2257.718    476.000     4.0347   3.268640     4.0323   3.269723      96.33     0.0169     2.7949     2.4944  1.9549373  1.1343857   46.99960  -46.83402    34.8644    34.8798     4.0001     3.9977    27.6784    27.6909    6.17804    6.31248         32 0.0000e+00
      54215   2258.909    475.000     4.0323   3.268331     4.0317   3.269591      90.77     0.0184     2.7974     2.4964  1.9548196  1.1343079   46.99960  -46.83402    34.8638    34.8794     3.9978     3.9972    27.6782    27.6907    6.19022    6.32229         23 0.0000e+00
      54235   2259.744    474.000     4.0298   3.268013     4.0282   3.269162      89.60     0.0203     2.7977     2.4975  1.9548229  1.1330684   46.99960  -46.83402    34.8632    34.8786     3.9954     3.9938    27.6780    27.6904    6.17910    6.31822         18 0.0000e+00
      54251   2260.428    473.000     4.0274   3.267698     4.0274   3.269002      96.54     0.0207     2.7982     2.4980  1.9548229  1.1330892   46.99960  -46.83402    34.8626    34.8780     3.9931     3.9931    27.6777    27.6900    6.18351    6.31639         15 0.0000e+00
      54266   2261.053    472.000     4.0269   3.267559     4.0261   3.268836      96.32     0.0212     2.7989     2.4985  1.9548229  1.1330892   46.99960  -46.83402    34.8620    34.8779     3.9927     3.9919    27.6773    27.6900    6.19337    6.32108         15 0.0000e+00
      54281   2261.680    471.000     4.0221   3.266998     4.0196   3.268125      96.34     0.0198     2.8003     2.4995  1.9549737  1.1330137   46.99960  -46.83402    34.8610    34.8770     3.9879     3.9854    27.6770    27.6900    6.19301    6.32481         16 0.0000e+00
      54298   2262.381    470.000     4.0138   3.266120     4.0118   3.267232      82.47     0.0193     2.8006     2.5002  1.9548261  1.1330876   46.99960  -46.83402    34.8599    34.8752     3.9798     3.9778    27.6770    27.6893    6.19358    6.32533         18 0.0000e+00
      54320   2263.274    469.000     4.0105   3.265723     4.0059   3.266557      95.31     0.0189     2.8019     2.5008  1.9546793  1.1318918   46.99960  -46.83400    34.8592    34.8739     3.9766     3.9720    27.6767    27.6890    6.19880    6.31970         25 0.0000e+00
      54345   2264.322    468.000     4.0062   3.265222     4.0043   3.266336      65.39     0.0176     2.8028     2.5010  1.9545162  1.1307896   46.99960  -46.83400    34.8583    34.8735     3.9724     3.9705    27.6764    27.6888    6.19335    6.31992         24 0.0000e+00
      54366   2265.223    467.000     4.0060   3.265122     4.0028   3.266137      84.14     0.0163     2.8032     2.5016  1.9539787  1.1306447   46.99960  -46.83400    34.8579    34.8733     3.9722     3.9690    27.6762    27.6888    6.19270    6.32360         19 0.0000e+00
      54384   2265.960    466.000     4.0013   3.264588     3.9980   3.265593      95.01     0.0169     2.8039     2.5019  1.9536009  1.1305752   46.99961  -46.83400    34.8570    34.8724     3.9677     3.9644    27.6759    27.6885    6.19694    6.32107         17 0.0000e+00
      54400   2266.636    465.000     3.9966   3.264031     3.9945   3.265161      96.38     0.0139     2.8043     2.5019  1.9536772  1.1306462   46.99962  -46.83400    34.8560    34.8715     3.9630     3.9610    27.6756    27.6882    6.19586    6.32347         16 0.0000e+00
      54417   2267.335    464.000     3.9953   3.263848     3.9954   3.265187      96.40     0.0148     2.8044     2.5026  1.9536040  1.1299210   46.99962  -46.83400    34.8557    34.8715     3.9618     3.9619    27.6755    27.6880    6.20048    6.32974         18 0.0000e+00
      54437   2268.166    463.000     3.9967   3.263943     3.9975   3.265345      84.76     0.0159     2.8058     2.5034  1.9536020  1.1294384   46.99962  -46.83400    34.8559    34.8716     3.9632     3.9641    27.6755    27.6879    6.20345    6.32998         22 0.0000e+00
      54463   2269.231    462.000     3.9979   3.264017     3.9986   3.265413      96.16     0.0150     2.8064     2.5040  1.9533398  1.1289020   46.99962  -46.83400    34.8560    34.8718     3.9646     3.9653    27.6755    27.6879    6.20287    6.33070         28 0.0000e+00
      54488   2270.307    461.000     3.9988   3.264050     3.9990   3.265413      96.31     0.0146     2.8071     2.5051  1.9531748  1.1281950   46.99962  -46.83400    34.8560    34.8719     3.9655     3.9657    27.6753    27.6880    6.19930    6.33537         23 0.0000e+00
      54510   2271.198    460.000     3.9993   3.264061     3.9994   3.265400      78.84     0.0168     2.8078     2.5058  1.9531746  1.1282052   46.99962  -46.83398    34.8561    34.8719     3.9661     3.9662    27.6754    27.6879    6.19924    6.32914         20 0.0000e+00
      54529   2272.017    459.000     3.9994   3.264019     3.9989   3.265290      29.41     0.0158     2.8074     2.5058  1.9525671  1.1282052   46.99962  -46.83398    34.8561    34.8716     3.9663     3.9658    27.6753    27.6878    6.19256    6.31952         20 0.0000e+00
      54549   2272.853    458.000     3.9986   3.263874     3.9976   3.265083      96.06     0.0162     2.8077     2.5053  1.9525031  1.1282052   46.99962  -46.83398    34.8557    34.8710     3.9656     3.9646    27.6751    27.6874    6.19271    6.31428         20 0.0000e+00
      54570   2273.700    457.000     3.9964   3.263577     3.9955   3.264801      94.89     0.0212     2.8076     2.5049  1.9500873  1.1280813   46.99962  -46.83398    34.8550    34.8705     3.9634     3.9626    27.6748    27.6872    6.19737    6.31569         20 0.0000e+00
      54588   2274.462    456.000     3.9943   3.263286     3.9927   3.264453      78.96     0.0182     2.8079     2.5047  1.9500102  1.1281335   46.99962  -46.83398    34.8544    34.8698     3.9614     3.9598    27.6745    27.6870    6.20337    6.31389         17 0.0000e+00
      54604   2275.134    455.000     3.9928   3.263072     3.9915   3.264278      88.23     0.0143     2.8088     2.5045  1.9502678  1.1281236   46.99962  -46.83398    34.8539    34.8695     3.9600     3.9587    27.6742    27.6868    6.20133    6.31134         15 0.0000e+00
      54619   2275.762    454.000     3.9926   3.262992     3.9918   3.264240      96.53     0.0180     2.8089     2.5040  1.9502645  1.1278750   46.99963  -46.83397    34.8537    34.8693     3.9599     3.9591    27.6741    27.6866    6.19329    6.31184         15 0.0000e+00
      54634   2276.392    453.000     3.9959   3.263268     3.9980   3.264775      96.39     0.0194     2.8088     2.5041  1.9506991  1.1279756   46.99964  -46.83396    34.8540    34.8699     3.9632     3.9653    27.6740    27.6865    6.19028    6.31616         16 0.0000e+00
      54651   2277.104    452.000     4.0054   3.264135     4.0101   3.265954      84.87     0.0185     2.8086     2.5044  1.9504603  1.1276994   46.99964  -46.83396    34.8548    34.8713     3.9728     3.9775    27.6736    27.6863    6.18305    6.31641         19 0.0000e+00
      54674   2278.030    451.000     4.0097   3.264552     4.0119   3.266090      93.51     0.0180     2.8076     2.5046  1.9500926  1.1270084   46.99964  -46.83396    34.8557    34.8716     3.9772     3.9793    27.6739    27.6863    6.17492    6.31043         26 0.0000e+00
      54703   2279.231    450.000     4.0114   3.264647     4.0097   3.265820      96.40     0.0156     2.8064     2.5041  1.9501508  1.1269841   46.99964  -46.83396    34.8555    34.8712     3.9789     3.9772    27.6736    27.6863    6.16910    6.29783         29 0.0000e+00
      54728   2280.291    449.000     4.0150   3.264915     4.0162   3.266368      82.44     0.0128     2.8059     2.5028  1.9505004  1.1270406   46.99964  -46.83396    34.8555    34.8713     3.9825     3.9838    27.6732    27.6857    6.16838    6.28490         22 0.0000e+00
      54748   2281.145    448.000     4.0218   3.265553     4.0272   3.267416      96.36     0.0120     2.8049     2.5014  1.9506713  1.1271671   46.99964  -46.83396    34.8563    34.8726     3.9894     3.9948    27.6731    27.6855    6.16087    6.27908         20 0.0000e+00
      54768   2281.955    447.000     4.0279   3.266133     4.0294   3.267593      96.41     0.0136     2.8037     2.5006  1.9499422  1.1274967   46.99964  -46.83396    34.8572    34.8730     3.9956     3.9971    27.6732    27.6856    6.15756    6.28196         19 0.0000e+00
      54787   2282.753    446.000     4.0326   3.266572     4.0349   3.268057      52.17     0.0148     2.8034     2.5002  1.9499389  1.1275628   46.99964  -46.83396    34.8580    34.8734     4.0003     4.0026    27.6733    27.6854    6.16002    6.28328         19 0.0000e+00
      54805   2283.509    445.000     4.0467   3.267939     4.0513   3.269670      81.82     0.0155     2.8032     2.4998  1.9501569  1.1280675   46.99964  -46.83396    34.8598    34.8754     4.0145     4.0191    27.6732    27.6852    6.15305    6.28133         17 0.0000e+00
      54822   2284.225    444.000     4.0597   3.269182     4.0661   3.271069      96.72     0.0199     2.8022     2.4999  1.9500074  1.1282085   46.99964  -46.83396    34.8613    34.8769     4.0275     4.0338    27.6731    27.6848    6.15286    6.28541         17 0.0000e+00
      54840   2284.939    443.000     4.0675   3.269919     4.0698   3.271465      96.38     0.0172     2.8029     2.5002  1.9500747  1.1282731   46.99964  -46.83395    34.8623    34.8782     4.0354     4.0376    27.6731    27.6855    6.16067    6.28975         18 0.0000e+00
      54859   2285.743    442.000     4.0698   3.270113     4.0702   3.271458      92.86     0.0153     2.8029     2.5009  1.9499977  1.1294166   46.99964  -46.83394    34.8627    34.8782     4.0377     4.0381    27.6732    27.6855    6.16424    6.29042         21 0.0000e+00
      54883   2286.756    441.000     4.0693   3.270011     4.0685   3.271248      87.53     0.0167     2.8041     2.5014  1.9499385  1.1294717   46.99964  -46.83394    34.8626    34.8780     4.0373     4.0365    27.6731    27.6855    6.17116    6.29109         27 0.0000e+00
      54909   2287.825    440.000     4.0687   3.269892     4.0667   3.271024      96.26     0.0140     2.8059     2.5021  1.9499389  1.1318965   46.99965  -46.83394    34.8623    34.8778     4.0367     4.0348    27.6730    27.6855    6.18192    6.29667         24 0.0000e+00
      54930   2288.705    439.000     4.0665   3.269605     4.0612   3.270409      94.20     0.0158     2.8069     2.5032  1.9499389  1.1318681   46.99966  -46.83394    34.8618    34.8769     4.0346     4.0294    27.6728    27.6853    6.17256    6.29650         19 0.0000e+00
      54948   2289.455    438.000     4.0592   3.268797     4.0534   3.269548      79.40     0.0152     2.8073     2.5031  1.9499389  1.1324399   46.99966  -46.83394    34.8604    34.8755     4.0275     4.0216    27.6724    27.6850    6.16738    6.28538         17 0.0000e+00
      54964   2290.141    437.000     4.0472   3.267519     4.0395   3.268078      54.30     0.0145     2.8074     2.5026  1.9499389  1.1328571   46.99966  -46.83392    34.8585    34.8733     4.0156     4.0079    27.6721    27.6847    6.16096    6.28963         16 0.0000e+00
      54981   2290.828    436.000     4.0392   3.266658     4.0366   3.267706      49.94     0.0149     2.8063     2.5033  1.9499389  1.1328024   46.99966  -46.83392    34.8573    34.8725     4.0077     4.0051    27.6720    27.6844    6.15229    6.29339         17 0.0000e+00
      55000   2291.608    435.000     4.0370   3.266364     4.0368   3.267671      94.63     0.0116     2.8056     2.5030  1.9499389  1.1330830   46.99966  -46.83392    34.8567    34.8725     4.0056     4.0053    27.6717    27.6843    6.15213    6.28734         21 0.0000e+00
      55025   2292.649    434.000     4.0353   3.266131     4.0347   3.267394      85.06     0.0148     2.8051     2.5031  1.9499803  1.1329650   46.99966  -46.83393    34.8563    34.8719     4.0040     4.0034    27.6716    27.6840    6.16092    6.29210         29 0.0000e+00
      55053   2293.819    433.000     4.0383   3.266352     4.0401   3.267863      86.01     0.0180     2.8057     2.5034  1.9499902  1.1308117   46.99966  -46.83393    34.8563    34.8723     4.0070     4.0088    27.6712    27.6838    6.16090    6.28686         24 0.0000e+00
      55073   2294.659    432.000     4.0476   3.267163     4.0630   3.270087      96.26     0.0171     2.8053     2.5030  1.9499369  1.1307117   46.99966  -46.83392    34.8565    34.8749     4.0164     4.0317    27.6705    27.6835    6.14929    6.27707         17 0.0000e+00
      55088   2295.298    431.000     4.0662   3.269021     4.0739   3.271181      76.12     0.0164     2.8046     2.5028  1.9499389  1.1310576   46.99966  -46.83392    34.8594    34.8768     4.0349     4.0426    27.6708    27.6839    6.13896    6.27444         15 0.0000e+00
