data/CTD/2013/CNV/U021A049.CNV
* Sea-Bird SBE 9 Data File:
* FileName = C:\CTD_ACQUISITION\2013021HUD\ctddata\021A049.hdr
* Software Version Seasave V 7.22.2
* Temperature SN = 5081
* Conductivity SN = 3561
* Number of Bytes Per Scan = 37
* Number of Voltage Words = 4
* Number of Scans Averaged by the Deck Unit = 1
* NMEA Latitude = 48 56.14 N
* NMEA Longitude = 045 49.78 W
* NMEA UTC (Time) = Jul 04 2013 22:48:08
* NMEA baud rate = 9600
** Ship: Hudson
** Cruise: HUD2013021
** Chief_Scientist: Greenan
** Organization: BIO
** Area_of_Operation: Sackville Spur
** Station: 49
** Sounding:  2572
** Event_Comments: SS28  393207
# nquan = 25
# nvalues = 2481                        
# units = specified
# name 0 = scan: Scan Count
# name 1 = timeS: Time, Elapsed [seconds]
# name 2 = prDM: Pressure, Digiquartz [db]
# name 3 = t068C: Temperature [ITS-68, deg C]
# name 4 = c0S/m: Conductivity [S/m]
# name 5 = t168C: Temperature, 2 [ITS-68, deg C]
# name 6 = c1S/m: Conductivity, 2 [S/m]
# name 7 = altM: Altimeter [m]
# name 8 = flCUVA: Fluorescence, Chelsea UV Aquatracka [ug/l]
# name 9 = sbeox0V: Oxygen raw, SBE 43 [V]
# name 10 = sbeox1V: Oxygen raw, SBE 43, 2 [V]
# name 11 = upoly0: Upoly 0, Optode 4330F - O2 D-Phase
# name 12 = upoly1: Upoly 1, Optode 4330F - O2 Temp
# name 13 = latitude: Latitude [deg]
# name 14 = longitude: Longitude [deg]
# name 15 = sal00: Salinity, Practical [PSU]
# name 16 = sal11: Salinity, Practical, 2 [PSU]
# name 17 = potemp068C: Potential Temperature [ITS-68, deg C]
# name 18 = potemp168C: Potential Temperature, 2 [ITS-68, deg C]
# name 19 = sigma-é00: Density [sigma-theta, Kg/m^3]
# name 20 = sigma-é11: Density, 2 [sigma-theta, Kg/m^3]
# name 21 = sbeox0ML/L: Oxygen, SBE 43 [ml/l], WS = 2
# name 22 = sbeox1ML/L: Oxygen, SBE 43, 2 [ml/l], WS = 2
# name 23 = nbin: number of scans per bin
# name 24 = flag: flag
# span 0 =      63474,     113830       
# span 1 =   2644.702,   4742.878       
# span 2 =      1.000,   2481.000       
# span 3 =     2.4942,     8.3417       
# span 4 =   3.148102,   3.556522       
# span 5 =     2.4932,     8.3396       
# span 6 =   3.147800,   3.557931       
# span 7 =       3.31,      98.79       
# span 8 =     0.0035,     0.5283       
# span 9 =     2.1879,     3.3549       
# span 10 =     1.9682,     2.9927      
# span 11 =  1.6930251,  2.1098902      
# span 12 =  0.9352869,  1.6661508      
# span 13 =   48.93732,   48.93870      
# span 14 =  -45.83012,  -45.82920      
# span 15 =    33.8908,    34.9220      
# span 16 =    33.8955,    34.9384      
# span 17 =     2.3064,     8.3416      
# span 18 =     2.3053,     8.3395      
# span 19 =    26.4173,    27.8760      
# span 20 =    26.4295,    27.8894      
# span 21 =    5.90638,    7.22611      
# span 22 =    6.05751,    7.40108      
# span 23 =         11,        569      
# span 24 = 0.0000e+00, 0.0000e+00      
# interval = decibars: 1                
# start_time = Jul 04 2013 22:48:08 [NMEA time, header]
# bad_flag = -9.990e-29
*END*
[from data line 986]
      83162   3465.021   1495.000     3.3705   3.258184     3.3707   3.259586      92.50     0.0133     2.4208     2.1597  2.0592184  1.0451771   48.93780  -45.82958    34.9200    34.9365     3.2579     3.2581    27.7970    27.8102    5.92522    6.09324         16 0.0000e+00
      83177   3465.679   1494.000     3.3708   3.258182     3.3716   3.259627      95.63     0.0130     2.4206     2.1599  2.0580890  1.0451771   48.93780  -45.82958    34.9201    34.9365     3.2584     3.2591    27.7971    27.8101    5.92880    6.08713         16 0.0000e+00
      83193   3466.344   1493.000     3.3716   3.258218     3.3723   3.259644      69.36     0.0100     2.4216     2.1600  2.0580740  1.0451771   48.93780  -45.82958    34.9202    34.9365     3.2592     3.2598    27.7971    27.8100    5.93889    6.07883         16 0.0000e+00
      83211   3467.100   1492.000     3.3726   3.258272     3.3732   3.259705      57.38     0.0120     2.4223     2.1598  2.0585442  1.0451771   48.93780  -45.82958    34.9203    34.9367     3.2603     3.2609    27.7971    27.8101    5.92449    6.07078         20 0.0000e+00
      83234   3468.024   1491.000     3.3738   3.258340     3.3741   3.259743      87.75     0.0086     2.4217     2.1596  2.0589147  1.0451771   48.93782  -45.82958    34.9202    34.9367     3.2616     3.2619    27.7969    27.8100    5.92358    6.07844         24 0.0000e+00
      83257   3468.998   1490.000     3.3737   3.258286     3.3746   3.259736      47.09     0.0117     2.4224     2.1599  2.0592811  1.0453469   48.93782  -45.82958    34.9203    34.9366     3.2615     3.2624    27.7970    27.8099    5.93358    6.08870         22 0.0000e+00
      83277   3469.839   1489.000     3.3745   3.258314     3.3752   3.259752      94.61     0.0120     2.4228     2.1607  2.0609982  1.0462115   48.93782  -45.82958    34.9202    34.9367     3.2625     3.2631    27.7968    27.8099    5.92806    6.08947         19 0.0000e+00
      83296   3470.616   1488.000     3.3754   3.258357     3.3755   3.259747      74.44     0.0151     2.4231     2.1608  2.0609224  1.0463958   48.93782  -45.82958    34.9203    34.9367     3.2634     3.2635    27.7968    27.8099    5.92321    6.08411         19 0.0000e+00
      83315   3471.414   1487.000     3.3756   3.258338     3.3759   3.259746      60.32     0.0176     2.4231     2.1610  2.0587933  1.0463980   48.93782  -45.82958    34.9204    34.9368     3.2637     3.2640    27.7968    27.8099    5.93080    6.08296         20 0.0000e+00
      83336   3472.283   1486.000     3.3760   3.258335     3.3763   3.259732      73.29     0.0129     2.4240     2.1612  2.0580335  1.0463980   48.93782  -45.82958    34.9204    34.9368     3.2642     3.2644    27.7968    27.8098    5.92847    6.08460         21 0.0000e+00
      83357   3473.168   1485.000     3.3765   3.258338     3.3766   3.259717      94.58     0.0157     2.4237     2.1617  2.0577464  1.0463980   48.93780  -45.82958    34.9204    34.9368     3.2647     3.2648    27.7968    27.8098    5.92711    6.09529         20 0.0000e+00
      83376   3473.960   1484.000     3.3769   3.258332     3.3775   3.259747      95.35     0.0188     2.4245     2.1625  2.0573766  1.0463980   48.93782  -45.82958    34.9203    34.9367     3.2653     3.2658    27.7966    27.8096    5.92792    6.09680         18 0.0000e+00
      83393   3474.676   1483.000     3.3776   3.258340     3.3782   3.259778      95.97     0.0161     2.4246     2.1629  2.0573871  1.0463980   48.93782  -45.82958    34.9202    34.9367     3.2660     3.2666    27.7965    27.8096    5.93227    6.09537         17 0.0000e+00
      83410   3475.366   1482.000     3.3782   3.258361     3.3785   3.259756      95.94     0.0180     2.4248     2.1635  2.0573871  1.0463980   48.93782  -45.82958    34.9204    34.9367     3.2667     3.2670    27.7965    27.8095    5.93687    6.09235         17 0.0000e+00
      83427   3476.092   1481.000     3.3785   3.258353     3.3784   3.259718      91.30     0.0158     2.4259     2.1636  2.0575871  1.0463980   48.93782  -45.82958    34.9204    34.9368     3.2671     3.2670    27.7965    27.8096    5.93115    6.08609         18 0.0000e+00
      83447   3476.917   1480.000     3.3788   3.258338     3.3784   3.259675      41.42     0.0150     2.4253     2.1637  2.0575035  1.0463980   48.93783  -45.82958    34.9204    34.9368     3.2675     3.2670    27.7965    27.8096    5.91453    6.08434         21 0.0000e+00
      83469   3477.849   1479.000     3.3788   3.258301     3.3783   3.259630      96.29     0.0187     2.4249     2.1638  2.0573852  1.0463980   48.93784  -45.82958    34.9205    34.9368     3.2676     3.2671    27.7965    27.8096    5.91910    6.08089         23 0.0000e+00
      83490   3478.714   1478.000     3.3788   3.258246     3.3782   3.259562      95.95     0.0174     2.4253     2.1637  2.0573871  1.0463980   48.93783  -45.82958    34.9203    34.9367     3.2677     3.2670    27.7964    27.8095    5.92707    6.07983         19 0.0000e+00
      83508   3479.453   1477.000     3.3787   3.258194     3.3786   3.259564      57.31     0.0126     2.4256     2.1637  2.0575299  1.0463980   48.93782  -45.82958    34.9203    34.9368     3.2677     3.2675    27.7964    27.8095    5.92791    6.08008         17 0.0000e+00
      83524   3480.130   1476.000     3.3795   3.258213     3.3815   3.259779      39.84     0.0096     2.4257     2.1637  2.0575395  1.0464725   48.93782  -45.82960    34.9202    34.9367     3.2685     3.2705    27.7963    27.8092    5.92959    6.07770         16 0.0000e+00
      83540   3480.802   1475.000     3.3809   3.258308     3.3837   3.259936      93.28     0.0105     2.4263     2.1636  2.0576148  1.0465494   48.93782  -45.82960    34.9203    34.9369     3.2700     3.2727    27.7962    27.8091    5.92467    6.07703         16 0.0000e+00
      83557   3481.513   1474.000     3.3832   3.258468     3.3846   3.259986      50.45     0.0129     2.4261     2.1637  2.0577922  1.0470035   48.93782  -45.82960    34.9203    34.9369     3.2724     3.2737    27.7959    27.8090    5.92296    6.08024         18 0.0000e+00
      83576   3482.280   1473.000     3.3845   3.258560     3.3853   3.260003      73.65     0.0156     2.4264     2.1639  2.0577097  1.0474834   48.93784  -45.82960    34.9205    34.9369     3.2737     3.2744    27.7960    27.8090    5.92206    6.08384         19 0.0000e+00
      83595   3483.100   1472.000     3.3850   3.258564     3.3861   3.260044      73.20     0.0130     2.4263     2.1643  2.0576317  1.0474362   48.93784  -45.82960    34.9206    34.9370     3.2743     3.2754    27.7960    27.8090    5.93090    6.08878         20 0.0000e+00
      83616   3483.947   1471.000     3.3850   3.258530     3.3875   3.260124      95.35     0.0090     2.4277     2.1649  2.0573905  1.0476166   48.93784  -45.82960    34.9207    34.9370     3.2744     3.2769    27.7960    27.8088    5.92923    6.09447         21 0.0000e+00
      83637   3484.830   1470.000     3.3860   3.258572     3.3890   3.260210      37.50     0.0110     2.4270     2.1658  2.0573871  1.0476191   48.93784  -45.82960    34.9206    34.9369     3.2754     3.2784    27.7959    27.8086    5.92197    6.09238         21 0.0000e+00
      83659   3485.762   1469.000     3.3868   3.258600     3.3899   3.260249      96.68     0.0101     2.4281     2.1660  2.0573871  1.0476191   48.93784  -45.82960    34.9205    34.9370     3.2764     3.2793    27.7957    27.8086    5.93871    6.08149         23 0.0000e+00
      83681   3486.679   1468.000     3.3885   3.258706     3.3912   3.260335      38.41     0.0112     2.4287     2.1660  2.0573871  1.0476191   48.93784  -45.82960    34.9205    34.9371     3.2781     3.2808    27.7956    27.8085    5.92269    6.08542         21 0.0000e+00
      83701   3487.489   1467.000     3.3906   3.258846     3.3925   3.260400      92.40     0.0143     2.4282     2.1664  2.0573871  1.0476191   48.93784  -45.82960    34.9204    34.9370     3.2803     3.2821    27.7953    27.8083    5.91973    6.09228         18 0.0000e+00
      83718   3488.196   1466.000     3.3919   3.258918     3.3936   3.260463      95.99     0.0161     2.4285     2.1671  2.0573871  1.0476191   48.93784  -45.82960    34.9205    34.9371     3.2816     3.2833    27.7952    27.8083    5.93304    6.09495         16 0.0000e+00
      83733   3488.849   1465.000     3.3935   3.259041     3.3944   3.260495      82.77     0.0123     2.4293     2.1676  2.0573871  1.0476191   48.93784  -45.82960    34.9207    34.9371     3.2833     3.2842    27.7952    27.8082    5.92634    6.09126         16 0.0000e+00
      83749   3489.498   1464.000     3.3942   3.259071     3.3951   3.260512      39.33     0.0125     2.4287     2.1676  2.0575492  1.0484300   48.93784  -45.82960    34.9208    34.9370     3.2841     3.2850    27.7952    27.8081    5.92093    6.08977         15 0.0000e+00
      83766   3490.189   1463.000     3.3955   3.259131     3.3958   3.260537      64.23     0.0127     2.4295     2.1681  2.0579305  1.0485010   48.93784  -45.82960    34.9207    34.9371     3.2854     3.2857    27.7950    27.8081    5.92754    6.09095         18 0.0000e+00
      83785   3491.004   1462.000     3.3963   3.259173     3.3964   3.260554      95.20     0.0132     2.4298     2.1683  2.0577788  1.0487244   48.93784  -45.82962    34.9208    34.9372     3.2864     3.2864    27.7950    27.8080    5.92072    6.08615         22 0.0000e+00
      83809   3491.980   1461.000     3.3963   3.259134     3.3968   3.260541      95.92     0.0120     2.4292     2.1684  2.0573869  1.0488911   48.93784  -45.82962    34.9208    34.9371     3.2864     3.2869    27.7950    27.8079    5.92364    6.08345         24 0.0000e+00
      83832   3492.954   1460.000     3.3962   3.259078     3.3977   3.260570      94.31     0.0092     2.4304     2.1687  2.0572662  1.0488985   48.93784  -45.82962    34.9208    34.9370     3.2864     3.2879    27.7949    27.8077    5.93038    6.08940         21 0.0000e+00
      83851   3493.745   1459.000     3.3976   3.259156     3.3986   3.260610      94.14     0.0091     2.4302     2.1689  2.0561440  1.0488389   48.93784  -45.82962    34.9208    34.9370     3.2878     3.2888    27.7948    27.8077    5.92824    6.08789         18 0.0000e+00
      83868   3494.445   1458.000     3.3985   3.259205     3.3999   3.260684      57.65     0.0080     2.4311     2.1692  2.0561662  1.0489942   48.93784  -45.82962    34.9208    34.9371     3.2889     3.2902    27.7947    27.8076    5.93522    6.08485         16 0.0000e+00
      83884   3495.124   1457.000     3.3999   3.259280     3.4009   3.260745      44.48     0.0108     2.4314     2.1692  2.0564530  1.0490555   48.93786  -45.82962    34.9208    34.9372     3.2903     3.2912    27.7946    27.8076    5.92854    6.08408         17 0.0000e+00
      83901   3495.853   1456.000     3.4011   3.259334     3.4012   3.260733      84.17     0.0132     2.4317     2.1693  2.0573592  1.0488465   48.93786  -45.82962    34.9207    34.9372     3.2916     3.2917    27.7944    27.8076    5.92392    6.08558         19 0.0000e+00
      83923   3496.734   1455.000     3.4013   3.259325     3.4012   3.260690      95.48     0.0138     2.4316     2.1698  2.0573871  1.0489864   48.93786  -45.82962    34.9209    34.9372     3.2919     3.2918    27.7945    27.8075    5.92608    6.08834         24 0.0000e+00
      83949   3497.834   1454.000     3.4014   3.259290     3.4009   3.260618      46.10     0.0144     2.4324     2.1702  2.0573871  1.0490286   48.93785  -45.82963    34.9208    34.9371     3.2921     3.2916    27.7945    27.8075    5.92823    6.08952         26 0.0000e+00
      83972   3498.801   1453.000     3.4017   3.259265     3.4024   3.260683      96.89     0.0119     2.4324     2.1706  2.0573871  1.0493380   48.93785  -45.82964    34.9207    34.9369     3.2924     3.2931    27.7944    27.8071    5.92233    6.09220         20 0.0000e+00
      83990   3499.521   1452.000     3.4031   3.259341     3.4053   3.260914      46.58     0.0138     2.4325     2.1710  2.0563188  1.0496032   48.93786  -45.82964    34.9206    34.9371     3.2939     3.2960    27.7941    27.8070    5.91848    6.08769         16 0.0000e+00
      84004   3500.131   1451.000     3.4054   3.259511     3.4091   3.261226      57.95     0.0164     2.4322     2.1710  2.0561697  1.0496244   48.93786  -45.82964    34.9207    34.9372     3.2963     3.2999    27.7940    27.8068    5.92021    6.08639         14 0.0000e+00
      84018   3500.708   1450.000     3.4095   3.259825     3.4127   3.261495      94.75     0.0143     2.4325     2.1712  2.0561662  1.0500609   48.93786  -45.82964    34.9207    34.9371     3.3004     3.3035    27.7935    27.8064    5.92449    6.08634         13 0.0000e+00
      84032   3501.287   1449.000     3.4120   3.260025     3.4144   3.261619      78.58     0.0104     2.4328     2.1715  2.0561662  1.0500611   48.93786  -45.82964    34.9208    34.9372     3.3030     3.3165    27.7934    27.8063    5.92025    6.08542         15 0.0000e+00
      84047   3501.902   1448.000     3.4142   3.260175     3.4154   3.261658      77.55     0.0081     2.4328     2.1714  2.0561662  1.0500611   48.93786  -45.82964    34.9208    34.9372     3.3052     3.3066    27.7932    27.8061    5.91355    6.08337         15 0.0000e+00
      84063   3502.599   1447.000     3.4152   3.260233     3.4156   3.261647      40.75     0.0050     2.4325     2.1717  2.0561662  1.0500611   48.93786  -45.82964    34.9209    34.9374     3.3063     3.3066    27.7932    27.8063    5.91858    6.08543         18 0.0000e+00
      84083   3503.421   1446.000     3.4152   3.260190     3.4159   3.261619      82.25     0.0058     2.4330     2.1721  2.0561662  1.0501195   48.93786  -45.82964    34.9210    34.9372     3.3064     3.3070    27.7932    27.8061    5.92275    6.08961         21 0.0000e+00
      84105   3504.349   1445.000     3.4156   3.260186     3.4165   3.261633      96.15     0.0070     2.4334     2.1727  2.0562203  1.0501682   48.93786  -45.82964    34.9209    34.9373     3.3069     3.3077    27.7931    27.8061    5.92902    6.09121         23 0.0000e+00
      84128   3505.288   1444.000     3.4161   3.260183     3.4174   3.261681      95.93     0.0088     2.4344     2.1729  2.0561652  1.0506810   48.93786  -45.82966    34.9209    34.9373     3.3074     3.3088    27.7930    27.8060    5.92759    6.08227         22 0.0000e+00
      84150   3506.205   1443.000     3.4171   3.260235     3.4181   3.261691      95.94     0.0074     2.4344     2.1729  2.0561662  1.0512797   48.93786  -45.82966    34.9209    34.9372     3.3086     3.3095    27.7929    27.8058    5.92403    6.08356         23 0.0000e+00
      84172   3507.130   1442.000     3.4181   3.260275     3.4187   3.261701      81.76     0.0090     2.4346     2.1733  2.0561662  1.0512820   48.93786  -45.82966    34.9209    34.9372     3.3096     3.3102    27.7928    27.8058    5.92077    6.08241         22 0.0000e+00
      84193   3508.020   1441.000     3.4185   3.260265     3.4190   3.261694      46.88     0.0122     2.4354     2.1731  2.0561662  1.0512820   48.93786  -45.82966    34.9209    34.9373     3.3101     3.3106    27.7928    27.8058    5.92944    6.07744         20 0.0000e+00
      84213   3508.819   1440.000     3.4188   3.260260     3.4196   3.261707      96.27     0.0138     2.4353     2.1729  2.0561662  1.0512820   48.93786  -45.82966    34.9210    34.9373     3.3104     3.3113    27.7928    27.8057    5.92215    6.08008         18 0.0000e+00
      84230   3509.530   1439.000     3.4197   3.260298     3.4203   3.261724      95.91     0.0119     2.4356     2.1733  2.0561662  1.0512820   48.93786  -45.82966    34.9209    34.9373     3.3115     3.3120    27.7926    27.8057    5.93052    6.08340         17 0.0000e+00
