data/CTD/2013/CNV/U021A009.CNV
* Sea-Bird SBE 9 Data File:
* FileName = C:\CTD_ACQUISITION\2013021HUD\ctddata\021A009.hdr
* Software Version Seasave V 7.22.2
* Temperature SN = 5081
* Conductivity SN = 3561
* Number of Bytes Per Scan = 37
* Number of Voltage Words = 4
* Number of Scans Averaged by the Deck Unit = 1
* NMEA Latitude = 47 00.01 N
* NMEA Longitude = 047 29.87 W
* NMEA UTC (Time) = Jul 01 2013 18:20:11
* NMEA baud rate = 9600
** Ship: Hudson
** Cruise: HUD2013021
** Chief_Scientist: Greenan
** Organization: BIO
** Area_of_Operation: Sackville Spur
** Station: 9
** Sounding:  220
** Event_Comments: FC14
# nquan = 25
# nvalues = 209                         
# units = specified
# name 0 = scan: Scan Count
# name 1 = timeS: Time, Elapsed [seconds]
# name 2 = prDM: Pressure, Digiquartz [db]
# name 3 = t068C: Temperature [ITS-68, deg C]
# name 4 = c0S/m: Conductivity [S/m]
# name 5 = t168C: Temperature, 2 [ITS-68, deg C]
# name 6 = c1S/m: Conductivity, 2 [S/m]
# name 7 = altM: Altimeter [m]
# name 8 = flCUVA: Fluorescence, Chelsea UV Aquatracka [ug/l]
# name 9 = sbeox0V: Oxygen raw, SBE 43 [V]
# name 10 = sbeox1V: Oxygen raw, SBE 43, 2 [V]
# name 11 = upoly0: Upoly 0, Optode 4330F - O2 D-Phase
# name 12 = upoly1: Upoly 1, Optode 4330F - O2 Temp
# name 13 = latitude: Latitude [deg]
# name 14 = longitude: Longitude [deg]
# name 15 = sal00: Salinity, Practical [PSU]
# name 16 = sal11: Salinity, Practical, 2 [PSU]
# name 17 = potemp068C: Potential Temperature [ITS-68, deg C]
# name 18 = potemp168C: Potential Temperature, 2 [ITS-68, deg C]
# name 19 = sigma-é00: Density [sigma-theta, Kg/m^3]
# name 20 = sigma-é11: Density, 2 [sigma-theta, Kg/m^3]
# name 21 = sbeox0ML/L: Oxygen, SBE 43 [ml/l], WS = 2
# name 22 = sbeox1ML/L: Oxygen, SBE 43, 2 [ml/l], WS = 2
# name 23 = nbin: number of scans per bin
# name 24 = flag: flag
# span 0 =      16353,      23834       
# span 1 =    681.351,    993.028       
# span 2 =      1.000,    209.000       
# span 3 =    -0.3569,     6.5222       
# span 4 =   2.757073,   3.244657       
# span 5 =    -0.8618,     6.5264       
# span 6 =   2.681263,   3.244801       
# span 7 =       3.38,      97.69       
# span 8 =     0.0163,     0.2504       
# span 9 =     2.3735,     3.2690       
# span 10 =     2.2857,     3.0950      
# span 11 =  1.7175754,  2.1565327      
# span 12 =  0.5368128,  1.4393973      
# span 13 =   46.99999,   47.00066      
# span 14 =  -47.49564,  -47.49436      
# span 15 =    32.2426,    33.9253      
# span 16 =    32.3322,    33.9503      
# span 17 =    -0.3579,     6.5221      
# span 18 =    -0.8630,     6.5259      
# span 19 =    25.3514,    27.1838      
# span 20 =    25.3798,    27.1617      
# span 21 =    5.12926,    9.01560      
# span 22 =    5.83852,    9.06452      
# span 23 =         11,       1124      
# span 24 = 0.0000e+00, 0.0000e+00      
# interval = decibars: 1                
# start_time = Jul 01 2013 18:20:11 [NMEA time, header]
# bad_flag = -9.990e-29
*END*
[from data line 116]
      20619    859.091     93.000     0.4818   2.851046    -0.2904   2.750967      81.09     0.0221     2.4567     2.7320  1.9631401  0.6162999   47.00050  -47.49500    33.7100    33.2358     0.4798    -0.2931    27.0394    26.6956    5.69097    7.63633         30 0.0000e+00
      20639    859.923     92.000     0.4384   2.848771    -0.3595   2.743958      97.69     0.0207     2.4725     2.7315  1.9595228  0.6110241   47.00050  -47.49500    33.7302    33.2187     0.4348    -0.3623    27.0581    26.6849    5.80386    7.64854         16 0.0000e+00
      20653    860.496     91.000     0.4384   2.848883    -0.3574   2.743124      97.20     0.0209     2.4828     2.7318  1.9584941  0.6092930   47.00050  -47.49500    33.7321    33.2059     0.4350    -0.3601    27.0596    26.6744    5.81008    7.65473         13 0.0000e+00
      20665    860.992     90.000     0.4334   2.848507    -0.3664   2.741911      96.99     0.0217     2.4898     2.7318  1.9584860  0.6092796   47.00050  -47.49500    33.7333    33.2002     0.4300    -0.3691    27.0609    26.6702    5.77896    7.65703         11 0.0000e+00
      20676    861.466     89.000     0.4245   2.847938    -0.3670   2.741609      97.14     0.0214     2.4948     2.7323  1.9584860  0.6092796   47.00050  -47.49500    33.7362    33.1973     0.4211    -0.3697    27.0637    26.6679    5.74132    7.65331         11 0.0000e+00
      20688    861.954     88.000     0.4111   2.847181    -0.3701   2.741138      97.14     0.0215     2.4975     2.7320  1.9584860  0.6117960   47.00050  -47.49500    33.7415    33.1950     0.4078    -0.3727    27.0687    26.6662    5.68564    7.64753         13 0.0000e+00
      20701    862.503     87.000     0.4007   2.846138    -0.3785   2.740257      97.11     0.0234     2.4984     2.7319  1.9584860  0.6120625   47.00050  -47.49500    33.7399    33.1930     0.3974    -0.3811    27.0680    26.6650    5.62339    7.64703         14 0.0000e+00
      20718    863.218     86.000     0.3804   2.843904    -0.3933   2.738849      97.18     0.0197     2.4947     2.7317  1.9584860  0.6119037   47.00050  -47.49498    33.7334    33.1910     0.3772    -0.3958    27.0639    26.6639    5.55761    7.64784         21 0.0000e+00
      20746    864.392     85.000     0.2927   2.832836    -0.4202   2.736136      92.62     0.0223     2.4866     2.7316  1.9549946  0.6012542   47.00048  -47.49498    33.6851    33.1848     0.2896    -0.4227    27.0297    26.6601    5.51531    7.66505         36 0.0000e+00
      20781    865.822     84.000     0.1844   2.820580    -0.4496   2.733546      86.67     0.0260     2.4756     2.7327  1.9548216  0.5972418   47.00048  -47.49497    33.6433    33.1829     0.1814    -0.4521    27.0018    26.6598    5.52252    7.68106         28 0.0000e+00
      20803    866.738     83.000     0.1609   2.819753    -0.5126   2.727110      97.31     0.0290     2.4712     2.7335  1.9548229  0.5946035   47.00048  -47.49496    33.6592    33.1662     0.1577    -0.5150    27.0158    26.6489    5.54264    7.69408         18 0.0000e+00
      20818    867.396     82.000     0.1519   2.819509    -0.5134   2.726102      97.24     0.0256     2.4690     2.7336  1.9548229  0.5946276   47.00048  -47.49496    33.6661    33.1542     0.1490    -0.5158    27.0218    26.6392    5.55651    7.69224         14 0.0000e+00
      20833    868.007     81.000     0.1441   2.818845    -0.5243   2.724645      97.13     0.0229     2.4686     2.7340  1.9529334  0.5910475   47.00046  -47.49496    33.6665    33.1472     0.1412    -0.5267    27.0226    26.6340    5.56953    7.70127         12 0.0000e+00
      20846    868.557     80.000     0.1368   2.817998    -0.5687   2.720482      97.24     0.0241     2.4672     2.7345  1.9529041  0.5909646   47.00046  -47.49496    33.6640    33.1405     0.1340    -0.5709    27.0209    26.6303    5.56767    7.71074         14 0.0000e+00
      20860    869.137     79.000     0.1306   2.817095    -0.6095   2.716539      97.08     0.0259     2.4669     2.7360  1.9529901  0.5909646   47.00046  -47.49494    33.6595    33.1329     0.1278    -0.6117    27.0176    26.6258    5.56567    7.73361         14 0.0000e+00
      20876    869.783     78.000     0.1232   2.815819    -0.6005   2.716953      97.13     0.0248     2.4654     2.7361  1.9542317  0.5889092   47.00046  -47.49494    33.6513    33.1292     0.1205    -0.6027    27.0114    26.6225    5.54025    7.71988         17 0.0000e+00
      20894    870.554     77.000     0.1115   2.813740    -0.5854   2.718041      96.87     0.0240     2.4623     2.7365  1.9548166  0.5875604   47.00046  -47.49494    33.6374    33.1279     0.1088    -0.5876    27.0007    26.6208    5.51987    7.72036         20 0.0000e+00
      20917    871.487     76.000     0.0915   2.810722    -0.5860   2.717864      76.64     0.0222     2.4587     2.7377  1.9544640  0.5848893   47.00046  -47.49494    33.6201    33.1268     0.0889    -0.5882    26.9878    26.6200    5.51628    7.73266         24 0.0000e+00
      20941    872.510     75.000     0.0648   2.807920    -0.6109   2.715520      97.22     0.0219     2.4554     2.7388  1.9535933  0.5762259   47.00046  -47.49494    33.6131    33.1231     0.0622    -0.6129    26.9835    26.6179    5.52515    7.72422         25 0.0000e+00
      20966    873.521     74.000     0.0427   2.806409    -0.6495   2.711883      97.09     0.0233     2.4548     2.7382  1.9532458  0.5759565   47.00045  -47.49492    33.6180    33.1170     0.0401    -0.6515    26.9886    26.6146    5.54599    7.70304         24 0.0000e+00
      20989    874.509     73.000     0.0259   2.804908    -0.6661   2.709994      97.06     0.0213     2.4515     2.7364  1.9523728  0.5750836   47.00044  -47.49492    33.6172    33.1104     0.0234    -0.6680    26.9888    26.6098    5.52678    7.70164         23 0.0000e+00
      21011    875.428     72.000     0.0104   2.803270    -0.6737   2.708703      97.01     0.0202     2.4519     2.7356  1.9521455  0.5742087   47.00044  -47.49492    33.6132    33.1020     0.0079    -0.6757    26.9863    26.6034    5.57610    7.70534         21 0.0000e+00
      21030    876.219     71.000    -0.0028   2.801689    -0.6936   2.706436      97.11     0.0199     2.4530     2.7348  1.9511464  0.5694969   47.00044  -47.49490    33.6074    33.0939    -0.0052    -0.6955    26.9823    26.5975    5.60606    7.73060         17 0.0000e+00
      21046    876.893     70.000    -0.0151   2.800533    -0.7129   2.704413      97.10     0.0219     2.4564     2.7362  1.9511600  0.5697235   47.00044  -47.49490    33.6062    33.0884    -0.0175    -0.7148    26.9819    26.5938    5.63414    7.75583         15 0.0000e+00
      21061    877.491     69.000    -0.0260   2.799481    -0.7233   2.703123      73.88     0.0231     2.4584     2.7368  1.9516047  0.5694167   47.00044  -47.49490    33.6048    33.0829    -0.0283    -0.7251    26.9814    26.5898    5.65673    7.76511         14 0.0000e+00
      21075    878.067     68.000    -0.0362   2.798315    -0.7111   2.703538      85.06     0.0260     2.4621     2.7382  1.9548458  0.5652944   47.00042  -47.49490    33.6012    33.0759    -0.0385    -0.7130    26.9789    26.5836    5.68469    7.77719         14 0.0000e+00
      21089    878.647     67.000    -0.0478   2.797196    -0.6932   2.704613      97.21     0.0310     2.4658     2.7402  1.9548229  0.5653236   47.00042  -47.49490    33.5997    33.0713    -0.0500    -0.6950    26.9783    26.5792    5.68465    7.77294         14 0.0000e+00
      21103    879.269     66.000    -0.0579   2.796074    -0.6942   2.704060      97.15     0.0309     2.4686     2.7407  1.9548229  0.5653236   47.00042  -47.49488    33.5966    33.0655    -0.0601    -0.6959    26.9762    26.5746    5.68303    7.75587         16 0.0000e+00
      21121    879.986     65.000    -0.0705   2.794596    -0.7187   2.701652      97.03     0.0294     2.4721     2.7413  1.9545077  0.5602800   47.00042  -47.49488    33.5914    33.0606    -0.0727    -0.7204    26.9727    26.5715    5.68924    7.74876         19 0.0000e+00
      21142    880.875     64.000    -0.0909   2.791890    -0.7557   2.698229      97.09     0.0332     2.4752     2.7411  1.9547161  0.5592406   47.00042  -47.49488    33.5786    33.0556    -0.0930    -0.7574    26.9633    26.5688    5.68727    7.75917         24 0.0000e+00
      21168    881.965     63.000    -0.1189   2.788588    -0.7901   2.694902      97.04     0.0295     2.4780     2.7422  1.9530483  0.5564875   47.00042  -47.49487    33.5662    33.0489    -0.1210    -0.7918    26.9547    26.5647    5.69818    7.79798         27 0.0000e+00
      21194    883.051     62.000    -0.1410   2.786260    -0.7806   2.695001      96.49     0.0270     2.4823     2.7455  1.9523752  0.5553998   47.00040  -47.49486    33.5602    33.0403    -0.1430    -0.7823    26.9508    26.5574    5.73167    7.81512         25 0.0000e+00
      21216    883.973     61.000    -0.1536   2.784855    -0.7608   2.695977      72.84     0.0245     2.4860     2.7487  1.9532908  0.5539775   47.00040  -47.49486    33.5560    33.0325    -0.1556    -0.7624    26.9480    26.5504    5.75078    7.83248         20 0.0000e+00
      21235    884.739     60.000    -0.1635   2.783665    -0.7381   2.697449      97.34     0.0255     2.4897     2.7512  1.9535286  0.5535662   47.00040  -47.49486    33.5516    33.0281    -0.1654    -0.7396    26.9450    26.5460    5.77970    7.81517         16 0.0000e+00
      21251    885.405     59.000    -0.1721   2.782350    -0.7203   2.698701      96.94     0.0287     2.4942     2.7520  1.9536030  0.5535715   47.00040  -47.49486    33.5442    33.0261    -0.1740    -0.7218    26.9394    26.5437    5.80521    7.78359         16 0.0000e+00
      21266    886.033     58.000    -0.1807   2.781077    -0.7156   2.698951      97.09     0.0269     2.4982     2.7514  1.9548062  0.5493465   47.00040  -47.49484    33.5374    33.0250    -0.1826    -0.7172    26.9343    26.5426    5.82173    7.76842         15 0.0000e+00
      21281    886.660     57.000    -0.1893   2.780041    -0.7464   2.696072      96.85     0.0269     2.5025     2.7512  1.9548229  0.5489659   47.00039  -47.49484    33.5336    33.0205    -0.1911    -0.7479    26.9317    26.5401    5.83777    7.77965         15 0.0000e+00
      21298    887.370     56.000    -0.1988   2.778989    -0.7856   2.691927      97.08     0.0292     2.5071     2.7512  1.9546953  0.5490643   47.00038  -47.49484    33.5307    33.0081    -0.2006    -0.7871    26.9298    26.5315    5.85179    7.82440         19 0.0000e+00
      21320    888.287     55.000    -0.2124   2.776800    -0.7812   2.691721      96.97     0.0292     2.5134     2.7555  1.9536312  0.5477492   47.00038  -47.49484    33.5172    33.0011    -0.2142    -0.7826    26.9195    26.5257    5.86527    7.90306         26 0.0000e+00
      21346    889.380     54.000    -0.2333   2.774137    -0.7690   2.692410      92.09     0.0284     2.5194     2.7642  1.9533565  0.5466614   47.00038  -47.49482    33.5054    32.9976    -0.2350    -0.7704    26.9109    26.5224    5.87598    7.97101         25 0.0000e+00
      21368    890.291     53.000    -0.2469   2.772888    -0.7544   2.693381      75.18     0.0249     2.5243     2.7721  1.9522527  0.5457878   47.00038  -47.49482    33.5042    32.9953    -0.2485    -0.7558    26.9106    26.5200    5.89307    8.00053         19 0.0000e+00
      21385    891.000     52.000    -0.2545   2.771854    -0.7435   2.694104      96.94     0.0286     2.5279     2.7789  1.9522995  0.5458690   47.00038  -47.49482    33.4995    32.9938    -0.2561    -0.7449    26.9071    26.5184    5.90904    8.01853         15 0.0000e+00
      21400    891.609     51.000    -0.2603   2.770851    -0.7601   2.692250      96.97     0.0308     2.5318     2.7838  1.9526455  0.5454350   47.00038  -47.49482    33.4931    32.9875    -0.2619    -0.7615    26.9022    26.5139    5.91261    8.04013         14 0.0000e+00
      21414    892.190     50.000    -0.2651   2.770112    -0.7990   2.688110      97.01     0.0295     2.5340     2.7894  1.9536064  0.5445626   47.00036  -47.49482    33.4892    32.9748    -0.2667    -0.8003    26.8992    26.5050    5.91358    8.07544         14 0.0000e+00
      21428    892.793     49.000    -0.2703   2.769242    -0.8352   2.684243      96.96     0.0290     2.5369     2.7952  1.9536020  0.5445666   47.00036  -47.49481    33.4838    32.9627    -0.2718    -0.8364    26.8951    26.4965    5.92277    8.09169         15 0.0000e+00
      21444    893.475     48.000    -0.2773   2.768236    -0.8618   2.681263      97.00     0.0282     2.5403     2.8004  1.9536020  0.5438245   47.00036  -47.49480    33.4788    32.9522    -0.2788    -0.8630    26.8914    26.4890    5.94001    8.09927         18 0.0000e+00
      21465    894.326     47.000    -0.2842   2.767211    -0.8196   2.684111      97.06     0.0307     2.5448     2.8068  1.9529176  0.5409280   47.00036  -47.49480    33.4733    32.9451    -0.2857    -0.8208    26.8873    26.4817    5.95495    8.12646         23 0.0000e+00
      21490    895.376     46.000    -0.2943   2.765867    -0.6875   2.694221      96.96     0.0314     2.5503     2.8178  1.9523214  0.5406637   47.00034  -47.49480    33.4671    32.9378    -0.2957    -0.6888    26.8827    26.4710    5.97755    8.17953         26 0.0000e+00
      21515    896.400     45.000    -0.3048   2.764653    -0.5496   2.704933      72.90     0.0300     2.5546     2.8296  1.9500425  0.5387874   47.00034  -47.49478    33.4630    32.9321    -0.3062    -0.5508    26.8799    26.4610    5.96196    8.16930         23 0.0000e+00
      21535    897.260     44.000    -0.3120   2.763643    -0.4758   2.710686      97.23     0.0290     2.5575     2.8382  1.9502622  0.5390424   47.00034  -47.49478    33.4581    32.9296    -0.3133    -0.4770    26.8762    26.4560    5.97639    8.15541         19 0.0000e+00
      21553    898.009     43.000    -0.3184   2.762856    -0.4360   2.713598      96.94     0.0308     2.5604     2.8445  1.9509530  0.5371454   47.00034  -47.49478    33.4553    32.9259    -0.3197    -0.4372    26.8742    26.4514    5.98900    8.15543         17 0.0000e+00
      21570    898.702     42.000    -0.3235   2.762239    -0.3768   2.717801      96.95     0.0364     2.5630     2.8505  1.9510869  0.5368128   47.00034  -47.49477    33.4532    32.9185    -0.3248    -0.3781    26.8728    26.4429    5.99366    8.16390         17 0.0000e+00
      21586    899.382     41.000    -0.3284   2.761660    -0.3367   2.720711      96.94     0.0378     2.5653     2.8563  1.9506350  0.5370076   47.00034  -47.49476    33.4514    32.9144    -0.3296    -0.3379    26.8715    26.4379    6.00214    8.18432         16 0.0000e+00
      21603    900.071     40.000    -0.3334   2.761207    -0.3168   2.722163      96.78     0.0383     2.5682     2.8633  1.9421868  0.5469769   47.00032  -47.49476    33.4515    32.9128    -0.3346    -0.3180    26.8719    26.4358    6.01213    8.21693         17 0.0000e+00
      21620    900.796     39.000    -0.3378   2.760622    -0.2875   2.723844      96.85     0.0412     2.5705     2.8708  1.9420695  0.5474097   47.00032  -47.49476    33.4491    32.9040    -0.3390    -0.2886    26.8701    26.4274    6.02411    8.24319         18 0.0000e+00
      21639    901.595     38.000    -0.3420   2.760035    -0.1492   2.733660      96.93     0.0461     2.5742     2.8798  1.9394704  0.5526823   47.00032  -47.49476    33.4465    32.8855    -0.3431    -0.1503    26.8682    26.4063    6.04256    8.22072         20 0.0000e+00
      21661    902.505     37.000    -0.3461   2.759443     0.0498   2.749367      96.76     0.0551     2.5784     2.8871  1.9348574  0.5615091   47.00032  -47.49475    33.4438    32.8795    -0.3472     0.0486    26.8661    26.3922    6.05644    8.16848         24 0.0000e+00
