data/CTD/2013/CNV/U021A052.CNV
* Sea-Bird SBE 9 Data File:
* FileName = C:\CTD_ACQUISITION\2013021HUD\ctddata\021A052.hdr
* Software Version Seasave V 7.22.2
* Temperature SN = 5081
* Conductivity SN = 3561
* Number of Bytes Per Scan = 37
* Number of Voltage Words = 4
* Number of Scans Averaged by the Deck Unit = 1
* NMEA Latitude = 48 48.44 N
* NMEA Longitude = 045 41.76 W
* NMEA UTC (Time) = Jul 05 2013 04:01:06
* NMEA baud rate = 9600
** Ship: Hudson
** Cruise: HUD2013021
** Chief_Scientist: Greenan
** Organization: BIO
** Area_of_Operation: Sackville Spur
** Station: 52
** Sounding:  1600
** Event_Comments: SS25  393213
# nquan = 25
# nvalues = 1810                        
# units = specified
# name 0 = scan: Scan Count
# name 1 = timeS: Time, Elapsed [seconds]
# name 2 = prDM: Pressure, Digiquartz [db]
# name 3 = t068C: Temperature [ITS-68, deg C]
# name 4 = c0S/m: Conductivity [S/m]
# name 5 = t168C: Temperature, 2 [ITS-68, deg C]
# name 6 = c1S/m: Conductivity, 2 [S/m]
# name 7 = altM: Altimeter [m]
# name 8 = flCUVA: Fluorescence, Chelsea UV Aquatracka [ug/l]
# name 9 = sbeox0V: Oxygen raw, SBE 43 [V]
# name 10 = sbeox1V: Oxygen raw, SBE 43, 2 [V]
# name 11 = upoly0: Upoly 0, Optode 4330F - O2 D-Phase
# name 12 = upoly1: Upoly 1, Optode 4330F - O2 Temp
# name 13 = latitude: Latitude [deg]
# name 14 = longitude: Longitude [deg]
# name 15 = sal00: Salinity, Practical [PSU]
# name 16 = sal11: Salinity, Practical, 2 [PSU]
# name 17 = potemp068C: Potential Temperature [ITS-68, deg C]
# name 18 = potemp168C: Potential Temperature, 2 [ITS-68, deg C]
# name 19 = sigma-é00: Density [sigma-theta, Kg/m^3]
# name 20 = sigma-é11: Density, 2 [sigma-theta, Kg/m^3]
# name 21 = sbeox0ML/L: Oxygen, SBE 43 [ml/l], WS = 2
# name 22 = sbeox1ML/L: Oxygen, SBE 43, 2 [ml/l], WS = 2
# name 23 = nbin: number of scans per bin
# name 24 = flag: flag
# span 0 =      49708,      87021       
# span 1 =   2071.146,   3625.852       
# span 2 =      1.000,   1810.000       
# span 3 =     2.9365,     8.7705       
# span 4 =   3.116517,   3.607015       
# span 5 =     2.9236,     8.7819       
# span 6 =   3.116744,   3.609137       
# span 7 =       7.89,      98.73       
# span 8 =     0.0030,     0.9143       
# span 9 =     2.3351,     3.3685       
# span 10 =     2.0995,     3.0027      
# span 11 =  1.6786827,  2.0759453      
# span 12 =  1.0033574,  1.7145297      
# span 13 =   48.80794,   48.81028      
# span 14 =  -45.69497,  -45.69400      
# span 15 =    34.0123,    34.9220      
# span 16 =    34.0353,    34.9384      
# span 17 =     2.9319,     8.7699      
# span 18 =     2.9189,     8.7812      
# span 19 =    26.4279,    27.8149      
# span 20 =    26.4400,    27.8281      
# span 21 =    5.87106,    7.12907      
# span 22 =    5.53901,    7.24171      
# span 23 =         12,        209      
# span 24 = 0.0000e+00, 0.0000e+00      
# interval = decibars: 1                
# start_time = Jul 05 2013 04:01:06 [NMEA time, header]
# bad_flag = -9.990e-29
*END*
[from data line 696]
      64210   2675.354   1114.000     3.7416   3.274319     3.7416   3.275688      95.15     0.0086     2.5314     2.2581  2.0290744  1.0937881   48.80890  -45.69454    34.9107    34.9270     3.6578     3.6577    27.7504    27.7634    5.92372    6.07259         16 0.0000e+00
      64226   2676.051   1113.000     3.7420   3.274303     3.7418   3.275659      95.85     0.0087     2.5312     2.2580  2.0284328  1.0936798   48.80890  -45.69454    34.9107    34.9269     3.6583     3.6580    27.7503    27.7633    5.92596    6.07100         18 0.0000e+00
      64246   2676.896   1112.000     3.7421   3.274275     3.7418   3.275623      46.34     0.0083     2.5316     2.2584  2.0284538  1.0934392   48.80891  -45.69454    34.9107    34.9270     3.6585     3.6582    27.7503    27.7633    5.92657    6.07651         23 0.0000e+00
      64272   2677.945   1111.000     3.7422   3.274232     3.7417   3.275563      95.51     0.0127     2.5317     2.2586  2.0285535  1.0935484   48.80892  -45.69454    34.9106    34.9269     3.6587     3.6581    27.7502    27.7633    5.92387    6.07371         26 0.0000e+00
      64296   2678.968   1110.000     3.7422   3.274186     3.7420   3.275538      94.69     0.0147     2.5320     2.2589  2.0286407  1.0934596   48.80892  -45.69454    34.9105    34.9268     3.6588     3.6585    27.7502    27.7632    5.92993    6.08654         22 0.0000e+00
      64316   2679.811   1109.000     3.7425   3.274157     3.7424   3.275525      95.01     0.0179     2.5326     2.2603  2.0283990  1.0940299   48.80892  -45.69454    34.9104    34.9267     3.6591     3.6590    27.7501    27.7630    5.93735    6.09357         19 0.0000e+00
      64335   2680.597   1108.000     3.7427   3.274133     3.7427   3.275515      95.88     0.0161     2.5335     2.2608  2.0288620  1.0940171   48.80892  -45.69454    34.9104    34.9268     3.6594     3.6594    27.7500    27.7631    5.93674    6.08739         19 0.0000e+00
      64355   2681.408   1107.000     3.7430   3.274122     3.7429   3.275476      66.17     0.0130     2.5340     2.2613  2.0289543  1.0940171   48.80892  -45.69454    34.9104    34.9267     3.6598     3.6596    27.7500    27.7629    5.93704    6.08435         21 0.0000e+00
      64376   2682.306   1106.000     3.7433   3.274089     3.7428   3.275429      70.95     0.0104     2.5345     2.2615  2.0290260  1.0940171   48.80894  -45.69454    34.9103    34.9266     3.6602     3.6597    27.7498    27.7629    5.93909    6.07987         22 0.0000e+00
      64400   2683.272   1105.000     3.7434   3.274051     3.7430   3.275395      96.44     0.0090     2.5355     2.2616  2.0288758  1.0940171   48.80894  -45.69454    34.9103    34.9266     3.6603     3.6599    27.7498    27.7628    5.93162    6.07668         23 0.0000e+00
      64422   2684.206   1104.000     3.7436   3.274024     3.7435   3.275387      82.40     0.0074     2.5351     2.2618  2.0285769  1.0940171   48.80894  -45.69454    34.9102    34.9264     3.6606     3.6605    27.7497    27.7627    5.93019    6.08772         22 0.0000e+00
      64443   2685.072   1103.000     3.7438   3.273984     3.7442   3.275396      50.12     0.0089     2.5356     2.2627  2.0288799  1.0940171   48.80894  -45.69452    34.9101    34.9263     3.6609     3.6613    27.7496    27.7625    5.93744    6.08906         20 0.0000e+00
      64463   2685.911   1102.000     3.7444   3.273986     3.7449   3.275398      96.69     0.0098     2.5365     2.2631  2.0281305  1.0940171   48.80894  -45.69452    34.9100    34.9262     3.6616     3.6620    27.7494    27.7623    5.93823    6.08777         20 0.0000e+00
      64483   2686.733   1101.000     3.7451   3.273993     3.7455   3.275410      95.29     0.0137     2.5363     2.2635  2.0281441  1.0940171   48.80895  -45.69452    34.9098    34.9261     3.6623     3.6628    27.7492    27.7622    5.93273    6.08029         20 0.0000e+00
      64502   2687.526   1100.000     3.7456   3.273996     3.7457   3.275384      56.10     0.0101     2.5370     2.2632  2.0280826  1.0940171   48.80896  -45.69452    34.9098    34.9261     3.6629     3.6630    27.7492    27.7622    5.94100    6.07769         18 0.0000e+00
      64520   2688.283   1099.000     3.7460   3.273981     3.7459   3.275347      49.19     0.0104     2.5377     2.2636  2.0280831  1.0940171   48.80896  -45.69452    34.9097    34.9260     3.6634     3.6633    27.7490    27.7621    5.94014    6.08542         18 0.0000e+00
      64538   2689.032   1098.000     3.7462   3.273957     3.7459   3.275307      89.81     0.0132     2.5377     2.2639  2.0280831  1.0940171   48.80896  -45.69452    34.9097    34.9260     3.6637     3.6634    27.7490    27.7620    5.93865    6.08459         18 0.0000e+00
      64557   2689.818   1097.000     3.7463   3.273917     3.7459   3.275268      94.82     0.0117     2.5387     2.2641  2.0280831  1.0940171   48.80896  -45.69452    34.9096    34.9261     3.6639     3.6635    27.7489    27.7621    5.94571    6.08637         20 0.0000e+00
      64577   2690.671   1096.000     3.7463   3.273884     3.7461   3.275238      44.23     0.0103     2.5391     2.2648  2.0280831  1.0940171   48.80896  -45.69452    34.9097    34.9261     3.6640     3.6637    27.7490    27.7620    5.93802    6.08710         21 0.0000e+00
      64599   2691.581   1095.000     3.7465   3.273853     3.7463   3.275213      90.84     0.0162     2.5390     2.2651  2.0280831  1.0940171   48.80896  -45.69452    34.9097    34.9260     3.6643     3.6640    27.7489    27.7620    5.93773    6.08901         22 0.0000e+00
      64620   2692.463   1094.000     3.7466   3.273813     3.7470   3.275225      95.88     0.0180     2.5399     2.2656  2.0280831  1.0940171   48.80898  -45.69452    34.9097    34.9259     3.6644     3.6648    27.7489    27.7618    5.93769    6.09024         21 0.0000e+00
      64640   2693.298   1093.000     3.7470   3.273804     3.7475   3.275217      74.71     0.0146     2.5397     2.2662  2.0280230  1.0940771   48.80898  -45.69450    34.9096    34.9258     3.6649     3.6654    27.7488    27.7617    5.94047    6.08895         20 0.0000e+00
      64660   2694.128   1092.000     3.7475   3.273797     3.7479   3.275200      57.12     0.0126     2.5406     2.2665  2.0279622  1.0940185   48.80898  -45.69450    34.9095    34.9257     3.6655     3.6659    27.7486    27.7615    5.94426    6.08684         20 0.0000e+00
      64681   2694.998   1091.000     3.7482   3.273814     3.7486   3.275211      95.66     0.0137     2.5409     2.2665  2.0280247  1.0940171   48.80899  -45.69450    34.9094    34.9257     3.6663     3.6696    27.7485    27.7614    5.94446    6.08163         21 0.0000e+00
      64703   2695.912   1090.000     3.7489   3.273818     3.7490   3.275201      56.76     0.0130     2.5416     2.2666  2.0280840  1.0940171   48.80900  -45.69450    34.9093    34.9256     3.6670     3.6700    27.7484    27.7613    5.94281    6.08567         22 0.0000e+00
      64725   2696.835   1089.000     3.7493   3.273806     3.7492   3.275170      32.19     0.0102     2.5419     2.2670  2.0280831  1.0940171   48.80900  -45.69450    34.9092    34.9255     3.6676     3.6674    27.7482    27.7612    5.93802    6.08115         23 0.0000e+00
      64747   2697.736   1088.000     3.7497   3.273785     3.7496   3.275144      93.47     0.0121     2.5420     2.2667  2.0271099  1.0940171   48.80900  -45.69450    34.9090    34.9253     3.6680     3.6678    27.7481    27.7611    5.93727    6.07693         21 0.0000e+00
      64767   2698.593   1087.000     3.7498   3.273758     3.7498   3.275110      94.36     0.0156     2.5421     2.2668  2.0268652  1.0940171   48.80900  -45.69450    34.9091    34.9252     3.6682     3.6713    27.7481    27.7609    5.93902    6.08245         20 0.0000e+00
      64787   2699.412   1086.000     3.7500   3.273719     3.7500   3.275089      56.51     0.0145     2.5425     2.2671  2.0268621  1.0942088   48.80900  -45.69450    34.9090    34.9253     3.6685     3.6684    27.7480    27.7609    5.94559    6.09322         19 0.0000e+00
      64806   2700.211   1085.000     3.7503   3.273700     3.7502   3.275067      61.74     0.0172     2.5433     2.2681  2.0268621  1.0943389   48.80900  -45.69450    34.9090    34.9252     3.6688     3.6688    27.7479    27.7609    5.94437    6.09923         19 0.0000e+00
      64825   2701.021   1084.000     3.7507   3.273683     3.7507   3.275053      95.82     0.0156     2.5430     2.2688  2.0268621  1.0945054   48.80902  -45.69450    34.9088    34.9251     3.6693     3.6693    27.7478    27.7607    5.94105    6.09501         20 0.0000e+00
      64846   2701.865   1083.000     3.7511   3.273667     3.7509   3.275030      95.39     0.0143     2.5441     2.2693  2.0268621  1.0942526   48.80902  -45.69450    34.9088    34.9251     3.6698     3.6696    27.7477    27.7607    5.95254    6.09868         21 0.0000e+00
      64867   2702.743   1082.000     3.7513   3.273644     3.7511   3.274990      37.60     0.0146     2.5446     2.2703  2.0268621  1.0945381   48.80902  -45.69450    34.9087    34.9250     3.6701     3.6698    27.7476    27.7606    5.95146    6.10090         21 0.0000e+00
      64888   2703.607   1081.000     3.7514   3.273607     3.7512   3.274961      95.60     0.0132     2.5457     2.2709  2.0268621  1.0948118   48.80902  -45.69450    34.9087    34.9250     3.6703     3.6700    27.7476    27.7606    5.95332    6.10008         20 0.0000e+00
      64907   2704.430   1080.000     3.7516   3.273581     3.7516   3.274945      95.87     0.0112     2.5460     2.2715  2.0267968  1.0946573   48.80902  -45.69450    34.9087    34.9249     3.6706     3.6739    27.7475    27.7604    5.95023    6.09516         19 0.0000e+00
      64926   2705.210   1079.000     3.7519   3.273554     3.7519   3.274920      84.32     0.0132     2.5466     2.2716  2.0268624  1.0949818   48.80902  -45.69448    34.9085    34.9248     3.6710     3.6709    27.7474    27.7603    5.95156    6.09191         19 0.0000e+00
      64945   2705.989   1078.000     3.7523   3.273528     3.7519   3.274888      42.22     0.0155     2.5470     2.2718  2.0268621  1.0951078   48.80904  -45.69448    34.9084    34.9249     3.6714     3.6710    27.7472    27.7604    5.94487    6.09282         19 0.0000e+00
      64964   2706.797   1077.000     3.7525   3.273504     3.7521   3.274853      62.44     0.0173     2.5468     2.2720  2.0268621  1.0951757   48.80904  -45.69448    34.9084    34.9248     3.6717     3.6712    27.7472    27.7603    5.94191    6.09380         20 0.0000e+00
      64984   2707.642   1076.000     3.7527   3.273482     3.7526   3.274833      85.69     0.0162     2.5471     2.2723  2.0268621  1.0951771   48.80904  -45.69448    34.9084    34.9246     3.6720     3.6718    27.7472    27.7600    5.93944    6.09216         20 0.0000e+00
      65005   2708.490   1075.000     3.7531   3.273462     3.7531   3.274825      58.38     0.0137     2.5464     2.2723  2.0268621  1.0952389   48.80904  -45.69448    34.9083    34.9245     3.6724     3.6724    27.7470    27.7599    5.94618    6.08817         20 0.0000e+00
      65025   2709.324   1074.000     3.7534   3.273437     3.7533   3.274799      70.01     0.0154     2.5478     2.2724  2.0264904  1.0952381   48.80904  -45.69448    34.9081    34.9244     3.6729     3.6727    27.7468    27.7599    5.95030    6.09055         20 0.0000e+00
      65045   2710.166   1073.000     3.7536   3.273399     3.7535   3.274769      95.15     0.0150     2.5478     2.2727  2.0261645  1.0952381   48.80904  -45.69448    34.9080    34.9243     3.6731     3.6730    27.7467    27.7597    5.94763    6.09762         21 0.0000e+00
      65066   2711.052   1072.000     3.7538   3.273373     3.7537   3.274731      92.34     0.0152     2.5483     2.2735  2.0258667  1.0952381   48.80906  -45.69448    34.9079    34.9242     3.6735     3.6733    27.7466    27.7596    5.94412    6.10216         22 0.0000e+00
      65089   2712.005   1071.000     3.7542   3.273353     3.7539   3.274697      43.47     0.0164     2.5481     2.2739  2.0249994  1.0952381   48.80906  -45.69448    34.9079    34.9241     3.6739     3.6735    27.7465    27.7595    5.94743    6.09512         23 0.0000e+00
      65113   2712.990   1070.000     3.7544   3.273314     3.7541   3.274672      95.32     0.0152     2.5490     2.2741  2.0252142  1.0952381   48.80906  -45.69448    34.9077    34.9241     3.6741     3.6739    27.7464    27.7594    5.95307    6.08773         23 0.0000e+00
      65135   2713.932   1069.000     3.7546   3.273286     3.7545   3.274647      95.86     0.0136     2.5498     2.2739  2.0232251  1.0952381   48.80906  -45.69448    34.9076    34.9239     3.6745     3.6744    27.7463    27.7592    5.95214    6.08857         21 0.0000e+00
      65156   2714.798   1068.000     3.7550   3.273263     3.7550   3.274636      15.57     0.0098     2.5499     2.2740  2.0233233  1.0952381   48.80906  -45.69448    34.9074    34.9238     3.6750     3.6781    27.7461    27.7591    5.95925    6.09196         20 0.0000e+00
      65175   2715.603   1067.000     3.7556   3.273260     3.7554   3.274627      96.60     0.0106     2.5514     2.2743  2.0236566  1.0952381   48.80906  -45.69448    34.9073    34.9237     3.6756     3.6753    27.7459    27.7590    5.96707    6.09632         19 0.0000e+00
      65194   2716.357   1066.000     3.7560   3.273250     3.7559   3.274616      95.84     0.0120     2.5520     2.2749  2.0242863  1.0952381   48.80908  -45.69448    34.9073    34.9236     3.6761     3.6759    27.7458    27.7589    5.95614    6.10173         18 0.0000e+00
      65211   2717.083   1065.000     3.7564   3.273235     3.7561   3.274588      95.86     0.0101     2.5524     2.2755  2.0246351  1.0952381   48.80908  -45.69448    34.9072    34.9236     3.6765     3.6762    27.7457    27.7588    5.95131    6.10664         17 0.0000e+00
      65228   2717.806   1064.000     3.7567   3.273222     3.7565   3.274581      25.75     0.0119     2.5520     2.2763  2.0232787  1.0952381   48.80908  -45.69448    34.9072    34.9236     3.6770     3.6767    27.7457    27.7587    5.95951    6.10253         18 0.0000e+00
      65246   2718.556   1063.000     3.7570   3.273203     3.7570   3.274568      94.18     0.0100     2.5537     2.2764  2.0231998  1.0952381   48.80908  -45.69448    34.9071    34.9234     3.6774     3.6773    27.7456    27.7586    5.96898    6.09638         18 0.0000e+00
      65266   2719.362   1062.000     3.7574   3.273186     3.7571   3.274536      95.23     0.0110     2.5538     2.2768  2.0231991  1.0952381   48.80908  -45.69448    34.9070    34.9233     3.6778     3.6775    27.7455    27.7585    5.95622    6.10078         20 0.0000e+00
      65287   2720.233   1061.000     3.7576   3.273153     3.7572   3.274507      78.55     0.0093     2.5544     2.2772  2.0231991  1.0952381   48.80908  -45.69448    34.9070    34.9234     3.6781     3.6777    27.7454    27.7585    5.96030    6.10200         22 0.0000e+00
      65308   2721.119   1060.000     3.7578   3.273119     3.7575   3.274477      52.47     0.0102     2.5547     2.2778  2.0232568  1.0952381   48.80910  -45.69448    34.9069    34.9233     3.6783     3.6780    27.7453    27.7584    5.96082    6.10845         21 0.0000e+00
      65328   2721.970   1059.000     3.7580   3.273095     3.7577   3.274442      94.88     0.0109     2.5552     2.2787  2.0236828  1.0952381   48.80910  -45.69448    34.9069    34.9232     3.6786     3.6783    27.7453    27.7583    5.95299    6.10830         20 0.0000e+00
      65348   2722.781   1058.000     3.7581   3.273062     3.7578   3.274415      95.86     0.0115     2.5549     2.2791  2.0239029  1.0952381   48.80910  -45.69448    34.9069    34.9233     3.6789     3.6785    27.7452    27.7584    5.95590    6.10577         19 0.0000e+00
