data/CTD/2013/CNV/U021A055.CNV
* Sea-Bird SBE 9 Data File:
* FileName = C:\CTD_ACQUISITION\2013021HUD\ctddata\021A055.hdr
* Software Version Seasave V 7.22.2
* Temperature SN = 5081
* Conductivity SN = 3561
* Number of Bytes Per Scan = 37
* Number of Voltage Words = 4
* Number of Scans Averaged by the Deck Unit = 1
* NMEA Latitude = 48 38.94 N
* NMEA Longitude = 045 31.50 W
* NMEA UTC (Time) = Jul 05 2013 08:04:59
* NMEA baud rate = 9600
** Ship: Hudson
** Cruise: HUD2013021
** Chief_Scientist: Greenan
** Organization: BIO
** Area_of_Operation: Sackville Spur
** Station: 55
** Sounding:  1100
** Event_Comments: SS22  393219
# nquan = 25
# nvalues = 1130                        
# units = specified
# name 0 = scan: Scan Count
# name 1 = timeS: Time, Elapsed [seconds]
# name 2 = prDM: Pressure, Digiquartz [db]
# name 3 = t068C: Temperature [ITS-68, deg C]
# name 4 = c0S/m: Conductivity [S/m]
# name 5 = t168C: Temperature, 2 [ITS-68, deg C]
# name 6 = c1S/m: Conductivity, 2 [S/m]
# name 7 = altM: Altimeter [m]
# name 8 = flCUVA: Fluorescence, Chelsea UV Aquatracka [ug/l]
# name 9 = sbeox0V: Oxygen raw, SBE 43 [V]
# name 10 = sbeox1V: Oxygen raw, SBE 43, 2 [V]
# name 11 = upoly0: Upoly 0, Optode 4330F - O2 D-Phase
# name 12 = upoly1: Upoly 1, Optode 4330F - O2 Temp
# name 13 = latitude: Latitude [deg]
# name 14 = longitude: Longitude [deg]
# name 15 = sal00: Salinity, Practical [PSU]
# name 16 = sal11: Salinity, Practical, 2 [PSU]
# name 17 = potemp068C: Potential Temperature [ITS-68, deg C]
# name 18 = potemp168C: Potential Temperature, 2 [ITS-68, deg C]
# name 19 = sigma-é00: Density [sigma-theta, Kg/m^3]
# name 20 = sigma-é11: Density, 2 [sigma-theta, Kg/m^3]
# name 21 = sbeox0ML/L: Oxygen, SBE 43 [ml/l], WS = 2
# name 22 = sbeox1ML/L: Oxygen, SBE 43, 2 [ml/l], WS = 2
# name 23 = nbin: number of scans per bin
# name 24 = flag: flag
# span 0 =      33316,      60381       
# span 1 =   1388.116,   2515.846       
# span 2 =      1.000,   1130.000       
# span 3 =     1.8213,     7.1007       
# span 4 =   2.989633,   3.401372       
# span 5 =     1.8140,     7.0924       
# span 6 =   2.989695,   3.403052       
# span 7 =       7.38,      97.34       
# span 8 =     0.0027,     0.4382       
# span 9 =     2.5168,     3.3523       
# span 10 =     2.2631,     3.0071      
# span 11 =  1.7150627,  2.0354203      
# span 12 =  0.8669531,  1.5067515      
# span 13 =   48.64658,   48.64810      
# span 14 =  -45.52560,  -45.52446      
# span 15 =    33.4814,    34.9144      
# span 16 =    33.4580,    34.9308      
# span 17 =     1.8194,     7.1007      
# span 18 =     1.8121,     7.0921      
# span 19 =    26.2281,    27.7569      
# span 20 =    26.2422,    27.7700      
# span 21 =    5.89127,    8.16658      
# span 22 =    6.07856,    8.51980      
# span 23 =         10,        949      
# span 24 = 0.0000e+00, 0.0000e+00      
# interval = decibars: 1                
# start_time = Jul 05 2013 08:04:59 [NMEA time, header]
# bad_flag = -9.990e-29
*END*
[from data line 464]
      44050   1835.368    666.000     3.9656   3.273485     3.9656   3.274857      77.28     0.0141     2.7257     2.4344  1.9695454  1.1216481   48.64662  -45.52498    34.8949    34.9111     3.9166     3.9166    27.7114    27.7243    6.12949    6.26762         35 0.0000e+00
      44082   1836.692    665.000     3.9656   3.273444     3.9663   3.274869      96.14     0.0141     2.7260     2.4345  1.9696671  1.1221166   48.64662  -45.52498    34.8949    34.9111     3.9167     3.9174    27.7114    27.7242    6.13163    6.27120         26 0.0000e+00
      44104   1837.631    664.000     3.9669   3.273505     3.9671   3.274893      90.22     0.0170     2.7268     2.4348  1.9695325  1.1221001   48.64662  -45.52498    34.8948    34.9110     3.9181     3.9183    27.7111    27.7240    6.13954    6.27001         20 0.0000e+00
      44124   1838.438    663.000     3.9685   3.273631     3.9684   3.274996      95.27     0.0134     2.7278     2.4347  1.9696581  1.1221001   48.64662  -45.52497    34.8951    34.9114     3.9197     3.9197    27.7112    27.7242    6.14028    6.26775         20 0.0000e+00
      44143   1839.240    662.000     3.9691   3.273649     3.9691   3.275009      95.60     0.0136     2.7279     2.4351  1.9696676  1.1221001   48.64662  -45.52496    34.8952    34.9114     3.9205     3.9204    27.7112    27.7241    6.13349    6.27027         19 0.0000e+00
      44164   1840.119    661.000     3.9694   3.273625     3.9694   3.274995      95.30     0.0103     2.7286     2.4351  1.9695290  1.1221001   48.64662  -45.52496    34.8951    34.9114     3.9208     3.9208    27.7111    27.7241    6.14042    6.26670         23 0.0000e+00
      44188   1841.123    660.000     3.9695   3.273598     3.9694   3.274948      94.26     0.0128     2.7293     2.4354  1.9695725  1.1221001   48.64662  -45.52496    34.8952    34.9114     3.9210     3.9208    27.7112    27.7241    6.13806    6.27024         25 0.0000e+00
      44214   1842.217    659.000     3.9696   3.273547     3.9693   3.274884      93.32     0.0085     2.7298     2.4357  1.9694742  1.1221001   48.64660  -45.52496    34.8951    34.9112     3.9211     3.9208    27.7111    27.7239    6.13655    6.27044         27 0.0000e+00
      44240   1843.285    658.000     3.9694   3.273483     3.9692   3.274811      95.60     0.0079     2.7302     2.4362  1.9694749  1.1221001   48.64660  -45.52496    34.8950    34.9110     3.9211     3.9208    27.7110    27.7238    6.13627    6.27250         25 0.0000e+00
      44265   1844.315    657.000     3.9693   3.273423     3.9690   3.274732      92.93     0.0113     2.7307     2.4366  1.9695259  1.1221001   48.64660  -45.52496    34.8949    34.9108     3.9211     3.9207    27.7109    27.7236    6.14059    6.27929         24 0.0000e+00
      44289   1845.323    656.000     3.9695   3.273376     3.9698   3.274756      94.05     0.0111     2.7311     2.4379  1.9695258  1.1221001   48.64660  -45.52496    34.8947    34.9107     3.9213     3.9216    27.7107    27.7235    6.14264    6.28453         24 0.0000e+00
      44313   1846.339    655.000     3.9707   3.273435     3.9713   3.274855      92.12     0.0140     2.7322     2.4387  1.9694746  1.1221001   48.64660  -45.52496    34.8947    34.9109     3.9225     3.9231    27.7106    27.7234    6.14951    6.28445         25 0.0000e+00
      44338   1847.380    654.000     3.9730   3.273623     3.9736   3.275032      94.33     0.0166     2.7332     2.4398  1.9694749  1.1221001   48.64660  -45.52496    34.8950    34.9111     3.9249     3.9271    27.7106    27.7233    6.14322    6.28835         25 0.0000e+00
      44364   1848.456    653.000     3.9751   3.273770     3.9755   3.275170      95.63     0.0164     2.7336     2.4407  1.9695652  1.1221001   48.64660  -45.52496    34.8950    34.9112     3.9271     3.9274    27.7104    27.7233    6.14447    6.28452         27 0.0000e+00
      44390   1849.545    652.000     3.9765   3.273857     3.9763   3.275208      91.05     0.0183     2.7338     2.4410  1.9695237  1.1221001   48.64660  -45.52496    34.8951    34.9112     3.9286     3.9284    27.7103    27.7232    6.14062    6.27319         25 0.0000e+00
      44414   1850.553    651.000     3.9774   3.273890     3.9774   3.275270      95.68     0.0173     2.7345     2.4402  1.9682400  1.1221538   48.64660  -45.52496    34.8951    34.9114     3.9295     3.9295    27.7102    27.7232    6.14378    6.25916         23 0.0000e+00
      44436   1851.466    650.000     3.9789   3.274002     3.9787   3.275352      95.61     0.0157     2.7349     2.4395  1.9682540  1.1221583   48.64660  -45.52496    34.8953    34.9115     3.9311     3.9309    27.7102    27.7231    6.13340    6.25910         21 0.0000e+00
      44457   1852.336    649.000     3.9821   3.274268     3.9812   3.275550      92.38     0.0144     2.7339     2.4387  1.9682540  1.1222166   48.64660  -45.52496    34.8955    34.9117     3.9344     3.9335    27.7101    27.7230    6.12184    6.25941         21 0.0000e+00
      44477   1853.187    648.000     3.9845   3.274461     3.9846   3.275842      91.34     0.0119     2.7336     2.4389  1.9682540  1.1221613   48.64660  -45.52496    34.8958    34.9121     3.9369     3.9370    27.7100    27.7229    6.13280    6.27156         20 0.0000e+00
      44498   1854.049    647.000     3.9843   3.274395     3.9849   3.275824      62.62     0.0097     2.7336     2.4394  1.9682540  1.1224836   48.64660  -45.52496    34.8958    34.9121     3.9367     3.9373    27.7100    27.7229    6.13536    6.27391         22 0.0000e+00
      44521   1854.985    646.000     3.9829   3.274199     3.9829   3.275573      94.67     0.0129     2.7338     2.4400  1.9682540  1.1228379   48.64660  -45.52496    34.8955    34.9118     3.9354     3.9354    27.7099    27.7229    6.12752    6.27297         23 0.0000e+00
      44546   1856.044    645.000     3.9821   3.274070     3.9809   3.275321      91.24     0.0128     2.7337     2.4404  1.9668037  1.1231409   48.64660  -45.52496    34.8953    34.9114     3.9347     3.9335    27.7099    27.7228    6.13539    6.27439         27 0.0000e+00
      44573   1857.179    644.000     3.9825   3.274056     3.9802   3.275191      95.66     0.0137     2.7347     2.4410  1.9653890  1.1233232   48.64660  -45.52496    34.8953    34.9112     3.9352     3.9329    27.7098    27.7227    6.13844    6.27555         27 0.0000e+00
      44601   1858.327    643.000     3.9814   3.273908     3.9797   3.275083      91.92     0.0130     2.7348     2.4417  1.9677153  1.1233212   48.64660  -45.52496    34.8952    34.9109     3.9341     3.9339    27.7098    27.7225    6.13721    6.28577         28 0.0000e+00
      44629   1859.481    642.000     3.9810   3.273785     3.9807   3.275084      93.76     0.0163     2.7358     2.4433  1.9682548  1.1233212   48.64660  -45.52496    34.8947    34.9104     3.9339     3.9336    27.7094    27.7220    6.15156    6.29435         28 0.0000e+00
      44655   1860.566    641.000     3.9822   3.273813     3.9820   3.275146      94.82     0.0161     2.7374     2.4447  1.9682540  1.1233212   48.64660  -45.52496    34.8943    34.9103     3.9351     3.9349    27.7090    27.7217    6.14651    6.28669         24 0.0000e+00
      44678   1861.542    640.000     3.9838   3.273906     3.9834   3.275228      35.68     0.0133     2.7380     2.4448  1.9682540  1.1233212   48.64660  -45.52496    34.8943    34.9103     3.9368     3.9380    27.7088    27.7216    6.14818    6.27842         23 0.0000e+00
      44700   1862.441    639.000     3.9844   3.273913     3.9841   3.275245      92.47     0.0102     2.7384     2.4448  1.9648296  1.1233212   48.64660  -45.52496    34.8942    34.9103     3.9375     3.9372    27.7086    27.7215    6.14234    6.28051         21 0.0000e+00
      44720   1863.304    638.000     3.9849   3.273903     3.9844   3.275247      95.58     0.0111     2.7388     2.4454  1.9651366  1.1233212   48.64660  -45.52496    34.8941    34.9105     3.9380     3.9375    27.7086    27.7216    6.14624    6.28648         20 0.0000e+00
      44741   1864.176    637.000     3.9852   3.273893     3.9848   3.275241      92.29     0.0159     2.7391     2.4458  1.9673377  1.1233760   48.64658  -45.52496    34.8942    34.9105     3.9384     3.9380    27.7086    27.7216    6.14511    6.28526         22 0.0000e+00
      44764   1865.142    636.000     3.9854   3.273870     3.9852   3.275225      90.36     0.0162     2.7399     2.4462  1.9682317  1.1234654   48.64658  -45.52496    34.8942    34.9105     3.9386     3.9385    27.7086    27.7215    6.14834    6.28754         25 0.0000e+00
      44792   1866.284    635.000     3.9855   3.273835     3.9854   3.275189      94.57     0.0135     2.7406     2.4474  1.9657865  1.1234477   48.64658  -45.52496    34.8942    34.9103     3.9388     3.9388    27.7085    27.7214    6.14779    6.29271         29 0.0000e+00
      44822   1867.553    634.000     3.9852   3.273770     3.9856   3.275158      90.50     0.0138     2.7405     2.4478  1.9648188  1.1235982   48.64658  -45.52496    34.8943    34.9103     3.9386     3.9390    27.7086    27.7214    6.13847    6.28440         31 0.0000e+00
      44850   1868.723    633.000     3.9858   3.273772     3.9860   3.275154      95.66     0.0129     2.7403     2.4478  1.9647363  1.1245538   48.64658  -45.52496    34.8941    34.9103     3.9394     3.9395    27.7084    27.7213    6.13977    6.27923         25 0.0000e+00
      44874   1869.689    632.000     3.9863   3.273764     3.9862   3.275119      95.62     0.0120     2.7407     2.4479  1.9647065  1.1245421   48.64658  -45.52496    34.8941    34.9102     3.9399     3.9398    27.7084    27.7212    6.14317    6.28161         21 0.0000e+00
      44894   1870.531    631.000     3.9865   3.273746     3.9862   3.275088      88.41     0.0136     2.7410     2.4479  1.9653305  1.1245421   48.64658  -45.52496    34.8941    34.9104     3.9402     3.9399    27.7083    27.7213    6.14780    6.27409         20 0.0000e+00
      44913   1871.335    630.000     3.9869   3.273734     3.9867   3.275086      90.89     0.0116     2.7416     2.4470  1.9653622  1.1245421   48.64658  -45.52496    34.8942    34.9103     3.9406     3.9405    27.7083    27.7212    6.14394    6.27145         19 0.0000e+00
      44933   1872.163    629.000     3.9874   3.273742     3.9870   3.275064      93.35     0.0069     2.7415     2.4476  1.9645940  1.1243684   48.64660  -45.52498    34.8942    34.9103     3.9412     3.9408    27.7083    27.7212    6.14162    6.28470         21 0.0000e+00
      44955   1873.073    628.000     3.9880   3.273747     3.9876   3.275086      90.47     0.0131     2.7418     2.4479  1.9645909  1.1244352   48.64658  -45.52498    34.8942    34.9104     3.9419     3.9415    27.7082    27.7212    6.14145    6.28067         23 0.0000e+00
      44981   1874.171    627.000     3.9882   3.273712     3.9881   3.275078      95.54     0.0161     2.7422     2.4482  1.9645909  1.1245406   48.64658  -45.52498    34.8941    34.9103     3.9422     3.9421    27.7081    27.7210    6.14807    6.28154         30 0.0000e+00
      45013   1875.511    626.000     3.9884   3.273688     3.9881   3.275033      90.31     0.0195     2.7426     2.4490  1.9646282  1.1245421   48.64658  -45.52498    34.8941    34.9103     3.9424     3.9422    27.7081    27.7210    6.13473    6.28987         33 0.0000e+00
      45043   1876.749    625.000     3.9887   3.273656     3.9886   3.275019      95.69     0.0131     2.7419     2.4498  1.9645903  1.1245421   48.64658  -45.52498    34.8939    34.9102     3.9428     3.9427    27.7079    27.7208    6.13545    6.28844         26 0.0000e+00
      45066   1877.718    624.000     3.9890   3.273635     3.9886   3.274974      95.62     0.0107     2.7420     2.4504  1.9646497  1.1245421   48.64658  -45.52498    34.8939    34.9102     3.9432     3.9428    27.7079    27.7208    6.14131    6.28928         21 0.0000e+00
      45087   1878.576    623.000     3.9894   3.273622     3.9889   3.274947      58.21     0.0058     2.7428     2.4509  1.9646491  1.1245421   48.64658  -45.52499    34.8938    34.9101     3.9437     3.9431    27.7077    27.7207    6.14482    6.28652         21 0.0000e+00
      45108   1879.466    622.000     3.9897   3.273607     3.9892   3.274925      93.71     0.0064     2.7430     2.4508  1.9645917  1.1245421   48.64660  -45.52500    34.8939    34.9100     3.9440     3.9435    27.7077    27.7206    6.14211    6.28162         22 0.0000e+00
      45133   1880.518    621.000     3.9898   3.273562     3.9894   3.274908      95.58     0.0128     2.7436     2.4509  1.9646344  1.1245421   48.64660  -45.52500    34.8938    34.9101     3.9442     3.9438    27.7077    27.7207    6.14635    6.27617         28 0.0000e+00
      45163   1881.755    620.000     3.9896   3.273505     3.9895   3.274860      89.25     0.0143     2.7440     2.4500  1.9645900  1.1245421   48.64660  -45.52500    34.8938    34.9100     3.9442     3.9440    27.7076    27.7206    6.14526    6.27075         30 0.0000e+00
      45191   1882.918    619.000     3.9900   3.273487     3.9901   3.274853      95.73     0.0139     2.7450     2.4501  1.9645909  1.1245421   48.64660  -45.52500    34.8937    34.9098     3.9446     3.9447    27.7075    27.7203    6.15240    6.28411         26 0.0000e+00
      45215   1883.921    618.000     3.9913   3.273554     3.9915   3.274927      94.69     0.0164     2.7456     2.4508  1.9645376  1.1245421   48.64660  -45.52500    34.8937    34.9097     3.9460     3.9461    27.7074    27.7201    6.14752    6.28910         23 0.0000e+00
      45238   1884.857    617.000     3.9939   3.273751     3.9937   3.275093      86.56     0.0172     2.7461     2.4518  1.9645354  1.1245421   48.64660  -45.52500    34.8938    34.9099     3.9486     3.9484    27.7072    27.7200    6.14435    6.29403         22 0.0000e+00
      45260   1885.779    616.000     3.9960   3.273901     3.9958   3.275246      86.03     0.0158     2.7461     2.4527  1.9645914  1.1245421   48.64660  -45.52500    34.8939    34.9100     3.9508     3.9505    27.7070    27.7199    6.14535    6.28939         22 0.0000e+00
      45282   1886.714    615.000     3.9971   3.273977     3.9967   3.275303      39.71     0.0130     2.7465     2.4527  1.9645909  1.1245421   48.64660  -45.52500    34.8941    34.9102     3.9520     3.9515    27.7071    27.7200    6.14029    6.27738         23 0.0000e+00
      45305   1887.650    614.000     3.9977   3.273991     3.9973   3.275328      86.10     0.0131     2.7464     2.4526  1.9645909  1.1245421   48.64660  -45.52501    34.8942    34.9104     3.9526     3.9522    27.7071    27.7200    6.14205    6.28551         22 0.0000e+00
      45327   1888.566    613.000     3.9982   3.274001     3.9982   3.275363      93.88     0.0136     2.7467     2.4533  1.9645909  1.1250993   48.64660  -45.52502    34.8942    34.9104     3.9533     3.9532    27.7071    27.7199    6.14343    6.28840         22 0.0000e+00
      45349   1889.491    612.000     3.9992   3.274042     3.9995   3.275435      80.71     0.0172     2.7467     2.4538  1.9645909  1.1250732   48.64660  -45.52502    34.8942    34.9104     3.9543     3.9545    27.7069    27.7198    6.14837    6.29279         23 0.0000e+00
      45374   1890.524    611.000     4.0010   3.274164     4.0018   3.275612      93.18     0.0137     2.7479     2.4550  1.9637021  1.1256624   48.64660  -45.52502    34.8943    34.9106     3.9561     3.9569    27.7068    27.7197    6.15145    6.30107         27 0.0000e+00
      45405   1891.826    610.000     4.0007   3.274085     4.0033   3.275709      77.46     0.0127     2.7491     2.4565  1.9634452  1.1257598   48.64660  -45.52502    34.8943    34.9107     3.9559     3.9585    27.7068    27.7196    6.15334    6.29871         37 0.0000e+00
