data/CTD/2013/CNV/U021A001.CNV
* Sea-Bird SBE 9 Data File:
* FileName = C:\CTD_ACQUISITION\2013021HUD\ctddata\021A001.hdr
* Software Version Seasave V 7.22.2
* Temperature SN = 5081
* Conductivity SN = 3561
* Number of Bytes Per Scan = 37
* Number of Voltage Words = 4
* Number of Scans Averaged by the Deck Unit = 1
* NMEA Latitude = 44 41.81 N
* NMEA Longitude = 063 38.72 W
* NMEA UTC (Time) = Jun 28 2013 19:07:59
* NMEA baud rate = 9600
** Ship: Hudson
** Cruise: HUD2013021
** Chief_Scientist: Greenan
** Organization: BIO
** Area_of_Operation: Sackville Spur
** Station: 1
** Sounding:  64
** Event_Comments: BB
# nquan = 25
# nvalues = 62                          
# units = specified
# name 0 = scan: Scan Count
# name 1 = timeS: Time, Elapsed [seconds]
# name 2 = prDM: Pressure, Digiquartz [db]
# name 3 = t068C: Temperature [ITS-68, deg C]
# name 4 = c0S/m: Conductivity [S/m]
# name 5 = t168C: Temperature, 2 [ITS-68, deg C]
# name 6 = c1S/m: Conductivity, 2 [S/m]
# name 7 = altM: Altimeter [m]
# name 8 = flCUVA: Fluorescence, Chelsea UV Aquatracka [ug/l]
# name 9 = sbeox0V: Oxygen raw, SBE 43 [V]
# name 10 = sbeox1V: Oxygen raw, SBE 43, 2 [V]
# name 11 = upoly0: Upoly 0, Optode 4330F - O2 D-Phase
# name 12 = upoly1: Upoly 1, Optode 4330F - O2 Temp
# name 13 = latitude: Latitude [deg]
# name 14 = longitude: Longitude [deg]
# name 15 = sal00: Salinity, Practical [PSU]
# name 16 = sal11: Salinity, Practical, 2 [PSU]
# name 17 = potemp068C: Potential Temperature [ITS-68, deg C]
# name 18 = potemp168C: Potential Temperature, 2 [ITS-68, deg C]
# name 19 = sigma-é00: Density [sigma-theta, Kg/m^3]
# name 20 = sigma-é11: Density, 2 [sigma-theta, Kg/m^3]
# name 21 = sbeox0ML/L: Oxygen, SBE 43 [ml/l], WS = 2
# name 22 = sbeox1ML/L: Oxygen, SBE 43, 2 [ml/l], WS = 2
# name 23 = nbin: number of scans per bin
# name 24 = flag: flag
# span 0 =      15157,      17993       
# span 1 =    631.505,    749.679       
# span 2 =      1.000,     62.000       
# span 3 =     2.7294,     9.8861       
# span 4 =   2.834388,   3.258542       
# span 5 =     2.7292,     9.8490       
# span 6 =   2.835508,   3.258075       
# span 7 =       5.19,      96.12       
# span 8 =     0.0427,     0.9373       
# span 9 =     2.2013,     3.2938       
# span 10 =     1.9323,     2.9543      
# span 11 =  1.7534752,  2.3846201      
# span 12 =  0.9709122,  1.7250324      
# span 13 =   44.69794,   44.69810      
# span 14 =  -63.64578,  -63.64572      
# span 15 =    29.5192,    31.2047      
# span 16 =    29.5452,    31.2250      
# span 17 =     2.7262,     9.8868      
# span 18 =     2.7261,     9.8488      
# span 19 =    22.6969,    24.8757      
# span 20 =    22.7213,    24.8885      
# span 21 =    4.48712,    6.52145      
# span 22 =    4.57882,    6.58441      
# span 23 =         24,       1100      
# span 24 = 0.0000e+00, 0.0000e+00      
# interval = decibars: 1                
# start_time = Jun 28 2013 19:07:59 [NMEA time, header]
# bad_flag = -9.990e-29
*END*
      15157    631.505     62.000     2.7294   2.834388     2.7292   2.835508      10.15     0.0554     2.2013     1.9323  2.3834143  0.9746121   44.69794  -63.64572    31.2011    31.2150     2.7262     2.7261    24.8757    24.8868    4.48712    4.57882         36 0.0000e+00
      15220    634.111     61.000     2.7350   2.834804     2.7352   2.836071      10.82     0.0517     2.2165     1.9599  2.3843753  0.9727385   44.69794  -63.64572    31.2013    31.2164     2.7318     2.7320    24.8754    24.8875    4.67015    4.81099         47 0.0000e+00
      15254    635.544     60.000     2.7404   2.835205     2.7419   2.836056      10.73     0.0536     2.2382     1.9814  2.3845375  0.9709122   44.69795  -63.64572    31.2014    31.2104     2.7373     2.7389    24.8750    24.8821    4.78498    4.87045         30 0.0000e+00
      15284    636.791     59.000     2.7475   2.835747     2.7513   2.837374      11.39     0.0571     2.2571     1.9973  2.3844099  0.9711469   44.69796  -63.64572    31.2016    31.2177     2.7444     2.7481    24.8746    24.8872    4.82553    4.91184         30 0.0000e+00
      15313    638.002     58.000     2.7608   2.836836     2.7693   2.839067      12.58     0.0523     2.2739     2.0144  2.3841305  0.9709541   44.69796  -63.64572    31.2024    31.2212     2.7578     2.7663    24.8742    24.8885    4.87497    4.99315         28 0.0000e+00
      15340    639.136     57.000     2.7898   2.839144     2.8005   2.841604      14.20     0.0513     2.2922     2.0334  2.3846202  0.9712414   44.69796  -63.64572    31.2017    31.2221     2.7874     2.7975    24.8713    24.8868    4.95094    5.06553         27 0.0000e+00
      15367    640.251     56.000     2.8093   2.840640     2.8154   2.842538      15.35     0.0538     2.3129     2.0522  2.3839366  0.9712839   44.69796  -63.64574    31.2024    31.2194     2.8063     2.8125    24.8704    24.8835    5.02432    5.12173         27 0.0000e+00
      15394    641.354     55.000     2.8215   2.841552     2.8252   2.843183      16.33     0.0522     2.3333     2.0708  2.3797305  0.9719171   44.69796  -63.64574    31.2021    31.2182     2.8186     2.8224    24.8692    24.8817    5.08049    5.18332         26 0.0000e+00
      15420    642.457     54.000     2.8323   2.842321     2.8364   2.844086      17.29     0.0529     2.3544     2.0900  2.3782408  0.9726849   44.69796  -63.64574    31.2014    31.2189     2.8295     2.8335    24.8678    24.8814    5.14546    5.24426         27 0.0000e+00
      15447    643.570     53.000     2.8477   2.843532     2.8601   2.846256      18.04     0.0553     2.3757     2.1096  2.3750613  0.9743701   44.69796  -63.64574    31.2017    31.2226     2.8449     2.8573    24.8667    24.8824    5.19193    5.30422         26 0.0000e+00
      15473    644.674     52.000     2.8749   2.845705     2.8908   2.848758      18.89     0.0538     2.3953     2.1288  2.3709319  0.9752237   44.69796  -63.64574    31.2016    31.2235     2.8722     2.8880    24.8645    24.8807    5.22915    5.34740         27 0.0000e+00
      15500    645.773     51.000     2.8998   2.847878     2.9267   2.851716      18.54     0.0492     2.4141     2.1464  2.3672802  0.9758158   44.69796  -63.64574    31.2047    31.2250     2.8971     2.9239    24.8650    24.8790    5.28237    5.39326         26 0.0000e+00
      15525    646.844     50.000     2.9411   2.851131     2.9558   2.853704      19.63     0.0487     2.4329     2.1644  2.3573787  0.9773498   44.69796  -63.64574    31.2044    31.2213     2.9384     2.9531    24.8614    24.8736    5.33083    5.45140         26 0.0000e+00
      15551    647.929     49.000     2.9659   2.852919     2.9768   2.855314      20.39     0.0547     2.4523     2.1823  2.3527622  0.9779239   44.69796  -63.64574    31.2025    31.2208     2.9633     2.9742    24.8578    24.8715    5.38194    5.48262         26 0.0000e+00
      15578    649.023     48.000     2.9863   2.854478     2.9956   2.856645      15.72     0.0483     2.4711     2.1974  2.3425221  0.9820670   44.69796  -63.64574    31.2021    31.2192     2.9837     2.9930    24.8558    24.8687    5.41397    5.49405         26 0.0000e+00
      15604    650.117     47.000     3.0042   2.855817     3.0179   2.858438      18.75     0.0470     2.4875     2.2099  2.3405414  0.9829163   44.69798  -63.64574    31.2013    31.2197     3.0017     3.0153    24.8538    24.8673    5.43133    5.51212         26 0.0000e+00
      15630    651.205     46.000     3.0298   2.857807     3.0416   2.860362       9.59     0.0519     2.5017     2.2226  2.3247709  0.9869620   44.69798  -63.64574    31.2011    31.2204     3.0273     3.0391    24.8515    24.8659    5.45842    5.56104         26 0.0000e+00
      15656    652.290     45.000     3.0544   2.859694     3.0724   2.862843      18.45     0.0526     2.5162     2.2366  2.3227270  0.9876625   44.69798  -63.64574    31.2005    31.2210     3.0520     3.0699    24.8490    24.8638    5.49937    5.61713         26 0.0000e+00
      15682    653.375     44.000     3.0848   2.862166     3.0986   2.864749      17.00     0.0509     2.5315     2.2519  2.3113511  0.9904592   44.69798  -63.64574    31.2014    31.2191     3.0823     3.0961    24.8472    24.8601    5.55076    5.66458         27 0.0000e+00
      15708    654.469     43.000     3.1163   2.864530     3.1286   2.867072      15.80     0.0517     2.5478     2.2675  2.3058178  0.9915370   44.69798  -63.64574    31.1998    31.2185     3.1140     3.1262    24.8433    24.8571    5.58628    5.70738         26 0.0000e+00
      15734    655.562     42.000     3.1468   2.866861     3.1555   2.868963      15.28     0.0506     2.5628     2.2822  2.2954860  0.9939411   44.69798  -63.64574    31.1989    31.2157     3.1444     3.1531    24.8400    24.8527    5.61972    5.73145         26 0.0000e+00
      15761    656.658     41.000     3.1769   2.869026     3.1867   2.871428      95.75     0.0499     2.5775     2.2948  2.2864141  0.9969805   44.69798  -63.64574    31.1963    31.2156     3.1746     3.1844    24.8354    24.8500    5.62803    5.73643         26 0.0000e+00
      15787    657.758     40.000     3.2090   2.871521     3.2252   2.874485      21.35     0.0506     2.5886     2.3049  2.2775130  1.0003396   44.69798  -63.64574    31.1957    31.2156     3.2068     3.2230    24.8322    24.8467    5.62948    5.74338         27 0.0000e+00
      15814    658.857     39.000     3.2520   2.874778     3.2623   2.877280      54.38     0.0474     2.5978     2.3143  2.2647827  1.0025418   44.69798  -63.64574    31.1937    31.2138     3.2498     3.2601    24.8270    24.8421    5.62399    5.75584         26 0.0000e+00
      15840    659.959     38.000     3.2884   2.877499     3.3043   2.880603       7.09     0.0475     2.6057     2.3226  2.2589865  1.0036633   44.69798  -63.64574    31.1917    31.2135     3.2863     3.3022    24.8223    24.8383    5.64167    5.76438         27 0.0000e+00
      15866    661.056     37.000     3.3259   2.880463     3.3486   2.883812      16.11     0.0475     2.6133     2.3299  2.2440481  1.0090805   44.69798  -63.64574    31.1916    31.2097     3.3238     3.3465    24.8190    24.8314    5.64847    5.78556         26 0.0000e+00
      15893    662.151     36.000     3.3748   2.883963     3.3850   2.886285      40.03     0.0478     2.6216     2.3401  2.2411335  1.0101490   44.69800  -63.64574    31.1868    31.2047     3.3727     3.3829    24.8109    24.8243    5.69067    5.86087         26 0.0000e+00
      15919    663.250     35.000     3.4138   2.886637     3.4326   2.889806      23.08     0.0427     2.6337     2.3558  2.2234392  1.0184526   44.69800  -63.64574    31.1817    31.2014     3.4118     3.4305    24.8035    24.8175    5.76229    5.94282         27 0.0000e+00
      15945    664.353     34.000     3.4659   2.890196     3.4785   2.893081      22.24     0.0473     2.6497     2.3723  2.2192674  1.0198166   44.69800  -63.64574    31.1745    31.1968     3.4639     3.4765    24.7932    24.8098    5.81973    5.96965         26 0.0000e+00
      15972    665.458     33.000     3.5112   2.893369     3.5240   2.896252      49.47     0.0525     2.6664     2.3864  2.2056351  1.0256370   44.69800  -63.64574    31.1693    31.1914     3.5093     3.5220    24.7851    24.8015    5.84670    5.98333         27 0.0000e+00
      15999    666.566     32.000     3.5679   2.897228     3.5725   2.899411      31.37     0.0530     2.6809     2.3991  2.1991451  1.0291265   44.69800  -63.64574    31.1613    31.1829     3.5660     3.5706    24.7737    24.7904    5.88059    6.02096         26 0.0000e+00
      16025    667.679     31.000     3.6186   2.900864     3.6217   2.902963      35.08     0.0512     2.6978     2.4155  2.1905179  1.0342437   44.69800  -63.64574    31.1564    31.1783     3.6168     3.6199    24.7652    24.7823    5.93247    6.12638         27 0.0000e+00
      16052    668.786     30.000     3.6555   2.903475     3.6687   2.906269      34.55     0.0457     2.7164     2.4383  2.1805327  1.0401726   44.69800  -63.64574    31.1525    31.1730     3.6537     3.6669    24.7588    24.7739    6.02565    6.24118         27 0.0000e+00
      16078    669.889     29.000     3.7021   2.906435     3.7185   2.909659       9.03     0.0461     2.7408     2.4636  2.1746380  1.0439339   44.69800  -63.64574    31.1437    31.1664     3.7003     3.7167    24.7475    24.7641    6.11526    6.29647         26 0.0000e+00
      16105    670.991     28.000     3.7522   2.909787     3.7744   2.913457      35.17     0.0485     2.7656     2.4838  2.1585951  1.0517135   44.69800  -63.64574    31.1358    31.1579     3.7505     3.7727    24.7368    24.7523    6.15647    6.27385         27 0.0000e+00
      16131    672.099     27.000     3.8153   2.913949     3.8687   2.920478      91.20     0.0524     2.7863     2.4968  2.1547101  1.0536678   44.69800  -63.64574    31.1253    31.1512     3.8137     3.8671    24.7225    24.7383    6.15390    6.23172         26 0.0000e+00
      16158    673.209     26.000     3.9690   2.924732     4.0591   2.936508       6.78     0.0611     2.8018     2.5047  2.1392319  1.0621395   44.69800  -63.64574    31.1128    31.1588     3.9674     4.0575    24.6983    24.7264    6.11627    6.18631         27 0.0000e+00
      16184    674.310     25.000     4.2809   2.948104     4.4193   2.965115       7.00     0.0786     2.8114     2.5107  2.1351647  1.0648948   44.69800  -63.64574    31.0847    31.1517     4.2793     4.4176    24.6462    24.6856    6.03439    6.13701         26 0.0000e+00
      16211    675.409     24.000     4.5582   2.969949     4.8285   2.995611       6.90     0.0834     2.8161     2.5165  2.1185489  1.0768427   44.69800  -63.64574    31.0772    31.1193     4.5566     4.8268    24.6127    24.6182    5.97824    6.09704         27 0.0000e+00
      16238    676.521     23.000     4.9278   2.996360     5.0713   3.008532       6.00     0.0867     2.8201     2.5230  2.1081028  1.0922368   44.69800  -63.64574    31.0355    31.0409     4.9262     5.0697    24.5415    24.5305    5.93222    6.07894         26 0.0000e+00
      16264    677.633     22.000     5.0923   3.006107     5.1814   3.013554       6.59     0.0857     2.8249     2.5294  2.0914509  1.1186341   44.69801  -63.64576    30.9942    30.9963     5.0907     5.1798    24.4913    24.4833    5.93343    6.09118         27 0.0000e+00
      16291    678.746     21.000     5.2000   3.011467     5.3537   3.024735       7.44     0.0861     2.8316     2.5375  2.0771589  1.1402868   44.69802  -63.64576    30.9557    30.9624     5.1985     5.3522    24.4492    24.4367    5.94683    6.10217         27 0.0000e+00
      16318    679.861     20.000     5.3641   3.021735     5.5344   3.035861      28.39     0.0884     2.8392     2.5460  2.0670946  1.1566211   44.69802  -63.64576    30.9209    30.9235     5.3627     5.5329    24.4037    24.3868    5.94699    6.09328         26 0.0000e+00
      16344    680.973     19.000     5.5516   3.033383     5.6654   3.043977       6.53     0.0952     2.8468     2.5529  2.0518486  1.1875856   44.69802  -63.64576    30.8802    30.8942     5.5502     5.6641    24.3506    24.3487    5.93065    6.07430         27 0.0000e+00
      16371    682.085     18.000     5.6557   3.040142     5.7451   3.047858       7.15     0.0950     2.8527     2.5575  2.0475676  1.1967301   44.69802  -63.64576    30.8611    30.8657     5.6543     5.7437    24.3238    24.3172    5.91346    6.05595         27 0.0000e+00
      16398    683.214     17.000     5.7609   3.046590     5.8119   3.051739       7.02     0.1002     2.8562     2.5598  2.0288448  1.2327656   44.69802  -63.64576    30.8376    30.8486     5.7596     5.8106    24.2932    24.2960    5.89394    6.03130         27 0.0000e+00
      16425    684.353     16.000     5.8266   3.050639     5.8958   3.057623       6.76     0.1058     2.8592     2.5607  2.0259924  1.2386137   44.69802  -63.64576    30.8237    30.8426     5.8249     5.8946    24.2747    24.2816    5.87571    6.02348         28 0.0000e+00
      16453    685.494     15.000     5.8785   3.054296     5.9577   3.061458       5.99     0.1049     2.8597     2.5625  2.0171394  1.2563196   44.69802  -63.64576    30.8172    30.8249     5.8774     5.9566    24.2635    24.2603    5.86265    6.03065         27 0.0000e+00
      16480    686.645     14.000     5.9307   3.057652     6.0087   3.064201       6.70     0.1040     2.8608     2.5660  2.0079887  1.2668227   44.69802  -63.64576    30.8076    30.8097     5.9296     6.0077    24.2498    24.2424    5.86147    6.03736         28 0.0000e+00
      16508    687.799     13.000     5.9816   3.060462     6.0489   3.065691       6.75     0.1050     2.8623     2.5691  1.9987210  1.2781425   44.69802  -63.64576    30.7930    30.7899     5.9806     6.0479    24.2324    24.2220    5.86526    6.04697         27 0.0000e+00
      16536    688.943     12.000     6.0272   3.062532     6.0806   3.066881       6.59     0.1065     2.8647     2.5747  1.9905424  1.2843482   44.69802  -63.64576    30.7750    30.7749     6.0263     6.0796    24.2128    24.2064    5.86687    6.08815         28 0.0000e+00
      16563    690.092     11.000     6.0590   3.064018     6.1242   3.069606       6.76     0.1102     2.8680     2.5834  1.9875177  1.2869074   44.69802  -63.64576    30.7631    30.7660     6.0582     6.1233    24.1996    24.1942    5.89094    6.12319         28 0.0000e+00
      16591    691.257     10.000     6.0949   3.065874     6.1755   3.072695       6.33     0.1116     2.8751     2.5955  1.9792134  1.2981361   44.69802  -63.64576    30.7516    30.7545     6.0941     6.1747    24.1863    24.1790    5.93906    6.21411         28 0.0000e+00
      16619    692.430      9.000     6.1426   3.068844     6.2224   3.075545       6.02     0.1136     2.8879     2.6163  1.9772483  1.3033878   44.69804  -63.64576    30.7418    30.7437     6.1419     6.2217    24.1729    24.1649    6.02970    6.32842         28 0.0000e+00
      16648    693.611      8.000     6.2056   3.072273     6.2757   3.078489       5.75     0.1125     2.9121     2.6451  1.9731140  1.3150860   44.69804  -63.64576    30.7247    30.7286     6.2050     6.2750    24.1518    24.1465    6.16788    6.45605         28 0.0000e+00
      16676    694.790      7.000     6.2659   3.075982     6.3399   3.081911       5.19     0.1232     2.9418     2.6761  1.9671950  1.3201189   44.69804  -63.64576    30.7102    30.7082     6.2653     6.3394    24.1332    24.1226    6.22018    6.49586         27 0.0000e+00
      16700    695.784      6.000     6.3074   3.078253     6.4215   3.085900       6.35     0.1407     2.9640     2.6930  1.9635775  1.3234677   44.69804  -63.64576    30.6982    30.6797     6.3069     6.4210    24.1187    24.0902    6.27375    6.48100         24 0.0000e+00
