data/CTD/2013/CNV/U021A004.CNV
* Sea-Bird SBE 9 Data File:
* FileName = C:\CTD_ACQUISITION\2013021HUD\ctddata\021A004.hdr
* Software Version Seasave V 7.22.2
* Temperature SN = 5081
* Conductivity SN = 3561
* Number of Bytes Per Scan = 37
* Number of Voltage Words = 4
* Number of Scans Averaged by the Deck Unit = 1
* NMEA Latitude = 47 06.01 N
* NMEA Longitude = 047 16.83 W
* NMEA UTC (Time) = Jul 01 2013 09:01:01
* NMEA baud rate = 9600
** Ship: Hudson
** Cruise: HUD2013021
** Chief_Scientist: Greenan
** Organization: BIO
** Area_of_Operation: Sackville Spur
** Station: 4
** Sounding:  410
** Event_Comments: M1842    393105
# nquan = 25
# nvalues = 411                         
# units = specified
# name 0 = scan: Scan Count
# name 1 = timeS: Time, Elapsed [seconds]
# name 2 = prDM: Pressure, Digiquartz [db]
# name 3 = t068C: Temperature [ITS-68, deg C]
# name 4 = c0S/m: Conductivity [S/m]
# name 5 = t168C: Temperature, 2 [ITS-68, deg C]
# name 6 = c1S/m: Conductivity, 2 [S/m]
# name 7 = altM: Altimeter [m]
# name 8 = flCUVA: Fluorescence, Chelsea UV Aquatracka [ug/l]
# name 9 = sbeox0V: Oxygen raw, SBE 43 [V]
# name 10 = sbeox1V: Oxygen raw, SBE 43, 2 [V]
# name 11 = upoly0: Upoly 0, Optode 4330F - O2 D-Phase
# name 12 = upoly1: Upoly 1, Optode 4330F - O2 Temp
# name 13 = latitude: Latitude [deg]
# name 14 = longitude: Longitude [deg]
# name 15 = sal00: Salinity, Practical [PSU]
# name 16 = sal11: Salinity, Practical, 2 [PSU]
# name 17 = potemp068C: Potential Temperature [ITS-68, deg C]
# name 18 = potemp168C: Potential Temperature, 2 [ITS-68, deg C]
# name 19 = sigma-é00: Density [sigma-theta, Kg/m^3]
# name 20 = sigma-é11: Density, 2 [sigma-theta, Kg/m^3]
# name 21 = sbeox0ML/L: Oxygen, SBE 43 [ml/l], WS = 2
# name 22 = sbeox1ML/L: Oxygen, SBE 43, 2 [ml/l], WS = 2
# name 23 = nbin: number of scans per bin
# name 24 = flag: flag
# span 0 =      22754,      34047       
# span 1 =    948.041,   1418.583       
# span 2 =      1.000,    411.000       
# span 3 =    -0.6711,     6.1887       
# span 4 =   2.699978,   3.228236       
# span 5 =    -0.6798,     6.1884       
# span 6 =   2.699827,   3.229496       
# span 7 =       5.54,      98.47       
# span 8 =     0.0095,     0.1094       
# span 9 =     2.7015,     3.3818       
# span 10 =     2.4175,     3.0508      
# span 11 =  1.7235182,  2.1515778      
# span 12 =  0.5561114,  1.4099538      
# span 13 =   47.09941,   47.09966      
# span 14 =  -47.27888,  -47.27830      
# span 15 =    32.4700,    34.7306      
# span 16 =    32.4834,    34.7458      
# span 17 =    -0.6723,     6.1886      
# span 18 =    -0.6810,     6.1883      
# span 19 =    25.5327,    27.6133      
# span 20 =    25.5438,    27.6254      
# span 21 =    5.96064,    8.29681      
# span 22 =    6.11627,    8.49453      
# span 23 =         15,        818      
# span 24 = 0.0000e+00, 0.0000e+00      
# interval = decibars: 1                
# start_time = Jul 01 2013 09:01:01 [NMEA time, header]
# bad_flag = -9.990e-29
*END*
[from data line 290]
      29973   1248.854    121.000     1.0092   2.898482     0.9785   2.895913      73.98     0.0174     2.9161     2.6136  2.0173953  0.7809437   47.09960  -47.27832    33.7360    33.7361     1.0039     0.9734    27.0288    27.0309    6.85494    7.01615         21 0.0000e+00
      29997   1249.833    120.000     0.9903   2.896138     0.9715   2.895031      77.34     0.0175     2.9182     2.6163  2.0171909  0.7802780   47.09960  -47.27832    33.7268    33.7331     0.9852     0.9663    27.0226    27.0288    6.85841    7.01353         26 0.0000e+00
      30027   1251.070    119.000     0.9738   2.894050     0.9892   2.897215      68.94     0.0211     2.9205     2.6181  2.0126395  0.7739610   47.09960  -47.27832    33.7185    33.7425     0.9687     0.9841    27.0170    27.0353    6.85820    6.99988         32 0.0000e+00
      30057   1252.332    118.000     0.9751   2.894104     0.9808   2.896065      97.50     0.0234     2.9233     2.6199  2.0105636  0.7722560   47.09960  -47.27832    33.7183    33.7374     0.9701     0.9757    27.0167    27.0317    6.87049    7.01469         28 0.0000e+00
      30082   1253.364    117.000     0.9740   2.893884     0.9618   2.893788      35.08     0.0190     2.9243     2.6220  2.0072966  0.7704352   47.09960  -47.27832    33.7173    33.7293     0.9690     0.9568    27.0159    27.0264    6.86948    7.03272         22 0.0000e+00
      30103   1254.254    116.000     0.9698   2.893385     0.9529   2.892657      93.22     0.0197     2.9267     2.6240  2.0066252  0.7702182   47.09960  -47.27832    33.7160    33.7249     0.9648     0.9480    27.0152    27.0234    6.87724    7.03462         21 0.0000e+00
      30124   1255.118    115.000     0.9566   2.891772     0.9463   2.891826      96.89     0.0201     2.9273     2.6251  2.0040910  0.7692389   47.09960  -47.27832    33.7101    33.7219     0.9517     0.9414    27.0113    27.0215    6.86480    7.01950         21 0.0000e+00
      30146   1256.032    114.000     0.9490   2.890870     0.9408   2.891109      65.52     0.0169     2.9276     2.6249  2.0042200  0.7692308   47.09960  -47.27832    33.7073    33.7193     0.9442     0.9359    27.0095    27.0197    6.84971    6.99812         22 0.0000e+00
      30168   1256.939    113.000     0.9419   2.889985     0.9236   2.889193      63.16     0.0142     2.9262     2.6238  1.9995488  0.7627829   47.09960  -47.27832    33.7042    33.7138     0.9371     0.9188    27.0075    27.0163    6.83720    7.00144         22 0.0000e+00
      30189   1257.828    112.000     0.9224   2.888104     0.8929   2.885738      84.07     0.0157     2.9252     2.6240  1.9993038  0.7628926   47.09960  -47.27832    33.7017    33.7032     0.9177     0.8882    27.0066    27.0097    6.85129    7.03940         21 0.0000e+00
      30212   1258.806    111.000     0.9088   2.886317     0.8569   2.881763      54.26     0.0164     2.9262     2.6267  1.9980017  0.7601727   47.09960  -47.27832    33.6939    33.6915     0.9042     0.8523    27.0012    27.0025    6.89117    7.07839         27 0.0000e+00
      30242   1260.061    110.000     0.8809   2.883328     0.8198   2.877662      96.38     0.0207     2.9302     2.6313  1.9968722  0.7586628   47.09960  -47.27832    33.6862    33.6793     0.8763     0.8153    26.9967    26.9950    6.92520    7.10906         32 0.0000e+00
      30271   1261.266    109.000     0.8511   2.879989     0.8027   2.875907      45.07     0.0230     2.9346     2.6354  1.9938014  0.7544504   47.09960  -47.27834    33.6760    33.6759     0.8466     0.7982    26.9904    26.9932    6.94966    7.11680         24 0.0000e+00
      30293   1262.159    108.000     0.8051   2.875361     0.7403   2.869390      66.40     0.0170     2.9381     2.6381  1.9938329  0.7542071   47.09960  -47.27834    33.6667    33.6598     0.8007     0.7359    26.9857    26.9840    6.95574    7.12898         20 0.0000e+00
      30312   1262.950    107.000     0.7100   2.865910     0.6329   2.858412      52.31     0.0169     2.9396     2.6396  1.9926857  0.7509490   47.09960  -47.27834    33.6482    33.6347     0.7057     0.6286    26.9765    26.9701    6.96478    7.14001         19 0.0000e+00
      30331   1263.761    106.000     0.6470   2.858253     0.5267   2.847338      91.34     0.0188     2.9411     2.6402  1.9926740  0.7509158   47.09960  -47.27834    33.6179    33.6068     0.6428     0.5226    26.9558    26.9537    6.97136    7.13263         20 0.0000e+00
      30353   1264.658    105.000     0.5523   2.848475     0.4764   2.841963      38.11     0.0214     2.9412     2.6383  1.9935156  0.7439725   47.09960  -47.27834    33.5943    33.5920     0.5482     0.4724    26.9423    26.9447    6.97270    7.10938         23 0.0000e+00
      30377   1265.673    104.000     0.5200   2.845330     0.4597   2.840210      91.83     0.0220     2.9401     2.6355  1.9941213  0.7400748   47.09960  -47.27834    33.5891    33.5879     0.5160     0.4557    26.9399    26.9423    6.96851    7.11768         26 0.0000e+00
      30406   1266.862    103.000     0.4811   2.841192     0.4626   2.840423      73.49     0.0207     2.9399     2.6363  1.9921312  0.7277551   47.09960  -47.27834    33.5780    33.5881     0.4772     0.4587    26.9331    26.9423    6.99330    7.17045         30 0.0000e+00
      30433   1267.998    102.000     0.4677   2.839752     0.4480   2.839070      64.93     0.0160     2.9409     2.6389  1.9916483  0.7239904   47.09960  -47.27834    33.5745    33.5870     0.4638     0.4441    26.9310    26.9422    7.00099    7.16488         24 0.0000e+00
      30455   1268.896    101.000     0.4465   2.837648     0.4269   2.836795      97.06     0.0116     2.9410     2.6382  1.9904760  0.7182534   47.09960  -47.27835    33.5706    33.5809     0.4427     0.4231    26.9291    26.9384    6.98271    7.14659         20 0.0000e+00
      30473   1269.677    100.000     0.4296   2.835970     0.4061   2.834671      97.07     0.0095     2.9392     2.6383  1.9903690  0.7179525   47.09960  -47.27836    33.5677    33.5764     0.4259     0.4023    26.9276    26.9360    6.97065    7.16035         18 0.0000e+00
      30492   1270.438     99.000     0.4012   2.833081     0.3237   2.827128      19.97     0.0135     2.9386     2.6386  1.9885354  0.7154379   47.09960  -47.27836    33.5615    33.5681     0.3975     0.3200    26.9243    26.9338    6.98108    7.18376         18 0.0000e+00
      30511   1271.267     98.000     0.3390   2.826894     0.2026   2.815437      92.74     0.0204     2.9375     2.6391  1.9857482  0.7117482   47.09960  -47.27836    33.5489    33.5475     0.3354     0.1991    26.9174    26.9235    6.99858    7.21599         22 0.0000e+00
      30537   1272.323     97.000     0.2231   2.816172     0.1124   2.806250      96.96     0.0234     2.9381     2.6404  1.9863870  0.7085195   47.09960  -47.27836    33.5353    33.5257     0.2196     0.1090    26.9127    26.9107    7.04319    7.24975         30 0.0000e+00
      30569   1273.664     96.000     0.2113   2.813971     0.1779   2.812444      49.79     0.0216     2.9395     2.6436  1.9879251  0.7024915   47.09960  -47.27836    33.5199    33.5363     0.2079     0.1745    26.9008    26.9158    7.05985    7.26356         32 0.0000e+00
      30599   1274.905     95.000     0.1828   2.811606     0.1541   2.810190      98.01     0.0222     2.9422     2.6463  1.9887602  0.6886716   47.09960  -47.27836    33.5205    33.5332     0.1794     0.1508    26.9028    26.9145    7.08868    7.25617         27 0.0000e+00
      30622   1275.882     94.000     0.0834   2.801668     0.0441   2.798722      79.24     0.0227     2.9444     2.6477  1.9889544  0.6859474   47.09960  -47.27836    33.4988    33.5030     0.0802     0.0409    26.8904    26.8957    7.10227    7.28928         21 0.0000e+00
      30642   1276.703     93.000     0.0438   2.797447     0.0150   2.795391      37.77     0.0223     2.9452     2.6492  1.9890106  0.6821783   47.09960  -47.27836    33.4871    33.4914     0.0406     0.0119    26.8829    26.8878    7.10088    7.30418         19 0.0000e+00
      30661   1277.500     92.000     0.0172   2.794298    -0.0028   2.793316      95.20     0.0207     2.9457     2.6510  1.9890109  0.6807451   47.09960  -47.27836    33.4752    33.4841     0.0141    -0.0059    26.8746    26.8828    7.11415    7.32307         20 0.0000e+00
      30682   1278.380     91.000     0.0068   2.792987    -0.0187   2.791460      96.69     0.0194     2.9474     2.6533  1.9894468  0.6765683   47.09960  -47.27836    33.4698    33.4775     0.0037    -0.0217    26.8708    26.8782    7.12870    7.33376         22 0.0000e+00
      30706   1279.383     90.000    -0.0059   2.791604    -0.0249   2.790455      35.94     0.0234     2.9492     2.6565  1.9902875  0.6690486   47.09960  -47.27838    33.4650    33.4716    -0.0089    -0.0279    26.8677    26.8738    7.16371    7.39347         25 0.0000e+00
      30729   1280.354     89.000    -0.0072   2.791002    -0.0047   2.791621      98.13     0.0269     2.9546     2.6645  1.9892808  0.6659616   47.09960  -47.27838    33.4600    33.4655    -0.0101    -0.0077    26.8636    26.8679    7.23222    7.47815         21 0.0000e+00
      30750   1281.211     88.000    -0.0087   2.790279    -0.0273   2.788536      30.50     0.0240     2.9619     2.6734  1.9877852  0.6580949   47.09960  -47.27838    33.4528    33.4501    -0.0117    -0.0303    26.8578    26.8565    7.29995    7.52117         21 0.0000e+00
      30771   1282.085     87.000    -0.0134   2.788994    -0.1152   2.779742      54.40     0.0211     2.9722     2.6819  1.9878986  0.6580111   47.09960  -47.27838    33.4424    33.4304    -0.0163    -0.1181    26.8496    26.8449    7.33469    7.55341         22 0.0000e+00
      30798   1283.213     86.000    -0.0796   2.782091    -0.1628   2.774881      76.64     0.0210     2.9828     2.6914  1.9855726  0.6557111   47.09960  -47.27838    33.4232    33.4186    -0.0825    -0.1655    26.8373    26.8375    7.37048    7.57128         32 0.0000e+00
      30830   1284.549     85.000    -0.1316   2.777055    -0.1353   2.776998      92.61     0.0208     2.9953     2.7000  1.9856467  0.6544532   47.09960  -47.27838    33.4139    33.4172    -0.1344    -0.1381    26.8323    26.8351    7.39066    7.55526         29 0.0000e+00
      30854   1285.522     84.000    -0.1710   2.772608    -0.1639   2.773808      14.60     0.0209     3.0019     2.7041  1.9852756  0.6532074   47.09960  -47.27838    33.3986    33.4068    -0.1737    -0.1666    26.8218    26.8280    7.40393    7.55919         19 0.0000e+00
      30872   1286.272     83.000    -0.1433   2.773982    -0.0620   2.780905      97.45     0.0218     3.0065     2.7073  1.9858239  0.6514006   47.09960  -47.27838    33.3871    33.3900    -0.1459    -0.0647    26.8112    26.8096    7.39276    7.54967         18 0.0000e+00
      30889   1287.002     82.000    -0.0286   2.782918     0.1166   2.795450      96.89     0.0224     3.0101     2.7103  1.9878079  0.6424714   47.09960  -47.27838    33.3807    33.3878    -0.0313     0.1137    26.8006    26.7991    7.36410    7.52439         18 0.0000e+00
      30909   1287.833     81.000     0.0906   2.792419     0.2205   2.804390      79.58     0.0223     3.0133     2.7144  1.9877917  0.6422467   47.09960  -47.27838    33.3768    33.3928     0.0878     0.2177    26.7915    26.7978    7.34429    7.50939         22 0.0000e+00
      30933   1288.821     80.000     0.1729   2.799018     0.2195   2.804091      50.15     0.0280     3.0173     2.7179  1.9798826  0.6403180   47.09960  -47.27839    33.3747    33.3906     0.1701     0.2167    26.7857    26.7961    7.32308    7.49906         25 0.0000e+00
      30960   1289.950     79.000     0.1849   2.800112     0.1771   2.800407      96.47     0.0289     3.0203     2.7210  1.9778690  0.6400195   47.09960  -47.27840    33.3766    33.3890     0.1822     0.1743    26.7866    26.7970    7.32314    7.52592         28 0.0000e+00
      30988   1291.134     78.000     0.1567   2.797441     0.1110   2.793634      52.40     0.0289     3.0236     2.7260  1.9699655  0.6557058   47.09960  -47.27840    33.3727    33.3723     0.1540     0.1083    26.7849    26.7869    7.33751    7.58052         29 0.0000e+00
      31017   1292.314     77.000     0.1233   2.793842     0.0785   2.789603      63.31     0.0250     3.0272     2.7322  1.9695104  0.6551261   47.09960  -47.27840    33.3623    33.3552     0.1206     0.0758    26.7782    26.7748    7.37118    7.61349         27 0.0000e+00
      31042   1293.361     76.000     0.0951   2.790420     0.0755   2.788862      97.03     0.0254     3.0324     2.7376  1.9683294  0.6540573   47.09960  -47.27840    33.3484    33.3494     0.0925     0.0730    26.7684    26.7702    7.41642    7.60694         23 0.0000e+00
      31063   1294.229     75.000     0.0767   2.787720     0.0697   2.787621      42.35     0.0280     3.0371     2.7393  1.9683173  0.6534127   47.09960  -47.27840    33.3335    33.3398     0.0741     0.0672    26.7573    26.7627    7.40594    7.57078         19 0.0000e+00
      31081   1295.004     74.000     0.0689   2.786179     0.0446   2.784397      67.42     0.0269     3.0385     2.7394  1.9658641  0.6507807   47.09960  -47.27840    33.3230    33.3253     0.0664     0.0421    26.7492    26.7522    7.36765    7.55501         19 0.0000e+00
      31099   1295.764     73.000     0.0496   2.783813    -0.0292   2.776742      95.88     0.0261     3.0373     2.7385  1.9658797  0.6507937   47.09960  -47.27840    33.3127    33.3051     0.0471    -0.0316    26.7418    26.7395    7.34327    7.55616         18 0.0000e+00
      31119   1296.569     72.000    -0.0136   2.777583    -0.0911   2.770223      96.24     0.0251     3.0364     2.7374  1.9644425  0.6477098   47.09960  -47.27840    33.2998    33.2869    -0.0160    -0.0935    26.7345    26.7278    7.34732    7.56724         21 0.0000e+00
      31141   1297.490     71.000    -0.0541   2.772931    -0.1047   2.768428      33.48     0.0265     3.0345     2.7364  1.9633547  0.6455726   47.09960  -47.27842    33.2829    33.2785    -0.0564    -0.1070    26.7229    26.7217    7.35483    7.56684         24 0.0000e+00
      31167   1298.586     70.000    -0.0883   2.769100    -0.1057   2.768140      95.12     0.0263     3.0333     2.7352  1.9614820  0.6401559   47.09960  -47.27842    33.2701    33.2764    -0.0905    -0.1080    26.7141    26.7200    7.36712    7.57143         28 0.0000e+00
      31196   1299.801     69.000    -0.0765   2.769982    -0.0923   2.769190      35.21     0.0218     3.0329     2.7353  1.9603301  0.6361121   47.09960  -47.27842    33.2695    33.2762    -0.0787    -0.0945    26.7131    26.7192    7.36744    7.57904         29 0.0000e+00
      31224   1300.947     68.000    -0.0981   2.767809    -0.1640   2.762303      57.70     0.0235     3.0323     2.7354  1.9586128  0.6318330   47.09960  -47.27842    33.2648    33.2637    -0.1003    -0.1662    26.7103    26.7125    7.37517    7.59915         26 0.0000e+00
      31248   1301.970     67.000    -0.1969   2.758208    -0.2645   2.752726      96.57     0.0224     3.0324     2.7363  1.9584843  0.6312505   47.09960  -47.27842    33.2465    33.2496    -0.1990    -0.2666    26.6995    26.7056    7.39490    7.63409         23 0.0000e+00
      31271   1302.905     66.000    -0.2968   2.748761    -0.3892   2.740764      68.30     0.0241     3.0321     2.7377  1.9557966  0.6279519   47.09960  -47.27842    33.2297    33.2241    -0.2988    -0.3912    26.6910    26.6905    7.42457    7.68374         22 0.0000e+00
      31293   1303.813     65.000    -0.3634   2.742288    -0.4402   2.735292      46.08     0.0232     3.0327     2.7399  1.9551001  0.6275945   47.09960  -47.27843    33.2169    33.2074    -0.3654    -0.4421    26.6836    26.6792    7.45082    7.70514         22 0.0000e+00
