data/CTD/2013/CNV/U021A049.CNV
* Sea-Bird SBE 9 Data File:
* FileName = C:\CTD_ACQUISITION\2013021HUD\ctddata\021A049.hdr
* Software Version Seasave V 7.22.2
* Temperature SN = 5081
* Conductivity SN = 3561
* Number of Bytes Per Scan = 37
* Number of Voltage Words = 4
* Number of Scans Averaged by the Deck Unit = 1
* NMEA Latitude = 48 56.14 N
* NMEA Longitude = 045 49.78 W
* NMEA UTC (Time) = Jul 04 2013 22:48:08
* NMEA baud rate = 9600
** Ship: Hudson
** Cruise: HUD2013021
** Chief_Scientist: Greenan
** Organization: BIO
** Area_of_Operation: Sackville Spur
** Station: 49
** Sounding:  2572
** Event_Comments: SS28  393207
# nquan = 25
# nvalues = 2481                        
# units = specified
# name 0 = scan: Scan Count
# name 1 = timeS: Time, Elapsed [seconds]
# name 2 = prDM: Pressure, Digiquartz [db]
# name 3 = t068C: Temperature [ITS-68, deg C]
# name 4 = c0S/m: Conductivity [S/m]
# name 5 = t168C: Temperature, 2 [ITS-68, deg C]
# name 6 = c1S/m: Conductivity, 2 [S/m]
# name 7 = altM: Altimeter [m]
# name 8 = flCUVA: Fluorescence, Chelsea UV Aquatracka [ug/l]
# name 9 = sbeox0V: Oxygen raw, SBE 43 [V]
# name 10 = sbeox1V: Oxygen raw, SBE 43, 2 [V]
# name 11 = upoly0: Upoly 0, Optode 4330F - O2 D-Phase
# name 12 = upoly1: Upoly 1, Optode 4330F - O2 Temp
# name 13 = latitude: Latitude [deg]
# name 14 = longitude: Longitude [deg]
# name 15 = sal00: Salinity, Practical [PSU]
# name 16 = sal11: Salinity, Practical, 2 [PSU]
# name 17 = potemp068C: Potential Temperature [ITS-68, deg C]
# name 18 = potemp168C: Potential Temperature, 2 [ITS-68, deg C]
# name 19 = sigma-é00: Density [sigma-theta, Kg/m^3]
# name 20 = sigma-é11: Density, 2 [sigma-theta, Kg/m^3]
# name 21 = sbeox0ML/L: Oxygen, SBE 43 [ml/l], WS = 2
# name 22 = sbeox1ML/L: Oxygen, SBE 43, 2 [ml/l], WS = 2
# name 23 = nbin: number of scans per bin
# name 24 = flag: flag
# span 0 =      63474,     113830       
# span 1 =   2644.702,   4742.878       
# span 2 =      1.000,   2481.000       
# span 3 =     2.4942,     8.3417       
# span 4 =   3.148102,   3.556522       
# span 5 =     2.4932,     8.3396       
# span 6 =   3.147800,   3.557931       
# span 7 =       3.31,      98.79       
# span 8 =     0.0035,     0.5283       
# span 9 =     2.1879,     3.3549       
# span 10 =     1.9682,     2.9927      
# span 11 =  1.6930251,  2.1098902      
# span 12 =  0.9352869,  1.6661508      
# span 13 =   48.93732,   48.93870      
# span 14 =  -45.83012,  -45.82920      
# span 15 =    33.8908,    34.9220      
# span 16 =    33.8955,    34.9384      
# span 17 =     2.3064,     8.3416      
# span 18 =     2.3053,     8.3395      
# span 19 =    26.4173,    27.8760      
# span 20 =    26.4295,    27.8894      
# span 21 =    5.90638,    7.22611      
# span 22 =    6.05751,    7.40108      
# span 23 =         11,        569      
# span 24 = 0.0000e+00, 0.0000e+00      
# interval = decibars: 1                
# start_time = Jul 04 2013 22:48:08 [NMEA time, header]
# bad_flag = -9.990e-29
*END*
[from data line 174]
      67138   2797.371   2307.000     2.6385   3.226112     2.6389   3.227514      95.60     0.0118     2.2217     1.9919  2.1015351  0.9536020   48.93738  -45.83008    34.9166    34.9331     2.4635     2.4638    27.8665    27.8797    5.97137    6.20908         19 0.0000e+00
      67158   2798.207   2306.000     2.6390   3.226115     2.6401   3.227585      95.89     0.0157     2.2217     1.9922  2.1018660  0.9536020   48.93740  -45.83008    34.9166    34.9332     2.4641     2.4651    27.8665    27.8796    5.97121    6.20199         21 0.0000e+00
      67180   2799.113   2305.000     2.6399   3.226160     2.6402   3.227548      95.87     0.0140     2.2217     1.9922  2.1016121  0.9537591   48.93740  -45.83008    34.9166    34.9331     2.4651     2.4653    27.8664    27.8796    5.97319    6.19699         23 0.0000e+00
      67203   2800.068   2304.000     2.6406   3.226175     2.6410   3.227584      95.91     0.0135     2.2224     1.9922  2.1013474  0.9537612   48.93740  -45.83008    34.9166    34.9332     2.4659     2.4661    27.8663    27.8795    5.98271    6.19572         23 0.0000e+00
      67226   2801.033   2303.000     2.6411   3.226190     2.6414   3.227587      95.76     0.0138     2.2230     1.9922  2.1013432  0.9539190   48.93740  -45.83008    34.9167    34.9332     2.4665     2.4667    27.8663    27.8795    5.97068    6.19734         23 0.0000e+00
      67248   2801.958   2302.000     2.6417   3.226194     2.6417   3.227570      87.25     0.0159     2.2224     1.9925  2.1013432  0.9548227   48.93740  -45.83008    34.9166    34.9332     2.4671     2.4670    27.8662    27.8795    5.95682    6.20575         21 0.0000e+00
      67268   2802.799   2301.000     2.6420   3.226186     2.6417   3.227526      42.02     0.0150     2.2227     1.9930  2.1013432  0.9548230   48.93740  -45.83008    34.9167    34.9332     2.4675     2.4671    27.8662    27.8794    5.97536    6.21231         19 0.0000e+00
      67287   2803.568   2300.000     2.6428   3.226208     2.6428   3.227586      96.19     0.0150     2.2229     1.9934  2.1028459  0.9548230   48.93740  -45.83007    34.9166    34.9332     2.4684     2.4683    27.8661    27.8794    5.98586    6.20768         18 0.0000e+00
      67304   2804.300   2299.000     2.6440   3.226278     2.6443   3.227697      95.76     0.0139     2.2241     1.9936  2.1035054  0.9548230   48.93740  -45.83006    34.9165    34.9333     2.4697     2.4699    27.8659    27.8793    5.98246    6.20201         17 0.0000e+00
      67322   2805.040   2298.000     2.6452   3.226345     2.6457   3.227775      95.70     0.0095     2.2235     1.9937  2.1033998  0.9548230   48.93740  -45.83006    34.9166    34.9334     2.4709     2.4713    27.8659    27.8792    5.97066    6.20157         19 0.0000e+00
      67341   2805.819   2297.000     2.6463   3.226409     2.6484   3.227969      95.91     0.0097     2.2241     1.9940  2.1035256  0.9548230   48.93741  -45.83006    34.9167    34.9333     2.4721     2.4741    27.8659    27.8790    5.97731    6.20256         19 0.0000e+00
      67361   2806.658   2296.000     2.6479   3.226522     2.6509   3.228162      95.85     0.0111     2.2241     1.9942  2.1034372  0.9548230   48.93742  -45.83006    34.9169    34.9334     2.4737     2.4767    27.8658    27.8788    5.96490    6.19794         21 0.0000e+00
      67382   2807.555   2295.000     2.6499   3.226664     2.6522   3.228240      95.93     0.0112     2.2240     1.9939  2.1013608  0.9548230   48.93742  -45.83006    34.9169    34.9335     2.4758     2.4780    27.8656    27.8787    5.96624    6.18508         22 0.0000e+00
      67403   2808.428   2294.000     2.6513   3.226755     2.6532   3.228287      64.99     0.0108     2.2247     1.9937  2.1013432  0.9548230   48.93742  -45.83006    34.9170    34.9334     2.4773     2.4791    27.8656    27.8786    5.97893    6.18749         20 0.0000e+00
      67423   2809.243   2293.000     2.6524   3.226813     2.6548   3.228391      66.03     0.0089     2.2245     1.9937  2.1013432  0.9548867   48.93742  -45.83006    34.9170    34.9335     2.4785     2.4807    27.8655    27.8785    5.96319    6.19031         19 0.0000e+00
      67442   2810.027   2292.000     2.6541   3.226908     2.6556   3.228427      96.10     0.0103     2.2245     1.9937  2.1013432  0.9552326   48.93742  -45.83006    34.9168    34.9335     2.4802     2.4817    27.8652    27.8785    5.96695    6.19358         18 0.0000e+00
      67461   2810.813   2291.000     2.6554   3.226995     2.6564   3.228459      94.66     0.0116     2.2248     1.9940  2.1013432  0.9551281   48.93742  -45.83006    34.9170    34.9335     2.4816     2.4825    27.8652    27.8784    5.97140    6.19905         20 0.0000e+00
      67480   2811.625   2290.000     2.6562   3.227035     2.6578   3.228550      95.00     0.0165     2.2249     1.9941  2.1013432  0.9559797   48.93743  -45.83006    34.9170    34.9336     2.4825     2.4840    27.8652    27.8783    5.97165    6.19629         19 0.0000e+00
      67500   2812.469   2289.000     2.6574   3.227103     2.6591   3.228612      95.52     0.0192     2.2254     1.9946  2.1013432  0.9559225   48.93744  -45.83006    34.9170    34.9335     2.4838     2.4853    27.8651    27.8781    5.97276    6.19894         20 0.0000e+00
      67521   2813.334   2288.000     2.6586   3.227165     2.6596   3.228617      95.38     0.0163     2.2255     1.9947  2.1013432  0.9559858   48.93744  -45.83006    34.9171    34.9335     2.4850     2.4859    27.8650    27.8781    5.96741    6.19474         21 0.0000e+00
      67542   2814.220   2287.000     2.6597   3.227226     2.6600   3.228626      95.89     0.0143     2.2257     1.9949  2.1013432  0.9560434   48.93744  -45.83006    34.9170    34.9336     2.4862     2.4865    27.8649    27.8781    5.96915    6.19538         22 0.0000e+00
      67564   2815.141   2286.000     2.6601   3.227225     2.6610   3.228685      95.90     0.0175     2.2260     1.9952  2.1009567  0.9560440   48.93744  -45.83006    34.9171    34.9337     2.4866     2.4875    27.8649    27.8781    5.97312    6.20162         22 0.0000e+00
      67587   2816.073   2285.000     2.6603   3.227208     2.6620   3.228717      95.93     0.0129     2.2263     1.9956  2.1001127  0.9563246   48.93744  -45.83006    34.9172    34.9336     2.4870     2.4886    27.8649    27.8779    5.97055    6.19941         22 0.0000e+00
      67608   2816.979   2284.000     2.6612   3.227245     2.6626   3.228728      95.92     0.0087     2.2266     1.9959  2.1003006  0.9563944   48.93744  -45.83006    34.9171    34.9335     2.4879     2.4892    27.8648    27.8778    5.97095    6.19344         21 0.0000e+00
      67629   2817.831   2283.000     2.6625   3.227298     2.6636   3.228784      95.56     0.0066     2.2267     1.9958  2.1013663  0.9572842   48.93744  -45.83005    34.9169    34.9336     2.4893     2.4903    27.8645    27.8778    5.97462    6.18943         20 0.0000e+00
      67648   2818.625   2282.000     2.6633   3.227347     2.6644   3.228823      95.78     0.0064     2.2275     1.9959  2.1013432  0.9572006   48.93744  -45.83004    34.9170    34.9337     2.4902     2.4912    27.8645    27.8778    5.98159    6.19190         19 0.0000e+00
      67666   2819.385   2281.000     2.6648   3.227428     2.6657   3.228887      95.92     0.0088     2.2277     1.9960  2.1013432  0.9572641   48.93744  -45.83004    34.9170    34.9336     2.4917     2.4926    27.8644    27.8776    5.96605    6.19237         18 0.0000e+00
      67684   2820.127   2280.000     2.6652   3.227440     2.6669   3.228961      95.82     0.0103     2.2274     1.9961  2.1013432  0.9572650   48.93744  -45.83004    34.9171    34.9337     2.4923     2.4938    27.8644    27.8776    5.96865    6.20004         18 0.0000e+00
      67702   2820.884   2279.000     2.6665   3.227521     2.6681   3.229027      94.76     0.0106     2.2280     1.9967  2.1013432  0.9572650   48.93744  -45.83004    34.9172    34.9337     2.4936     2.4951    27.8644    27.8774    5.98195    6.20398         18 0.0000e+00
      67722   2821.703   2278.000     2.6676   3.227581     2.6685   3.229030      95.53     0.0101     2.2286     1.9971  2.1011119  0.9572650   48.93744  -45.83004    34.9173    34.9338     2.4948     2.4956    27.8643    27.8775    5.97302    6.19864         21 0.0000e+00
      67744   2822.609   2277.000     2.6682   3.227595     2.6692   3.229053      95.73     0.0085     2.2286     1.9972  2.1012869  0.9572650   48.93745  -45.83004    34.9173    34.9337     2.4955     2.4964    27.8643    27.8774    5.97026    6.19301         23 0.0000e+00
      67767   2823.576   2276.000     2.6684   3.227579     2.6698   3.229058      95.93     0.0098     2.2290     1.9972  2.1013427  0.9572650   48.93746  -45.83004    34.9173    34.9337     2.4958     2.4971    27.8643    27.8773    5.97799    6.19059         23 0.0000e+00
      67789   2824.497   2275.000     2.6694   3.227615     2.6699   3.229032      95.93     0.0132     2.2294     1.9975  2.1013432  0.9572650   48.93746  -45.83004    34.9172    34.9337     2.4968     2.5035    27.8641    27.8773    5.96617    6.19410         21 0.0000e+00
      67809   2825.330   2274.000     2.6702   3.227656     2.6706   3.229051      86.60     0.0135     2.2294     1.9975  2.1013432  0.9579052   48.93746  -45.83004    34.9172    34.9337     2.4978     2.4981    27.8641    27.8772    5.97692    6.19111         19 0.0000e+00
      67827   2826.104   2273.000     2.6706   3.227646     2.6712   3.229069      71.73     0.0143     2.2297     1.9976  2.1013432  0.9583500   48.93746  -45.83004    34.9172    34.9337     2.4983     2.4988    27.8640    27.8771    5.97455    6.19506         18 0.0000e+00
      67846   2826.865   2272.000     2.6712   3.227660     2.6719   3.229101      96.24     0.0141     2.2300     1.9979  2.1013432  0.9582815   48.93746  -45.83004    34.9172    34.9338     2.4989     2.4996    27.8639    27.8772    5.96914    6.19656         18 0.0000e+00
      67865   2827.664   2271.000     2.6719   3.227696     2.6729   3.229146      95.88     0.0107     2.2298     1.9983  2.1001849  0.9584273   48.93746  -45.83004    34.9174    34.9338     2.4997     2.5006    27.8640    27.8771    5.96566    6.20142         21 0.0000e+00
      67886   2828.542   2270.000     2.6726   3.227715     2.6735   3.229156      95.92     0.0081     2.2302     1.9987  2.1001236  0.9583762   48.93746  -45.83004    34.9173    34.9337     2.5005     2.5013    27.8639    27.8769    5.97222    6.19762         22 0.0000e+00
      67909   2829.488   2269.000     2.6735   3.227752     2.6741   3.229162      95.93     0.0098     2.2307     1.9989  2.1001222  0.9584870   48.93746  -45.83004    34.9173    34.9337     2.5015     2.5019    27.8638    27.8769    5.97125    6.19560         22 0.0000e+00
      67930   2830.390   2268.000     2.6742   3.227765     2.6743   3.229144      95.15     0.0120     2.2305     1.9991  2.1001222  0.9584860   48.93746  -45.83004    34.9172    34.9337     2.5022     2.5022    27.8637    27.8769    5.95693    6.18557         21 0.0000e+00
      67950   2831.193   2267.000     2.6743   3.227746     2.6745   3.229121      94.94     0.0142     2.2301     1.9988  2.1005321  0.9584860   48.93746  -45.83004    34.9173    34.9337     2.5025     2.5026    27.8637    27.8768    5.96273    6.18249         18 0.0000e+00
      67967   2831.926   2266.000     2.6751   3.227765     2.6751   3.229144      94.35     0.0148     2.2304     1.9987  2.1013539  0.9584860   48.93746  -45.83004    34.9172    34.9338     2.5033     2.5032    27.8636    27.8769    5.97295    6.18321         17 0.0000e+00
      67984   2832.633   2265.000     2.6757   3.227781     2.6763   3.229207      95.14     0.0129     2.2309     1.9987  2.1013432  0.9584860   48.93746  -45.83004    34.9172    34.9338     2.5040     2.5045    27.8635    27.8767    5.96615    6.18574         17 0.0000e+00
      68001   2833.352   2264.000     2.6761   3.227797     2.6776   3.229298      95.94     0.0132     2.2304     1.9988  2.1013432  0.9584860   48.93746  -45.83002    34.9175    34.9340     2.5044     2.5059    27.8637    27.8767    5.96205    6.18742         18 0.0000e+00
      68020   2834.140   2263.000     2.6777   3.227901     2.6788   3.229370      95.94     0.0128     2.2311     1.9988  2.1013432  0.9584860   48.93746  -45.83002    34.9175    34.9341     2.5061     2.5071    27.8636    27.8767    5.97048    6.18231         20 0.0000e+00
      68042   2835.055   2262.000     2.6784   3.227912     2.6795   3.229388      95.93     0.0135     2.2311     1.9988  2.1009901  0.9584860   48.93746  -45.83002    34.9174    34.9340     2.5069     2.5079    27.8634    27.8766    5.96008    6.18493         24 0.0000e+00
      68067   2836.089   2261.000     2.6791   3.227933     2.6799   3.229386      95.93     0.0110     2.2310     1.9990  2.1001177  0.9584860   48.93746  -45.83002    34.9173    34.9340     2.5077     2.5084    27.8633    27.8766    5.96084    6.18513         25 0.0000e+00
      68091   2837.090   2260.000     2.6799   3.227967     2.6807   3.229410      95.93     0.0081     2.2309     1.9990  2.1002362  0.9587141   48.93746  -45.83002    34.9174    34.9339     2.5086     2.5093    27.8632    27.8764    5.95898    6.18328         22 0.0000e+00
      68112   2837.957   2259.000     2.6806   3.227994     2.6815   3.229449      74.35     0.0098     2.2312     1.9992  2.1006188  0.9593544   48.93746  -45.83002    34.9175    34.9340     2.5093     2.5102    27.8632    27.8764    5.96732    6.18994         20 0.0000e+00
      68131   2838.751   2258.000     2.6814   3.228033     2.6822   3.229476      83.07     0.0116     2.2314     1.9997  2.1005075  0.9593858   48.93746  -45.83002    34.9175    34.9341     2.5103     2.5110    27.8632    27.8764    5.96037    6.19123         19 0.0000e+00
      68150   2839.532   2257.000     2.6824   3.228089     2.6831   3.229519      95.76     0.0108     2.2314     1.9997  2.1004443  0.9597032   48.93747  -45.83002    34.9176    34.9342     2.5113     2.5119    27.8632    27.8764    5.96408    6.18532         19 0.0000e+00
      68169   2840.352   2256.000     2.6835   3.228145     2.6839   3.229549      95.92     0.0105     2.2319     1.9999  2.1001840  0.9597070   48.93748  -45.83002    34.9176    34.9342     2.5125     2.5128    27.8631    27.8763    5.95741    6.18370         20 0.0000e+00
      68191   2841.231   2255.000     2.6841   3.228155     2.6842   3.229541      95.92     0.0141     2.2313     1.9998  2.1002333  0.9597070   48.93748  -45.83002    34.9176    34.9342     2.5131     2.5132    27.8630    27.8763    5.95824    6.17677         22 0.0000e+00
      68212   2842.134   2254.000     2.6844   3.228153     2.6847   3.229542      95.93     0.0162     2.2318     1.9998  2.1001210  0.9597070   48.93748  -45.83002    34.9177    34.9342     2.5136     2.5137    27.8630    27.8762    5.97486    6.17221         21 0.0000e+00
      68233   2843.005   2253.000     2.6848   3.228152     2.6851   3.229548      95.93     0.0135     2.2328     1.9994  2.1001222  0.9597070   48.93748  -45.83002    34.9177    34.9343     2.5141     2.5143    27.8630    27.8763    5.96473    6.17157         21 0.0000e+00
      68252   2843.807   2252.000     2.6852   3.228142     2.6865   3.229621      95.93     0.0146     2.2326     1.9993  2.1001222  0.9597070   48.93748  -45.83002    34.9177    34.9342     2.5145     2.5157    27.8630    27.8761    5.94384    6.18064         18 0.0000e+00
      68270   2844.547   2251.000     2.6865   3.228219     2.6885   3.229791      95.92     0.0136     2.2319     1.9997  2.1001222  0.9597070   48.93748  -45.83002    34.9177    34.9345     2.5159     2.5178    27.8629    27.8761    5.94951    6.17880         17 0.0000e+00
