data/CTD/2013/CNV/U021A018.CNV
* Sea-Bird SBE 9 Data File:
* FileName = C:\CTD_ACQUISITION\2013021HUD\ctddata\021A018.hdr
* Software Version Seasave V 7.22.2
* Temperature SN = 5081
* Conductivity SN = 3561
* Number of Bytes Per Scan = 37
* Number of Voltage Words = 4
* Number of Scans Averaged by the Deck Unit = 1
* NMEA Latitude = 47 00.01 N
* NMEA Longitude = 046 44.51 W
* NMEA UTC (Time) = Jul 02 2013 03:43:13
* NMEA baud rate = 9600
** Ship: Hudson
** Cruise: HUD2013021
** Chief_Scientist: Greenan
** Organization: BIO
** Area_of_Operation: Sackville Spur
** Station: 18
** Sounding:  1161
** Event_Comments: FC18.5  393123
# nquan = 25
# nvalues = 1149                        
# units = specified
# name 0 = scan: Scan Count
# name 1 = timeS: Time, Elapsed [seconds]
# name 2 = prDM: Pressure, Digiquartz [db]
# name 3 = t068C: Temperature [ITS-68, deg C]
# name 4 = c0S/m: Conductivity [S/m]
# name 5 = t168C: Temperature, 2 [ITS-68, deg C]
# name 6 = c1S/m: Conductivity, 2 [S/m]
# name 7 = altM: Altimeter [m]
# name 8 = flCUVA: Fluorescence, Chelsea UV Aquatracka [ug/l]
# name 9 = sbeox0V: Oxygen raw, SBE 43 [V]
# name 10 = sbeox1V: Oxygen raw, SBE 43, 2 [V]
# name 11 = upoly0: Upoly 0, Optode 4330F - O2 D-Phase
# name 12 = upoly1: Upoly 1, Optode 4330F - O2 Temp
# name 13 = latitude: Latitude [deg]
# name 14 = longitude: Longitude [deg]
# name 15 = sal00: Salinity, Practical [PSU]
# name 16 = sal11: Salinity, Practical, 2 [PSU]
# name 17 = potemp068C: Potential Temperature [ITS-68, deg C]
# name 18 = potemp168C: Potential Temperature, 2 [ITS-68, deg C]
# name 19 = sigma-é00: Density [sigma-theta, Kg/m^3]
# name 20 = sigma-é11: Density, 2 [sigma-theta, Kg/m^3]
# name 21 = sbeox0ML/L: Oxygen, SBE 43 [ml/l], WS = 2
# name 22 = sbeox1ML/L: Oxygen, SBE 43, 2 [ml/l], WS = 2
# name 23 = nbin: number of scans per bin
# name 24 = flag: flag
# span 0 =      37072,      64898       
# span 1 =   1544.621,   2704.043       
# span 2 =      1.000,   1149.000       
# span 3 =     0.6331,     5.7386       
# span 4 =   2.863578,   3.297280       
# span 5 =     0.6156,     5.7464       
# span 6 =   2.862757,   3.298666       
# span 7 =       8.80,     108.59       
# span 8 =     0.0053,     0.3620       
# span 9 =     2.5104,     3.3623       
# span 10 =     2.2595,     3.0001      
# span 11 =  1.7313343,  2.0327630      
# span 12 =  0.7450139,  1.3354292      
# span 13 =   47.00202,   47.00343      
# span 14 =  -46.74170,  -46.74075      
# span 15 =    32.7063,    34.9196      
# span 16 =    32.7217,    34.9352      
# span 17 =     0.6308,     5.7372      
# span 18 =     0.6134,     5.7450      
# span 19 =    25.7786,    27.7495      
# span 20 =    25.7913,    27.7622      
# span 21 =    5.87777,    7.45969      
# span 22 =    6.06281,    7.63305      
# span 23 =         12,        384      
# span 24 = 0.0000e+00, 0.0000e+00      
# interval = decibars: 1                
# start_time = Jul 02 2013 03:43:13 [NMEA time, header]
# bad_flag = -9.990e-29
*END*
[from data line 928]
      58858   2452.364    221.000     4.0199   3.246754     4.0189   3.247805      95.77     0.0128     2.8035     2.4980  1.9633337  1.1159638   47.00338  -46.74140    34.7568    34.7709     4.0044     4.0042    27.5924    27.6038    5.99667    6.11021         15 0.0000e+00
      58874   2453.049    220.000     4.0016   3.244764     3.9929   3.245177      96.32     0.0114     2.8045     2.4986  1.9633700  1.1159952   47.00338  -46.74140    34.7530    34.7671     3.9862     3.9775    27.5913    27.6034    6.00794    6.13192         18 0.0000e+00
      58896   2453.963    219.000     3.9899   3.243470     3.9851   3.244286      96.01     0.0084     2.8048     2.5005  1.9642004  1.1189480   47.00338  -46.74140    34.7506    34.7654     3.9746     3.9698    27.5905    27.6028    6.01820    6.13889         26 0.0000e+00
      58924   2455.112    218.000     3.9805   3.242610     3.9787   3.243641      96.35     0.0138     2.8074     2.5013  1.9647863  1.1209282   47.00338  -46.74140    34.7509    34.7650     3.9652     3.9635    27.5917    27.6032    6.03933    6.12374         27 0.0000e+00
      58948   2456.107    217.000     3.9711   3.241341     3.9545   3.241040      96.29     0.0181     2.8108     2.5014  1.9685733  1.1208792   47.00338  -46.74140    34.7463    34.7604     3.9560     3.9393    27.5890    27.6020    6.06568    6.14611         21 0.0000e+00
      58966   2456.888    216.000     3.9495   3.239044     3.9420   3.239563      96.37     0.0170     2.8140     2.5039  1.9694909  1.1208792   47.00338  -46.74140    34.7424    34.7565     3.9345     3.9270    27.5882    27.6002    6.09084    6.18937         17 0.0000e+00
      58983   2457.603    215.000     3.9311   3.236998     3.9271   3.237967      96.32     0.0155     2.8189     2.5081  1.9698135  1.1206760   47.00338  -46.74140    34.7381    34.7539     3.9162     3.9121    27.5866    27.5996    6.11822    6.21812         18 0.0000e+00
      59002   2458.394    214.000     3.9064   3.234284     3.9019   3.235174      96.36     0.0167     2.8237     2.5125  1.9714057  1.1196867   47.00338  -46.74140    34.7325    34.7479     3.8916     3.8870    27.5847    27.5975    6.13540    6.24035         21 0.0000e+00
      59028   2459.441    213.000     3.8717   3.230663     3.8672   3.231584      96.29     0.0184     2.8305     2.5193  1.9715685  1.1193519   47.00338  -46.74140    34.7265    34.7425     3.8570     3.8525    27.5835    27.5967    6.16033    6.27040         28 0.0000e+00
      59055   2460.572    212.000     3.8213   3.225613     3.8376   3.228720      96.39     0.0166     2.8376     2.5265  1.9716756  1.1172074   47.00338  -46.74140    34.7205    34.7402     3.8067     3.8230    27.5838    27.5979    6.18797    6.29117         25 0.0000e+00
      59077   2461.514    211.000     3.7927   3.222374     3.7888   3.223554      96.44     0.0184     2.8438     2.5317  1.9715461  1.1172143   47.00338  -46.74140    34.7127    34.7310     3.7782     3.7743    27.5806    27.5955    6.21268    6.30949         20 0.0000e+00
      59096   2462.278    210.000     3.7175   3.214427     3.7048   3.214637      96.09     0.0158     2.8490     2.5359  1.9743842  1.1135886   47.00338  -46.74140    34.6981    34.7141     3.7032     3.6906    27.5765    27.5905    6.24159    6.33749         18 0.0000e+00
      59113   2462.990    209.000     3.6589   3.208149     3.6477   3.208510      96.43     0.0155     2.8539     2.5401  1.9743589  1.1136957   47.00340  -46.74142    34.6857    34.7019     3.6448     3.6337    27.5725    27.5865    6.26406    6.35878         17 0.0000e+00
      59130   2463.723    208.000     3.6198   3.204147     3.6172   3.205211      96.43     0.0132     2.8586     2.5440  1.9755025  1.1120071   47.00340  -46.74142    34.6798    34.6953     3.6059     3.6033    27.5716    27.5842    6.27558    6.36946         18 0.0000e+00
      59149   2464.501    207.000     3.5789   3.199761     3.5768   3.200961      96.43     0.0115     2.8628     2.5478  1.9779603  1.1089872   47.00340  -46.74142    34.6692    34.6878     3.5652     3.5631    27.5672    27.5823    6.28096    6.37944         19 0.0000e+00
      59168   2465.295    206.000     3.5382   3.195420     3.5215   3.195123      96.42     0.0123     2.8666     2.5509  1.9779577  1.1089904   47.00340  -46.74142    34.6629    34.6771     3.5246     3.5079    27.5662    27.5792    6.29347    6.38812         19 0.0000e+00
      59187   2466.074    205.000     3.4786   3.189350     3.4561   3.188355      96.43     0.0124     2.8701     2.5535  1.9764971  1.1000999   47.00340  -46.74142    34.6539    34.6659     3.4652     3.4427    27.5648    27.5766    6.30453    6.39765         19 0.0000e+00
      59206   2466.863    204.000     3.4274   3.183847     3.4131   3.183807      96.43     0.0127     2.8723     2.5553  1.9764163  1.0977156   47.00340  -46.74142    34.6427    34.6574     3.4141     3.3998    27.5608    27.5740    6.30292    6.39696         19 0.0000e+00
      59228   2467.775    203.000     3.3838   3.179270     3.3743   3.179763      96.36     0.0136     2.8739     2.5567  1.9755473  1.0935569   47.00340  -46.74142    34.6345    34.6505     3.3707     3.3612    27.5585    27.5722    6.31233    6.40317         25 0.0000e+00
      59256   2468.958    202.000     3.3449   3.175559     3.3344   3.175511      96.43     0.0182     2.8770     2.5581  1.9747522  1.0879776   47.00340  -46.74142    34.6317    34.6423     3.3319     3.3214    27.5600    27.5695    6.32915    6.41268         30 0.0000e+00
      59284   2470.109    201.000     3.3263   3.173471     3.3215   3.174197      96.43     0.0165     2.8792     2.5605  1.9736007  1.0798184   47.00340  -46.74142    34.6269    34.6408     3.3134     3.3085    27.5580    27.5695    6.33071    6.43472         25 0.0000e+00
      59305   2470.999    200.000     3.2940   3.169982     3.2873   3.170759      96.25     0.0172     2.8810     2.5627  1.9732028  1.0769272   47.00340  -46.74142    34.6197    34.6363     3.2812     3.2745    27.5553    27.5692    6.34361    6.45077         19 0.0000e+00
      59323   2471.760    199.000     3.2625   3.166654     3.2614   3.167949      96.43     0.0164     2.8821     2.5651  1.9724702  1.0750508   47.00340  -46.74143    34.6135    34.6304     3.2498     3.2487    27.5534    27.5670    6.34037    6.45681         18 0.0000e+00
      59340   2472.475    198.000     3.2498   3.165264     3.2490   3.166597      96.30     0.0166     2.8823     2.5662  1.9714653  1.0720580   47.00340  -46.74144    34.6108    34.6279     3.2372     3.2364    27.5524    27.5661    6.34404    6.45343         16 0.0000e+00
      59357   2473.185    197.000     3.2404   3.164176     3.2397   3.165509      95.80     0.0177     2.8836     2.5675  1.9713069  1.0720391   47.00340  -46.74144    34.6082    34.6252     3.2279     3.2271    27.5512    27.5648    6.35103    6.45804         18 0.0000e+00
      59375   2473.902    196.000     3.2137   3.161269     3.2089   3.162168      96.20     0.0169     2.8845     2.5687  1.9706378  1.0663388   47.00340  -46.74144    34.6021    34.6182     3.2013     3.1965    27.5489    27.5621    6.34809    6.45767         17 0.0000e+00
      59392   2474.641    195.000     3.1876   3.158410     3.1805   3.159093      96.43     0.0156     2.8844     2.5689  1.9706280  1.0622989   47.00340  -46.74144    34.5958    34.6118     3.1753     3.1681    27.5463    27.5597    6.35075    6.45048         18 0.0000e+00
      59411   2475.406    194.000     3.1690   3.156326     3.1645   3.157264      96.44     0.0150     2.8850     2.5687  1.9703145  1.0622711   47.00340  -46.74144    34.5910    34.6072     3.1567     3.1523    27.5442    27.5575    6.36069    6.44913         19 0.0000e+00
      59431   2476.238    193.000     3.1605   3.155401     3.1571   3.156390      96.24     0.0180     2.8858     2.5687  1.9694870  1.0565406   47.00340  -46.74144    34.5894    34.6050     3.1483     3.1450    27.5437    27.5565    6.35669    6.45204         21 0.0000e+00
      59453   2477.170    192.000     3.1425   3.153492     3.1465   3.155247      95.75     0.0202     2.8856     2.5685  1.9694749  1.0561714   47.00340  -46.74144    34.5860    34.6020     3.1305     3.1344    27.5426    27.5550    6.35433    6.45082         24 0.0000e+00
      59478   2478.208    191.000     3.1354   3.152457     3.1294   3.153299      96.44     0.0195     2.8859     2.5687  1.9660578  1.0509917   47.00340  -46.74144    34.5816    34.5983     3.1234     3.1174    27.5398    27.5536    6.35938    6.46407         25 0.0000e+00
      59503   2479.243    190.000     3.1281   3.151653     3.1213   3.152239      96.44     0.0184     2.8858     2.5698  1.9650868  1.0500486   47.00340  -46.74144    34.5802    34.5945     3.1162     3.1095    27.5393    27.5514    6.35432    6.46819         24 0.0000e+00
      59526   2480.213    189.000     3.1241   3.150907     3.1241   3.152213      96.44     0.0168     2.8856     2.5700  1.9650686  1.0468590   47.00340  -46.74144    34.5760    34.5916     3.1122     3.1123    27.5363    27.5488    6.35695    6.45917         23 0.0000e+00
      59549   2481.165    188.000     3.1141   3.149566     3.1079   3.150461      96.43     0.0184     2.8857     2.5699  1.9650342  1.0463881   47.00340  -46.74146    34.5709    34.5885     3.1023     3.0961    27.5332    27.5478    6.36455    6.46736         22 0.0000e+00
      59570   2482.025    187.000     3.0926   3.147266     3.0853   3.147997      96.44     0.0194     2.8869     2.5711  1.9649748  1.0420992   47.00340  -46.74146    34.5665    34.5831     3.0810     3.0737    27.5316    27.5456    6.37264    6.48306         19 0.0000e+00
      59588   2482.778    186.000     3.0808   3.146009     3.0791   3.147182      96.43     0.0186     2.8870     2.5719  1.9648613  1.0402764   47.00340  -46.74146    34.5644    34.5805     3.0692     3.0675    27.5311    27.5441    6.37453    6.48312         18 0.0000e+00
      59604   2483.479    185.000     3.0760   3.145385     3.0767   3.146774      96.36     0.0198     2.8881     2.5724  1.9648962  1.0402931   47.00340  -46.74146    34.5624    34.5786     3.0645     3.0652    27.5299    27.5428    6.37901    6.48477         16 0.0000e+00
      59620   2484.134    184.000     3.0704   3.144607     3.0698   3.145894      96.26     0.0207     2.8881     2.5730  1.9645867  1.0356729   47.00340  -46.74146    34.5595    34.5758     3.0590     3.0584    27.5281    27.5412    6.38499    6.49492         15 0.0000e+00
      59636   2484.772    183.000     3.0618   3.143595     3.0598   3.144742      96.43     0.0205     2.8894     2.5746  1.9645909  1.0354085   47.00340  -46.74146    34.5569    34.5731     3.0505     3.0484    27.5268    27.5399    6.40104    6.50734         16 0.0000e+00
      59651   2485.435    182.000     3.0553   3.142832     3.0549   3.144128      96.41     0.0200     2.8913     2.5760  1.9645909  1.0354091   47.00340  -46.74146    34.5552    34.5714     3.0440     3.0436    27.5260    27.5390    6.40266    6.51171         16 0.0000e+00
      59668   2486.145    181.000     3.0530   3.142535     3.0523   3.143799      96.10     0.0179     2.8921     2.5774  1.9645909  1.0301278   47.00340  -46.74146    34.5545    34.5707     3.0418     3.0411    27.5257    27.5387    6.39253    6.50665         18 0.0000e+00
      59687   2486.929    180.000     3.0495   3.142057     3.0488   3.143313      96.39     0.0199     2.8928     2.5781  1.9645909  1.0294337   47.00340  -46.74146    34.5531    34.5691     3.0383     3.0376    27.5249    27.5377    6.38535    6.49893         20 0.0000e+00
      59709   2487.844    179.000     3.0474   3.141721     3.0449   3.142735      95.97     0.0196     2.8923     2.5784  1.9639769  1.0275601   47.00340  -46.74146    34.5518    34.5668     3.0363     3.0338    27.5240    27.5362    6.38134    6.49108         25 0.0000e+00
      59738   2489.021    178.000     3.0609   3.142607     3.0545   3.143369      96.10     0.0138     2.8927     2.5782  1.9633696  1.0256401   47.00340  -46.74146    34.5486    34.5649     3.0499     3.0435    27.5203    27.5339    6.37984    6.48660         30 0.0000e+00
      59766   2490.222    177.000     3.0757   3.143798     3.0778   3.145256      96.35     0.0154     2.8928     2.5782  1.9616770  1.0246253   47.00340  -46.74148    34.5478    34.5635     3.0648     3.0668    27.5182    27.5305    6.37827    6.49458         26 0.0000e+00
      59787   2491.100    176.000     3.1003   3.146091     3.1096   3.148176      96.42     0.0204     2.8925     2.5797  1.9611328  1.0244157   47.00340  -46.74148    34.5500    34.5654     3.0894     3.0987    27.5177    27.5291    6.37212    6.49799         17 0.0000e+00
      59803   2491.761    175.000     3.1240   3.148164     3.1264   3.149670      96.37     0.0209     2.8932     2.5804  1.9613383  1.0240060   47.00340  -46.74148    34.5504    34.5660     3.1131     3.1155    27.5158    27.5280    6.37374    6.48002         15 0.0000e+00
      59817   2492.337    174.000     3.1322   3.148816     3.1327   3.150133      96.43     0.0176     2.8932     2.5795  1.9615870  1.0231938   47.00340  -46.74148    34.5501    34.5657     3.1214     3.1218    27.5148    27.5272    6.37382    6.47323         13 0.0000e+00
      59830   2492.879    173.000     3.1283   3.148206     3.1238   3.149075      96.39     0.0148     2.8939     2.5797  1.9621536  1.0231991   47.00340  -46.74148    34.5475    34.5628     3.1175     3.1130    27.5131    27.5257    6.38465    6.48229         13 0.0000e+00
      59843   2493.436    172.000     3.1141   3.146668     3.1104   3.147586      96.43     0.0143     2.8952     2.5804  1.9621489  1.0231991   47.00340  -46.74148    34.5445    34.5596     3.1034     3.0997    27.5120    27.5244    6.39550    6.49707         14 0.0000e+00
      59859   2494.064    171.000     3.0999   3.145073     3.0927   3.145737      96.42     0.0178     2.8962     2.5812  1.9596398  1.0226414   47.00340  -46.74148    34.5408    34.5566     3.0893     3.0821    27.5104    27.5236    6.40754    6.51206         17 0.0000e+00
      59878   2494.871    170.000     3.0735   3.142445     3.0696   3.143255      96.42     0.0209     2.8989     2.5834  1.9593259  1.0222669   47.00341  -46.74148    34.5376    34.5517     3.0629     3.0591    27.5103    27.5218    6.42177    6.52974         22 0.0000e+00
      59904   2495.954    169.000     3.0795   3.142742     3.0384   3.140189      95.86     0.0195     2.9014     2.5864  1.9594916  1.0221064   47.00342  -46.74148    34.5354    34.5483     3.0690     3.0280    27.5079    27.5220    6.42136    6.53879         28 0.0000e+00
      59929   2497.017    168.000     3.0614   3.140884     3.0375   3.139545      96.25     0.0228     2.9039     2.5879  1.9596565  1.0219759   47.00342  -46.74148    34.5327    34.5419     3.0510     3.0272    27.5074    27.5170    6.41746    6.51637         23 0.0000e+00
      59951   2497.905    167.000     3.0419   3.138660     3.0405   3.139441      96.19     0.0209     2.9042     2.5873  1.9589057  1.0199428   47.00342  -46.74148    34.5270    34.5379     3.0316     3.0302    27.5047    27.5135    6.40792    6.49257         20 0.0000e+00
      59972   2498.775    166.000     3.0374   3.137677     3.0341   3.138572      96.25     0.0215     2.9040     2.5856  1.9584842  1.0183080   47.00342  -46.74149    34.5204    34.5348     3.0271     3.0239    27.4998    27.5116    6.40934    6.49874         22 0.0000e+00
      59995   2499.760    165.000     3.0487   3.138331     3.0436   3.139255      95.58     0.0241     2.9048     2.5864  1.9575979  1.0173777   47.00341  -46.74150    34.5168    34.5335     3.0385     3.0334    27.4959    27.5097    6.42589    6.52386         25 0.0000e+00
