data/CTD/2013/CNV/U021A033.CNV
* Sea-Bird SBE 9 Data File:
* FileName = C:\CTD_ACQUISITION\2013021HUD\ctddata\021A033.hdr
* Software Version Seasave V 7.22.2
* Temperature SN = 5081
* Conductivity SN = 3561
* Number of Bytes Per Scan = 37
* Number of Voltage Words = 4
* Number of Scans Averaged by the Deck Unit = 1
* NMEA Latitude = 48 13.60 N
* NMEA Longitude = 046 27.66 W
* NMEA UTC (Time) = Jul 03 2013 09:29:10
* NMEA baud rate = 9600
** Ship: Hudson
** Cruise: HUD2013021
** Chief_Scientist: Greenan
** Organization: BIO
** Area_of_Operation: Sackville Spur
** Station: 33
** Sounding:  1150
** Event_Comments: SS13   393161
# nquan = 25
# nvalues = 982                         
# units = specified
# name 0 = scan: Scan Count
# name 1 = timeS: Time, Elapsed [seconds]
# name 2 = prDM: Pressure, Digiquartz [db]
# name 3 = t068C: Temperature [ITS-68, deg C]
# name 4 = c0S/m: Conductivity [S/m]
# name 5 = t168C: Temperature, 2 [ITS-68, deg C]
# name 6 = c1S/m: Conductivity, 2 [S/m]
# name 7 = altM: Altimeter [m]
# name 8 = flCUVA: Fluorescence, Chelsea UV Aquatracka [ug/l]
# name 9 = sbeox0V: Oxygen raw, SBE 43 [V]
# name 10 = sbeox1V: Oxygen raw, SBE 43, 2 [V]
# name 11 = upoly0: Upoly 0, Optode 4330F - O2 D-Phase
# name 12 = upoly1: Upoly 1, Optode 4330F - O2 Temp
# name 13 = latitude: Latitude [deg]
# name 14 = longitude: Longitude [deg]
# name 15 = sal00: Salinity, Practical [PSU]
# name 16 = sal11: Salinity, Practical, 2 [PSU]
# name 17 = potemp068C: Potential Temperature [ITS-68, deg C]
# name 18 = potemp168C: Potential Temperature, 2 [ITS-68, deg C]
# name 19 = sigma-é00: Density [sigma-theta, Kg/m^3]
# name 20 = sigma-é11: Density, 2 [sigma-theta, Kg/m^3]
# name 21 = sbeox0ML/L: Oxygen, SBE 43 [ml/l], WS = 2
# name 22 = sbeox1ML/L: Oxygen, SBE 43, 2 [ml/l], WS = 2
# name 23 = nbin: number of scans per bin
# name 24 = flag: flag
# span 0 =      34383,      61040       
# span 1 =   1432.588,   2543.312       
# span 2 =      1.000,    982.000       
# span 3 =    -0.2051,     5.5051       
# span 4 =   2.762027,   3.272556       
# span 5 =    -0.2044,     5.5054       
# span 6 =   2.763585,   3.273901       
# span 7 =     -12.13,      99.90       
# span 8 =     0.0052,     0.1086       
# span 9 =     2.5953,     3.4241       
# span 10 =     2.3342,     3.0714      
# span 11 =  1.7396194,  2.0055459      
# span 12 =  0.6259456,  1.3137414      
# span 13 =   48.21666,   48.22097      
# span 14 =  -46.45955,  -46.45796      
# span 15 =    32.5610,    34.9050      
# span 16 =    32.6002,    34.9214      
# span 17 =    -0.2064,     5.5050      
# span 18 =    -0.2057,     5.5053      
# span 19 =    25.6848,    27.7398      
# span 20 =    25.7159,    27.7529      
# span 21 =    6.00207,    8.65322      
# span 22 =    6.20844,    8.79164      
# span 23 =         10,        542      
# span 24 = 0.0000e+00, 0.0000e+00      
# interval = decibars: 1                
# start_time = Jul 03 2013 09:29:10 [NMEA time, header]
# bad_flag = -9.990e-29
*END*
[from data line 928]
      58430   2434.557     54.000     0.2605   2.821622     0.3019   2.827388      89.97     0.0294     2.9438     2.6182  1.9909196  0.7581073   48.21710  -46.45936    33.5915    33.6219     0.2586     0.3000    26.9559    26.9782    7.07968    7.15538         21 0.0000e+00
      58450   2435.373     53.000     0.2094   2.816644     0.2480   2.821993      88.89     0.0283     2.9499     2.6227  1.9977090  0.7470059   48.21710  -46.45936    33.5827    33.6107     0.2075     0.2461    26.9515    26.9721    7.12570    7.18276         18 0.0000e+00
      58467   2436.096     52.000     0.1274   2.808377     0.1763   2.814837      95.67     0.0332     2.9540     2.6273  1.9975580  0.7472528   48.21708  -46.45936    33.5642    33.5957     0.1256     0.1745    26.9408    26.9637    7.14867    7.21656         17 0.0000e+00
      58484   2436.806     51.000     0.0434   2.799716     0.0965   2.806608      95.35     0.0375     2.9584     2.6316  1.9983641  0.7284182   48.21708  -46.45936    33.5425    33.5753     0.0416     0.0947    26.9276    26.9514    7.18525    7.24985         17 0.0000e+00
      58502   2437.552     50.000    -0.0700   2.787833    -0.0563   2.790860      91.83     0.0382     2.9642     2.6366  1.9988499  0.7177384   48.21708  -46.45936    33.5102    33.5353    -0.0716    -0.0580    26.9071    26.9266    7.23053    7.30526         19 0.0000e+00
      58523   2438.408     49.000    -0.1513   2.777879    -0.1527   2.779792      95.63     0.0473     2.9699     2.6421  1.9990951  0.7136353   48.21706  -46.45936    33.4680    33.4950    -0.1529    -0.1543    26.8768    26.8987    7.25613    7.33211         23 0.0000e+00
      58552   2439.608     48.000    -0.1703   2.774605    -0.1860   2.774909      94.48     0.0549     2.9767     2.6485  1.9996116  0.6978995   48.21705  -46.45937    33.4460    33.4672    -0.1718    -0.1875    26.8599    26.8778    7.27632    7.36073         37 0.0000e+00
      58592   2441.272     47.000    -0.1974   2.770015    -0.1882   2.773113      94.64     0.0571     2.9860     2.6588  2.0031357  0.6760327   48.21704  -46.45938    33.4153    33.4463    -0.1989    -0.1897    26.8364    26.8611    7.30704    7.40894         36 0.0000e+00
      58619   2442.412     46.000    -0.1968   2.769057    -0.1912   2.771557      72.73     0.0592     2.9923     2.6661  2.0036850  0.6710779   48.21704  -46.45938    33.4025    33.4296    -0.1983    -0.1927    26.8260    26.8477    7.33621    7.43385         21 0.0000e+00
      58638   2443.191     45.000    -0.1989   2.768498    -0.1931   2.770706      70.66     0.0626     2.9978     2.6712  2.0037313  0.6604410   48.21704  -46.45938    33.3980    33.4209    -0.2004    -0.1945    26.8225    26.8408    7.38071    7.46458         18 0.0000e+00
      58655   2443.908     44.000    -0.2028   2.767789    -0.1951   2.770229      93.94     0.0628     3.0040     2.6770  2.0036638  0.6605609   48.21703  -46.45938    33.3934    33.4174    -0.2042    -0.1965    26.8190    26.8380    7.42143    7.50718         17 0.0000e+00
      58673   2444.660     43.000    -0.2051   2.767060    -0.1996   2.769395      95.51     0.0646     3.0118     2.6842  2.0030901  0.6557228   48.21702  -46.45939    33.3867    33.4118    -0.2064    -0.2010    26.8137    26.8337    7.46614    7.55723         19 0.0000e+00
      58695   2445.588     42.000    -0.2038   2.766190    -0.2044   2.768115      95.39     0.0633     3.0235     2.6949  2.0024536  0.6496810   48.21702  -46.45940    33.3744    33.4007    -0.2051    -0.2057    26.8037    26.8249    7.54708    7.62631         26 0.0000e+00
      58726   2446.859     41.000    -0.2006   2.765135    -0.2021   2.767352      93.04     0.0619     3.0428     2.7123  1.9974666  0.6451380   48.21701  -46.45940    33.3575    33.3886    -0.2019    -0.2034    26.7899    26.8151    7.62346    7.70749         34 0.0000e+00
      58757   2448.176     40.000    -0.1972   2.763284    -0.1960   2.766148      95.75     0.0694     3.0635     2.7304  1.9941273  0.6421300   48.21700  -46.45940    33.3297    33.3665    -0.1984    -0.1972    26.7673    26.7969    7.70316    7.76466         27 0.0000e+00
      58780   2449.144     39.000    -0.1899   2.762155    -0.1927   2.764596      92.09     0.0793     3.0798     2.7441  1.9939474  0.6422467   48.21700  -46.45940    33.3074    33.3429    -0.1911    -0.1940    26.7489    26.7777    7.74707    7.81014         21 0.0000e+00
      58800   2449.939     38.000    -0.1701   2.762027    -0.1827   2.763585      80.72     0.0793     3.0923     2.7548  1.9938948  0.6422467   48.21698  -46.45942    33.2847    33.3190    -0.1713    -0.1839    26.7296    26.7580    7.77222    7.83355         18 0.0000e+00
      58817   2450.669     37.000    -0.1440   2.762718    -0.1609   2.763714      19.31     0.0771     3.1033     2.7640  1.9922373  0.6390755   48.21698  -46.45942    33.2659    33.2976    -0.1452    -0.1621    26.7133    26.7397    7.80973    7.85040         17 0.0000e+00
      58835   2451.430     36.000    -0.1271   2.763045    -0.1383   2.764126      97.16     0.0790     3.1165     2.7732  1.9902618  0.6351740   48.21698  -46.45942    33.2524    33.2789    -0.1282    -0.1394    26.7016    26.7235    7.84245    7.87108         19 0.0000e+00
      58855   2452.268     35.000    -0.0946   2.764109    -0.1178   2.764448      90.92     0.0842     3.1289     2.7834  1.9899004  0.6353642   48.21698  -46.45942    33.2317    33.2615    -0.0957    -0.1189    26.6834    26.7085    7.84367    7.89947         22 0.0000e+00
      58887   2453.584     34.000    -0.0570   2.766225    -0.0817   2.766156      90.33     0.0795     3.1472     2.7996  1.9835498  0.6328724   48.21696  -46.45943    33.2194    33.2454    -0.0581    -0.0828    26.6717    26.6938    7.89785    7.94752         51 0.0000e+00
      58960   2456.644     33.000    -0.0157   2.768664    -0.0182   2.769828      94.68     0.0744     3.1924     2.8358  1.9697359  0.6305290   48.21696  -46.45944    33.2074    33.2255    -0.0168    -0.0193    26.6600    26.6747    8.01614    8.04666         55 0.0000e+00
      58983   2457.582     32.000     0.0253   2.770937     0.0111   2.771508      95.87     0.0688     3.2039     2.8476  1.9644908  0.6259456   48.21696  -46.45944    33.1948    33.2165     0.0242     0.0100    26.6478    26.6660    8.00867    8.10696         20 0.0000e+00
      59002   2458.365     31.000     0.0933   2.775306     0.0410   2.773309      89.31     0.0689     3.2117     2.8589  1.9636382  0.6260518   48.21694  -46.45944    33.1779    33.2083     0.0923     0.0400    26.6308    26.6579    7.97430    8.14970         19 0.0000e+00
      59022   2459.203     30.000     0.1353   2.778027     0.0789   2.775551      95.48     0.0727     3.2184     2.8706  1.9550887  0.6275481   48.21694  -46.45944    33.1689    33.1973     0.1343     0.0779    26.6215    26.6472    8.00403    8.15796         22 0.0000e+00
      59050   2460.387     29.000     0.2715   2.787195     0.1515   2.780146      92.20     0.0722     3.2346     2.8857  1.9514556  0.6307579   48.21693  -46.45945    33.1426    33.1798     0.2705     0.1506    26.5933    26.6294    8.12429    8.21196         35 0.0000e+00
      59089   2461.985     28.000     0.4782   2.801466     0.2588   2.787607      76.91     0.0638     3.2703     2.9151  1.9432826  0.6389520   48.21692  -46.45946    33.1069    33.1624     0.4772     0.2578    26.5538    26.6099    8.28898    8.41772         40 0.0000e+00
      59141   2464.187     27.000     0.6663   2.815574     0.5413   2.807504      92.76     0.0659     3.3318     2.9663  1.9310472  0.6468722   48.21692  -46.45946    33.0895    33.1186     0.6653     0.5403    26.5290    26.5594    8.45081    8.45716         73 0.0000e+00
      59201   2466.653     26.000     0.9190   2.834663     0.8803   2.832858      95.80     0.0732     3.4012     3.0077  1.9190210  0.6607552   48.21690  -46.45946    33.0669    33.0849     0.9179     0.8793    26.4961    26.5129    8.65322    8.60425         29 0.0000e+00
      59221   2467.490     25.000     1.2419   2.860296     1.0822   2.849128      88.52     0.0729     3.4241     3.0407  1.9144742  0.6781486   48.21690  -46.45947    33.0530    33.0797     1.2408     1.0812    26.4647    26.4963    8.37338    8.79164         20 0.0000e+00
      59239   2468.239     24.000     1.6298   2.890814     1.3305   2.868457      95.52     0.0758     3.4241     3.0645  1.9145299  0.6780140   48.21690  -46.45948    33.0317    33.0639     1.6287     1.3294    26.4216    26.4677    8.03069    8.59611         17 0.0000e+00
      59256   2468.964     23.000     1.9597   2.916371     1.7313   2.899188      30.01     0.0778     3.4128     3.0714  1.8972554  0.6954027   48.21688  -46.45948    33.0077    33.0312     1.9586     1.7303    26.3787    26.4140    7.79412    8.27905         18 0.0000e+00
      59276   2469.788     22.000     2.3453   2.946328     2.1645   2.932565      58.15     0.0803     3.3949     3.0667  1.8949964  0.6983881   48.21688  -46.45948    32.9796    32.9958     2.3442     2.1634    26.3267    26.3545    7.63407    8.00949         22 0.0000e+00
      59305   2471.014     21.000     3.1261   3.004342     2.6425   2.969084      93.00     0.0852     3.3727     3.0495  1.8733307  0.7468731   48.21687  -46.45948    32.8880    32.9533     3.1248     2.6413    26.1875    26.2816    7.48452    7.79228         40 0.0000e+00
      59351   2472.898     20.000     4.4423   3.105185     3.2485   3.015164      91.47     0.0950     3.3515     3.0228  1.8534997  0.7947137   48.21686  -46.45948    32.7624    32.8940     4.4410     3.2473    25.9602    26.1816    7.26021    7.61884         40 0.0000e+00
      59380   2474.138     19.000     5.3457   3.183597     4.5577   3.117752      95.73     0.0942     3.3448     3.0092  1.8471875  0.8113331   48.21686  -46.45948    32.7770    32.7945     5.3442     4.5563    25.8745    25.9749    7.10787    7.37220         24 0.0000e+00
      59401   2475.009     18.000     5.3967   3.188301     5.0989   3.163763      48.86     0.0980     3.3422     3.0023  1.8261575  0.8720472   48.21686  -46.45948    32.7862    32.7921     5.3953     5.0976    25.8758    25.9146    7.10536    7.27473         20 0.0000e+00
      59421   2475.821     17.000     5.4336   3.191234     5.3036   3.180751      62.41     0.1007     3.3408     2.9969  1.8237586  0.8814307   48.21686  -46.45948    32.7790    32.7865     5.4323     5.3023    25.8658    25.8868    7.09795    7.23954         19 0.0000e+00
      59441   2476.682     16.000     5.4440   3.191553     5.3945   3.188119      95.29     0.1007     3.3387     2.9932  1.8021759  0.9412137   48.21686  -46.45949    32.7728    32.7821     5.4428     5.3933    25.8597    25.8728    7.08957    7.22717         22 0.0000e+00
      59468   2477.805     15.000     5.4681   3.192470     5.4431   3.191761      88.81     0.1023     3.3375     2.9891  1.7799991  1.0057075   48.21686  -46.45950    32.7603    32.7765     5.4669     5.4420    25.8469    25.8627    7.09982    7.22483         33 0.0000e+00
      59507   2479.426     14.000     5.4748   3.192236     5.4537   3.191791      92.96     0.1054     3.3389     2.9874  1.7756314  1.0860685   48.21684  -46.45950    32.7516    32.7671     5.4737     5.4526    25.8393    25.8540    7.11211    7.23180         41 0.0000e+00
      59540   2480.804     13.000     5.4762   3.191847     5.4395   3.189890      93.24     0.1086     3.3399     2.9856  1.7744606  1.1118113   48.21684  -46.45950    32.7462    32.7598     5.4752     5.4385    25.8349    25.8499    7.10486    7.22429         26 0.0000e+00
      59564   2481.771     12.000     5.4817   3.191633     5.4596   3.190942      89.53     0.1034     3.3394     2.9844  1.7741066  1.1260784   48.21683  -46.45950    32.7389    32.7526     5.4808     5.4587    25.8284    25.8419    7.09509    7.21843         21 0.0000e+00
      59584   2482.616     11.000     5.4807   3.191143     5.4722   3.191623      95.53     0.1012     3.3388     2.9836  1.7703406  1.1377662   48.21682  -46.45951    32.7348    32.7485     5.4799     5.4714    25.8253    25.8372    7.09688    7.22283         20 0.0000e+00
      59604   2483.457     10.000     5.4846   3.191052     5.4801   3.191943      95.49     0.1020     3.3390     2.9840  1.7643558  1.1574793   48.21682  -46.45952    32.7306    32.7451     5.4838     5.4793    25.8215    25.8335    7.10994    7.23156         21 0.0000e+00
      59655   2485.588      9.000     5.4965   3.191595     5.4935   3.192670      92.06     0.1042     3.3423     2.9859  1.7610862  1.1824280   48.21682  -46.45951    32.7259    32.7407     5.4958     5.4928    25.8164    25.8284    7.11251    7.23379         93 0.0000e+00
      59727   2488.579      8.000     5.4834   3.190117     5.4842   3.191427      90.88     0.1072     3.3428     2.9881  1.7544528  1.2260014   48.21681  -46.45952    32.7221    32.7361     5.4828     5.4836    25.8149    25.8259    7.10711    7.24368         40 0.0000e+00
      59775   2490.591      7.000     5.4958   3.190825     5.4919   3.191797      85.55     0.0975     3.3438     2.9891  1.7576321  1.2315433   48.21680  -46.45952    32.7188    32.7333     5.4953     5.4914    25.8108    25.8228    7.11066    7.23734         55 0.0000e+00
      59824   2492.609      6.000     5.4964   3.190739     5.4945   3.191818      94.97     0.0957     3.3438     2.9897  1.7570430  1.2220060   48.21680  -46.45952    32.7174    32.7316     5.4960     5.4940    25.8097    25.8211    7.10879    7.23710         46 0.0000e+00
      59885   2495.155      5.000     5.4984   3.190918     5.4960   3.192019      77.96     0.1027     3.3453     2.9899  1.7546760  1.2254711   48.21679  -46.45952    32.7182    32.7329     5.4980     5.4956    25.8101    25.8219    7.11315    7.23817         74 0.0000e+00
      59952   2497.965      4.000     5.4946   3.190548     5.4911   3.191569      90.36     0.1050     3.3457     2.9918  1.7589335  1.2485597   48.21678  -46.45952    32.7181    32.7330     5.4942     5.4908    25.8104    25.8226    7.10981    7.25092         54 0.0000e+00
      60263   2510.921      3.000     5.5023   3.191123     5.5037   3.192596      40.27     0.0995     3.3516     2.9960  1.7467639  1.2824547   48.21675  -46.45953    32.7176    32.7329     5.5021     5.5035    25.8091    25.8210    7.12643    7.25118        542 0.0000e+00
      60937   2539.015      2.000     5.5046   3.191522     5.5031   3.192708     -12.13     0.0828     3.3363     2.9200  1.7396194  1.3137414   48.21667  -46.45955    32.7203    32.7353     5.5044     5.5029    25.8110    25.8230    7.06171    6.83347         59 0.0000e+00
      61040   2543.312      1.000     5.5051   3.177473     5.5054   3.180963       2.76     0.0777     3.3189     2.8405  1.7399638  1.3100219   48.21666  -46.45954    32.5610    32.6002     5.5050     5.5053    25.6848    25.7159    7.02041    6.54498         16 0.0000e+00
