data/CTD/2013/CNV/U021A031.CNV
* Sea-Bird SBE 9 Data File:
* FileName = C:\CTD_ACQUISITION\2013021HUD\ctddata\021A031.hdr
* Software Version Seasave V 7.22.2
* Temperature SN = 5081
* Conductivity SN = 3561
* Number of Bytes Per Scan = 37
* Number of Voltage Words = 4
* Number of Scans Averaged by the Deck Unit = 1
* NMEA Latitude = 48 06.04 N
* NMEA Longitude = 046 18.73 W
* NMEA UTC (Time) = Jul 03 2013 05:51:30
* NMEA baud rate = 9600
** Ship: Hudson
** Cruise: HUD2013021
** Chief_Scientist: Greenan
** Organization: BIO
** Area_of_Operation: Sackville Spur
** Station: 31
** Sounding:  1179
** Event_Comments: SS15  393147
# nquan = 25
# nvalues = 1164                        
# units = specified
# name 0 = scan: Scan Count
# name 1 = timeS: Time, Elapsed [seconds]
# name 2 = prDM: Pressure, Digiquartz [db]
# name 3 = t068C: Temperature [ITS-68, deg C]
# name 4 = c0S/m: Conductivity [S/m]
# name 5 = t168C: Temperature, 2 [ITS-68, deg C]
# name 6 = c1S/m: Conductivity, 2 [S/m]
# name 7 = altM: Altimeter [m]
# name 8 = flCUVA: Fluorescence, Chelsea UV Aquatracka [ug/l]
# name 9 = sbeox0V: Oxygen raw, SBE 43 [V]
# name 10 = sbeox1V: Oxygen raw, SBE 43, 2 [V]
# name 11 = upoly0: Upoly 0, Optode 4330F - O2 D-Phase
# name 12 = upoly1: Upoly 1, Optode 4330F - O2 Temp
# name 13 = latitude: Latitude [deg]
# name 14 = longitude: Longitude [deg]
# name 15 = sal00: Salinity, Practical [PSU]
# name 16 = sal11: Salinity, Practical, 2 [PSU]
# name 17 = potemp068C: Potential Temperature [ITS-68, deg C]
# name 18 = potemp168C: Potential Temperature, 2 [ITS-68, deg C]
# name 19 = sigma-é00: Density [sigma-theta, Kg/m^3]
# name 20 = sigma-é11: Density, 2 [sigma-theta, Kg/m^3]
# name 21 = sbeox0ML/L: Oxygen, SBE 43 [ml/l], WS = 2
# name 22 = sbeox1ML/L: Oxygen, SBE 43, 2 [ml/l], WS = 2
# name 23 = nbin: number of scans per bin
# name 24 = flag: flag
# span 0 =      39950,      72019       
# span 1 =   1664.551,   3000.749       
# span 2 =      1.000,   1164.000       
# span 3 =     0.6082,     6.2039       
# span 4 =   2.857736,   3.277677       
# span 5 =     0.6084,     6.2016       
# span 6 =   2.858770,   3.279025       
# span 7 =       2.72,     101.54       
# span 8 =     0.0037,     0.3072       
# span 9 =     2.5132,     3.4089       
# span 10 =     2.2582,     3.0473      
# span 11 =  1.7277797,  2.0316876      
# span 12 =  0.7252041,  1.4034094      
# span 13 =   48.10064,   48.10162      
# span 14 =  -46.31454,  -46.31354      
# span 15 =    32.8863,    34.9132      
# span 16 =    32.9021,    34.9298      
# span 17 =     0.6062,     6.2037      
# span 18 =     0.6064,     6.2015      
# span 19 =    25.8581,    27.7543      
# span 20 =    25.8704,    27.7675      
# span 21 =    5.90068,    8.06898      
# span 22 =    6.08203,    8.26277      
# span 23 =          8,        340      
# span 24 = 0.0000e+00, 0.0000e+00      
# interval = decibars: 1                
# start_time = Jul 03 2013 05:51:30 [NMEA time, header]
# bad_flag = -9.990e-29
*END*
[from data line 696]
      58715   2446.431    468.000     4.0765   3.273409     4.0769   3.274795      58.49     0.0111     2.7918     2.4915  1.9548779  1.1332641   48.10158  -46.31393    34.8808    34.8969     4.0424     4.0427    27.6871    27.6998    6.15140    6.28573         61 0.0000e+00
      58758   2448.196    467.000     4.0763   3.273316     4.0760   3.274644      94.94     0.0127     2.7928     2.4931  1.9549638  1.1333656   48.10158  -46.31392    34.8805    34.8965     4.0422     4.0419    27.6868    27.6996    6.14809    6.28048         27 0.0000e+00
      58781   2449.154    466.000     4.0746   3.273088     4.0722   3.274199      50.52     0.0089     2.7934     2.4925  1.9551016  1.1334226   48.10158  -46.31392    34.8801    34.8958     4.0407     4.0383    27.6867    27.6994    6.14282    6.26638         22 0.0000e+00
      58801   2449.995    465.000     4.0709   3.272619     4.0703   3.273903      96.12     0.0119     2.7929     2.4922  1.9550800  1.1334745   48.10160  -46.31390    34.8790    34.8948     4.0370     4.0364    27.6862    27.6988    6.14629    6.26783         19 0.0000e+00
      58820   2450.790    464.000     4.0728   3.272704     4.0709   3.273892      96.19     0.0139     2.7935     2.4920  1.9550158  1.1342442   48.10160  -46.31390    34.8785    34.8946     4.0390     4.0371    27.6856    27.6985    6.14758    6.27387         19 0.0000e+00
      58839   2451.591    463.000     4.0750   3.272891     4.0746   3.274209      88.21     0.0131     2.7933     2.4923  1.9548211  1.1342459   48.10160  -46.31390    34.8789    34.8950     4.0413     4.0408    27.6857    27.6985    6.14728    6.28009         19 0.0000e+00
      58858   2452.394    462.000     4.0778   3.273119     4.0790   3.274583      55.51     0.0106     2.7940     2.4931  1.9552493  1.1343100   48.10160  -46.31390    34.8792    34.8953     4.0442     4.0453    27.6855    27.6983    6.15010    6.27559         20 0.0000e+00
      58879   2453.258    461.000     4.0824   3.273515     4.0839   3.275030      95.58     0.0129     2.7944     2.4930  1.9558134  1.1342554   48.10160  -46.31390    34.8795    34.8959     4.0488     4.0503    27.6854    27.6982    6.14858    6.27103         22 0.0000e+00
      58918   2454.856    460.000     4.0834   3.273586     4.0878   3.275363      78.16     0.0124     2.7948     2.4932  1.9551914  1.1342869   48.10160  -46.31391    34.8799    34.8962     4.0499     4.0543    27.6855    27.6980    6.14297    6.26876         64 0.0000e+00
      58971   2457.067    459.000     4.0844   3.273576     4.0866   3.275192      81.33     0.0152     2.7940     2.4924  1.9549538  1.1354160   48.10159  -46.31391    34.8793    34.8960     4.0509     4.0531    27.6849    27.6980    6.13352    6.25757         26 0.0000e+00
      58989   2457.826    458.000     4.0899   3.274077     4.0927   3.275731      71.23     0.0193     2.7940     2.4920  1.9548982  1.1355340   48.10159  -46.31390    34.8799    34.8965     4.0565     4.0592    27.6848    27.6978    6.13278    6.25633         16 0.0000e+00
      59004   2458.468    457.000     4.1002   3.275048     4.0994   3.276369      56.72     0.0173     2.7935     2.4918  1.9549044  1.1355312   48.10158  -46.31390    34.8809    34.8974     4.0669     4.0660    27.6846    27.6978    6.12926    6.25210         15 0.0000e+00
      59019   2459.064    456.000     4.1044   3.275440     4.1039   3.276752      96.08     0.0190     2.7929     2.4911  1.9548228  1.1355312   48.10158  -46.31390    34.8817    34.8978     4.0711     4.0706    27.6847    27.6976    6.13588    6.25151         14 0.0000e+00
      59034   2459.721    455.000     4.1062   3.275567     4.1060   3.276917      95.92     0.0191     2.7940     2.4913  1.9548229  1.1355312   48.10159  -46.31390    34.8818    34.8980     4.0729     4.0728    27.6847    27.6975    6.14755    6.26275         18 0.0000e+00
      59063   2460.908    454.000     4.1071   3.275631     4.1071   3.276968      77.01     0.0135     2.7952     2.4927  1.9549167  1.1363525   48.10160  -46.31389    34.8821    34.8980     4.0740     4.0739    27.6848    27.6974    6.14454    6.27382         46 0.0000e+00
      59110   2462.882    453.000     4.1055   3.275414     4.1067   3.276868      99.42     0.0171     2.7962     2.4940  1.9548539  1.1369827   48.10162  -46.31385    34.8818    34.8977     4.0725     4.0736    27.6846    27.6972    6.14096    6.25904         30 0.0000e+00
      59129   2463.646    452.000     4.1044   3.275223     4.1021   3.276351      80.40     0.0144     2.7963     2.4935  1.9548221  1.1368954   48.10162  -46.31385    34.8812    34.8970     4.0714     4.0691    27.6843    27.6971    6.13905    6.26390         17 0.0000e+00
      59144   2464.271    451.000     4.0995   3.274646     4.0983   3.275878      17.32     0.0123     2.7964     2.4942  1.9548229  1.1368394   48.10162  -46.31386    34.8801    34.8960     4.0666     4.0654    27.6840    27.6967    6.14675    6.27279         14 0.0000e+00
      59157   2464.836    450.000     4.0971   3.274310     4.0966   3.275609      95.89     0.0117     2.7974     2.4945  1.9550116  1.1368461   48.10161  -46.31386    34.8792    34.8952     4.0643     4.0638    27.6835    27.6963    6.14459    6.27462         13 0.0000e+00
      59171   2465.429    449.000     4.0963   3.274155     4.0964   3.275542      96.17     0.0139     2.7968     2.4950  1.9549009  1.1368287   48.10160  -46.31386    34.8787    34.8950     4.0636     4.0637    27.6832    27.6961    6.13941    6.27185         16 0.0000e+00
      59193   2466.327    448.000     4.0945   3.273926     4.0939   3.275220      86.69     0.0132     2.7972     2.4952  1.9550350  1.1367944   48.10160  -46.31387    34.8785    34.8944     4.0619     4.0613    27.6832    27.6959    6.14094    6.26492         32 0.0000e+00
      59236   2468.119    447.000     4.0957   3.273994     4.0939   3.275170      76.21     0.0104     2.7984     2.4953  1.9551022  1.1367450   48.10161  -46.31384    34.8786    34.8944     4.0631     4.0613    27.6831    27.6959    6.14936    6.27093         36 0.0000e+00
      59257   2468.993    446.000     4.0948   3.273846     4.0939   3.275096      96.41     0.0171     2.7981     2.4959  1.9556437  1.1367521   48.10160  -46.31384    34.8783    34.8941     4.0623     4.0614    27.6830    27.6956    6.13750    6.26848         18 0.0000e+00
      59273   2469.658    445.000     4.0942   3.273725     4.0940   3.275069      85.82     0.0206     2.7983     2.4959  1.9551545  1.1367521   48.10160  -46.31385    34.8780    34.8941     4.0618     4.0616    27.6828    27.6956    6.13814    6.26791         15 0.0000e+00
      59287   2470.268    444.000     4.0956   3.273804     4.0955   3.275144      35.61     0.0178     2.7980     2.4962  1.9555187  1.1367521   48.10160  -46.31386    34.8780    34.8939     4.0633     4.0632    27.6826    27.6953    6.13726    6.27105         14 0.0000e+00
      59303   2470.924    443.000     4.0984   3.274016     4.0979   3.275336      94.54     0.0157     2.7983     2.4965  1.9550364  1.1367521   48.10160  -46.31385    34.8781    34.8942     4.0661     4.0656    27.6824    27.6953    6.14124    6.26704         18 0.0000e+00
      59339   2472.401    442.000     4.0992   3.274055     4.0989   3.275387      82.58     0.0155     2.7987     2.4966  1.9550894  1.1367693   48.10160  -46.31383    34.8782    34.8943     4.0670     4.0667    27.6824    27.6952    6.13838    6.26813         62 0.0000e+00
      59396   2474.809    441.000     4.1003   3.274096     4.0999   3.275415      74.42     0.0146     2.7988     2.4981  1.9552017  1.1367509   48.10160  -46.31383    34.8780    34.8941     4.0682     4.0677    27.6821    27.6950    6.14600    6.27714         36 0.0000e+00
      59424   2475.978    440.000     4.0989   3.273904     4.0994   3.275319      60.33     0.0123     2.8008     2.4994  1.9548110  1.1367521   48.10160  -46.31384    34.8778    34.8940     4.0669     4.0673    27.6821    27.6949    6.16378    6.29197         24 0.0000e+00
      59445   2476.829    439.000     4.1003   3.273980     4.1003   3.275349      86.53     0.0138     2.8019     2.5009  1.9548920  1.1368213   48.10159  -46.31384    34.8778    34.8940     4.0683     4.0683    27.6819    27.6948    6.16300    6.29187         18 0.0000e+00
      59461   2477.514    438.000     4.1003   3.273939     4.1001   3.275279      96.39     0.0157     2.8036     2.5017  1.9549046  1.1367507   48.10158  -46.31384    34.8778    34.8939     4.0684     4.0682    27.6819    27.6947    6.16379    6.28767         15 0.0000e+00
      59475   2478.098    437.000     4.0944   3.273249     4.0942   3.274623      96.18     0.0116     2.8038     2.5018  1.9549172  1.1368484   48.10158  -46.31384    34.8765    34.8929     4.0626     4.0624    27.6815    27.6946    6.16223    6.28625         13 0.0000e+00
      59488   2478.618    436.000     4.0830   3.271999     4.0837   3.273469      95.75     0.0116     2.8044     2.5024  1.9548204  1.1371676   48.10158  -46.31384    34.8742    34.8909     4.0513     4.0520    27.6809    27.6941    6.16339    6.28824         12 0.0000e+00
      59500   2479.108    435.000     4.0768   3.271303     4.0761   3.272635      34.76     0.0142     2.8057     2.5031  1.9548229  1.1378775   48.10158  -46.31384    34.8731    34.8896     4.0452     4.0445    27.6806    27.6938    6.16258    6.28692         12 0.0000e+00
      59511   2479.604    434.000     4.0718   3.270738     4.0699   3.271942      70.23     0.0149     2.8048     2.5027  1.9548229  1.1376681   48.10159  -46.31383    34.8723    34.8885     4.0403     4.0384    27.6805    27.6936    6.15889    6.28241         12 0.0000e+00
      59524   2480.140    433.000     4.0642   3.269901     4.0606   3.270927      95.89     0.0138     2.8055     2.5029  1.9548229  1.1377974   48.10160  -46.31380    34.8709    34.8869     4.0328     4.0292    27.6802    27.6933    6.16306    6.28191         14 0.0000e+00
      59541   2480.836    432.000     4.0586   3.269290     4.0528   3.270042      96.19     0.0159     2.8061     2.5027  1.9549329  1.1368632   48.10159  -46.31381    34.8701    34.8852     4.0273     4.0215    27.6801    27.6928    6.16868    6.28453         21 0.0000e+00
      59612   2483.778    431.000     4.0646   3.269839     4.0561   3.270334      58.98     0.0099     2.8083     2.5041  1.9551491  1.1354537   48.10158  -46.31379    34.8709    34.8856     4.0332     4.0249    27.6801    27.6927    6.16780    6.29310         96 0.0000e+00
      59658   2485.716    430.000     4.0645   3.269773     4.0611   3.270777      65.01     0.0141     2.8089     2.5055  1.9549634  1.1342819   48.10156  -46.31380    34.8707    34.8862     4.0333     4.0299    27.6800    27.6926    6.17198    6.29829         17 0.0000e+00
      59672   2486.303    429.000     4.0622   3.269496     4.0617   3.270852      92.06     0.0143     2.8101     2.5057  1.9549969  1.1342242   48.10156  -46.31380    34.8704    34.8869     4.0311     4.0307    27.6799    27.6931    6.17701    6.30037         14 0.0000e+00
      59685   2486.843    428.000     4.0569   3.268897     4.0532   3.269931      96.10     0.0167     2.8101     2.5065  1.9550258  1.1331129   48.10156  -46.31380    34.8694    34.8856     4.0259     4.0222    27.6797    27.6930    6.17503    6.30655         12 0.0000e+00
      59697   2487.353    427.000     4.0491   3.268047     4.0459   3.269110      96.18     0.0172     2.8105     2.5072  1.9555337  1.1330892   48.10156  -46.31380    34.8681    34.8841     4.0182     4.0151    27.6795    27.6925    6.16754    6.31033         12 0.0000e+00
      59710   2487.891    426.000     4.0460   3.267677     4.0447   3.268908      61.58     0.0174     2.8104     2.5080  1.9551750  1.1330892   48.10156  -46.31380    34.8675    34.8835     4.0153     4.0139    27.6793    27.6922    6.16763    6.30620         14 0.0000e+00
      59726   2488.533    425.000     4.0470   3.267723     4.0479   3.269162      63.87     0.0174     2.8102     2.5081  1.9550328  1.1336726   48.10156  -46.31380    34.8675    34.8836     4.0163     4.0172    27.6792    27.6920    6.16722    6.29840         18 0.0000e+00
      59757   2489.819    424.000     4.0482   3.267799     4.0491   3.269243      89.93     0.0167     2.8108     2.5081  1.9549105  1.1339352   48.10158  -46.31379    34.8677    34.8839     4.0176     4.0184    27.6792    27.6920    6.16891    6.29209         49 0.0000e+00
      59803   2491.740    423.000     4.0477   3.267698     4.0472   3.269035      64.99     0.0136     2.8113     2.5082  1.9548599  1.1330289   48.10157  -46.31378    34.8676    34.8840     4.0171     4.0166    27.6792    27.6923    6.17694    6.29967         31 0.0000e+00
      59826   2492.716    422.000     4.0491   3.267782     4.0525   3.269434      96.97     0.0143     2.8128     2.5087  1.9548845  1.1322114   48.10156  -46.31377    34.8676    34.8836     4.0186     4.0220    27.6790    27.6914    6.17622    6.29692         20 0.0000e+00
      59845   2493.514    421.000     4.0534   3.268106     4.0542   3.269535      56.23     0.0124     2.8124     2.5087  1.9548839  1.1318711   48.10156  -46.31376    34.8675    34.8835     4.0229     4.0238    27.6785    27.6912    6.16822    6.29176         20 0.0000e+00
      59867   2494.408    420.000     4.0522   3.267919     4.0518   3.269222      56.75     0.0145     2.8128     2.5086  1.9543642  1.1322378   48.10155  -46.31378    34.8670    34.8829     4.0219     4.0214    27.6782    27.6910    6.17326    6.28827         25 0.0000e+00
      59902   2495.859    419.000     4.0456   3.267112     4.0472   3.268668      97.53     0.0095     2.8135     2.5086  1.9535766  1.1328969   48.10155  -46.31378    34.8650    34.8818     4.0154     4.0169    27.6773    27.6905    6.17663    6.29752         40 0.0000e+00
      59931   2497.085    418.000     4.0390   3.266350     4.0412   3.267972      47.06     0.0121     2.8143     2.5095  1.9536020  1.1330930   48.10154  -46.31378    34.8635    34.8804     4.0088     4.0110    27.6768    27.6901    6.18034    6.30096         20 0.0000e+00
      59948   2497.783    417.000     4.0350   3.265862     4.0366   3.267415      87.15     0.0124     2.8147     2.5097  1.9536020  1.1330892   48.10154  -46.31378    34.8624    34.8792     4.0050     4.0065    27.6764    27.6895    6.17723    6.29714         14 0.0000e+00
      59961   2498.349    416.000     4.0329   3.265581     4.0332   3.266992      96.42     0.0156     2.8150     2.5098  1.9536020  1.1330892   48.10154  -46.31378    34.8619    34.8783     4.0029     4.0032    27.6762    27.6892    6.18130    6.29508         13 0.0000e+00
      59974   2498.867    415.000     4.0298   3.265205     4.0295   3.266554      96.00     0.0202     2.8145     2.5097  1.9542278  1.1330892   48.10154  -46.31377    34.8613    34.8776     3.9998     3.9996    27.6760    27.6890    6.17508    6.29574         12 0.0000e+00
      59987   2499.396    414.000     4.0263   3.264793     4.0251   3.266047      95.97     0.0187     2.8157     2.5096  1.9542124  1.1330892   48.10154  -46.31376    34.8607    34.8768     3.9964     3.9953    27.6758    27.6888    6.18022    6.29630         14 0.0000e+00
      60001   2500.006    413.000     4.0230   3.264385     4.0224   3.265699      49.15     0.0153     2.8150     2.5101  1.9538399  1.1330892   48.10151  -46.31379    34.8598    34.8760     3.9933     3.9926    27.6755    27.6885    6.17754    6.29806         16 0.0000e+00
      60025   2500.988    412.000     4.0219   3.264235     4.0208   3.265488      45.07     0.0140     2.8158     2.5102  1.9546562  1.1319684   48.10150  -46.31379    34.8597    34.8757     3.9922     3.9912    27.6756    27.6884    6.17878    6.30309         36 0.0000e+00
