data/CTD/2013/CNV/U021A049.CNV
* Sea-Bird SBE 9 Data File:
* FileName = C:\CTD_ACQUISITION\2013021HUD\ctddata\021A049.hdr
* Software Version Seasave V 7.22.2
* Temperature SN = 5081
* Conductivity SN = 3561
* Number of Bytes Per Scan = 37
* Number of Voltage Words = 4
* Number of Scans Averaged by the Deck Unit = 1
* NMEA Latitude = 48 56.14 N
* NMEA Longitude = 045 49.78 W
* NMEA UTC (Time) = Jul 04 2013 22:48:08
* NMEA baud rate = 9600
** Ship: Hudson
** Cruise: HUD2013021
** Chief_Scientist: Greenan
** Organization: BIO
** Area_of_Operation: Sackville Spur
** Station: 49
** Sounding:  2572
** Event_Comments: SS28  393207
# nquan = 25
# nvalues = 2481                        
# units = specified
# name 0 = scan: Scan Count
# name 1 = timeS: Time, Elapsed [seconds]
# name 2 = prDM: Pressure, Digiquartz [db]
# name 3 = t068C: Temperature [ITS-68, deg C]
# name 4 = c0S/m: Conductivity [S/m]
# name 5 = t168C: Temperature, 2 [ITS-68, deg C]
# name 6 = c1S/m: Conductivity, 2 [S/m]
# name 7 = altM: Altimeter [m]
# name 8 = flCUVA: Fluorescence, Chelsea UV Aquatracka [ug/l]
# name 9 = sbeox0V: Oxygen raw, SBE 43 [V]
# name 10 = sbeox1V: Oxygen raw, SBE 43, 2 [V]
# name 11 = upoly0: Upoly 0, Optode 4330F - O2 D-Phase
# name 12 = upoly1: Upoly 1, Optode 4330F - O2 Temp
# name 13 = latitude: Latitude [deg]
# name 14 = longitude: Longitude [deg]
# name 15 = sal00: Salinity, Practical [PSU]
# name 16 = sal11: Salinity, Practical, 2 [PSU]
# name 17 = potemp068C: Potential Temperature [ITS-68, deg C]
# name 18 = potemp168C: Potential Temperature, 2 [ITS-68, deg C]
# name 19 = sigma-é00: Density [sigma-theta, Kg/m^3]
# name 20 = sigma-é11: Density, 2 [sigma-theta, Kg/m^3]
# name 21 = sbeox0ML/L: Oxygen, SBE 43 [ml/l], WS = 2
# name 22 = sbeox1ML/L: Oxygen, SBE 43, 2 [ml/l], WS = 2
# name 23 = nbin: number of scans per bin
# name 24 = flag: flag
# span 0 =      63474,     113830       
# span 1 =   2644.702,   4742.878       
# span 2 =      1.000,   2481.000       
# span 3 =     2.4942,     8.3417       
# span 4 =   3.148102,   3.556522       
# span 5 =     2.4932,     8.3396       
# span 6 =   3.147800,   3.557931       
# span 7 =       3.31,      98.79       
# span 8 =     0.0035,     0.5283       
# span 9 =     2.1879,     3.3549       
# span 10 =     1.9682,     2.9927      
# span 11 =  1.6930251,  2.1098902      
# span 12 =  0.9352869,  1.6661508      
# span 13 =   48.93732,   48.93870      
# span 14 =  -45.83012,  -45.82920      
# span 15 =    33.8908,    34.9220      
# span 16 =    33.8955,    34.9384      
# span 17 =     2.3064,     8.3416      
# span 18 =     2.3053,     8.3395      
# span 19 =    26.4173,    27.8760      
# span 20 =    26.4295,    27.8894      
# span 21 =    5.90638,    7.22611      
# span 22 =    6.05751,    7.40108      
# span 23 =         11,        569      
# span 24 = 0.0000e+00, 0.0000e+00      
# interval = decibars: 1                
# start_time = Jul 04 2013 22:48:08 [NMEA time, header]
# bad_flag = -9.990e-29
*END*
[from data line 1856]
     100158   4173.222    625.000     3.8511   3.260666     3.8517   3.262056      95.54     0.0112     2.7712     2.4717  1.9590611  1.1075013   48.93868  -45.82958    34.8857    34.9016     3.8059     3.8065    27.7155    27.7280    6.25609    6.37586         23 0.0000e+00
     100179   4174.100    624.000     3.8512   3.260622     3.8514   3.261979      92.98     0.0122     2.7717     2.4720  1.9584752  1.1074471   48.93868  -45.82958    34.8856    34.9015     3.8061     3.8063    27.7154    27.7280    6.25713    6.38404         19 0.0000e+00
     100197   4174.834    623.000     3.8514   3.260588     3.8512   3.261900      61.18     0.0101     2.7724     2.4726  1.9584860  1.1075268   48.93868  -45.82958    34.8854    34.9013     3.8064     3.8062    27.7152    27.7278    6.25875    6.38778         16 0.0000e+00
     100213   4175.482    622.000     3.8514   3.260531     3.8511   3.261836      94.83     0.0097     2.7727     2.4733  1.9593292  1.1074477   48.93868  -45.82958    34.8853    34.9011     3.8065     3.8062    27.7151    27.7277    6.25187    6.38578         16 0.0000e+00
     100228   4176.112    621.000     3.8514   3.260482     3.8514   3.261811      94.14     0.0092     2.7727     2.4733  1.9596196  1.1075279   48.93868  -45.82958    34.8853    34.9011     3.8065     3.8065    27.7151    27.7277    6.24972    6.38525         15 0.0000e+00
     100244   4176.792    620.000     3.8515   3.260437     3.8516   3.261794      94.32     0.0130     2.7730     2.4741  1.9596387  1.1074506   48.93868  -45.82958    34.8852    34.9012     3.8067     3.8067    27.7150    27.7277    6.25495    6.38584         18 0.0000e+00
     100265   4177.655    619.000     3.8518   3.260414     3.8520   3.261790      72.20     0.0153     2.7737     2.4743  1.9585782  1.1074971   48.93868  -45.82958    34.8851    34.9012     3.8070     3.8073    27.7149    27.7277    6.25567    6.37965         24 0.0000e+00
     100294   4178.880    618.000     3.8517   3.260362     3.8526   3.261793      76.13     0.0115     2.7744     2.4743  1.9578217  1.1074470   48.93868  -45.82958    34.8851    34.9011     3.8070     3.8080    27.7149    27.7275    6.25438    6.37694         32 0.0000e+00
     100323   4180.068    617.000     3.8519   3.260335     3.8528   3.261757      91.44     0.0117     2.7745     2.4743  1.9552047  1.1074980   48.93868  -45.82956    34.8851    34.9011     3.8073     3.8082    27.7148    27.7275    6.24554    6.37583         25 0.0000e+00
     100344   4180.966    616.000     3.8540   3.260459     3.8550   3.261924      71.05     0.0155     2.7738     2.4742  1.9557911  1.1074477   48.93868  -45.82956    34.8849    34.9012     3.8095     3.8105    27.7144    27.7274    6.24993    6.37787         19 0.0000e+00
     100363   4181.743    615.000     3.8552   3.260538     3.8562   3.261995      96.23     0.0123     2.7746     2.4747  1.9549434  1.1074481   48.93867  -45.82956    34.8851    34.9013     3.8107     3.8117    27.7145    27.7273    6.25970    6.38582         18 0.0000e+00
     100381   4182.498    614.000     3.8563   3.260611     3.8571   3.262020      95.80     0.0108     2.7755     2.4754  1.9550797  1.1074481   48.93866  -45.82956    34.8853    34.9012     3.8119     3.8127    27.7145    27.7271    6.25873    6.38653         19 0.0000e+00
     100400   4183.300    613.000     3.8570   3.260623     3.8575   3.262005      95.21     0.0124     2.7760     2.4759  1.9556682  1.1075683   48.93866  -45.82956    34.8852    34.9011     3.8127     3.8132    27.7143    27.7270    6.25475    6.38509         20 0.0000e+00
     100422   4184.193    612.000     3.8575   3.260612     3.8576   3.261959      86.68     0.0145     2.7762     2.4765  1.9560465  1.1075032   48.93866  -45.82956    34.8851    34.9010     3.8132     3.8133    27.7143    27.7269    6.24780    6.38977         22 0.0000e+00
     100443   4185.074    611.000     3.8576   3.260571     3.8575   3.261887      57.11     0.0152     2.7758     2.4772  1.9570953  1.1075093   48.93866  -45.82956    34.8850    34.9007     3.8135     3.8152    27.7141    27.7267    6.24929    6.38953         20 0.0000e+00
     100462   4185.868    610.000     3.8577   3.260514     3.8576   3.261856      66.41     0.0140     2.7764     2.4778  1.9584740  1.1075124   48.93866  -45.82956    34.8848    34.9008     3.8136     3.8136    27.7140    27.7267    6.25874    6.38792         19 0.0000e+00
     100480   4186.640    609.000     3.8580   3.260499     3.8586   3.261879      95.55     0.0124     2.7770     2.4780  1.9584860  1.1077180   48.93866  -45.82955    34.8848    34.9005     3.8140     3.8146    27.7139    27.7264    6.25842    6.38702         18 0.0000e+00
     100501   4187.484    608.000     3.8583   3.260477     3.8593   3.261895      95.78     0.0137     2.7776     2.4785  1.9566991  1.1075581   48.93866  -45.82954    34.8847    34.9006     3.8144     3.8153    27.7138    27.7263    6.25135    6.38386         22 0.0000e+00
     100527   4188.563    607.000     3.8587   3.260459     3.8597   3.261886      76.63     0.0143     2.7774     2.4783  1.9567134  1.1076821   48.93865  -45.82954    34.8846    34.9005     3.8149     3.8158    27.7137    27.7263    6.24790    6.37660         31 0.0000e+00
     100559   4189.923    606.000     3.8589   3.260430     3.8596   3.261832      96.85     0.0144     2.7775     2.4784  1.9556640  1.1081220   48.93864  -45.82954    34.8846    34.9005     3.8151     3.8158    27.7137    27.7262    6.25042    6.38358         30 0.0000e+00
     100583   4190.931    605.000     3.8597   3.260431     3.8602   3.261806      95.80     0.0158     2.7777     2.4788  1.9561179  1.1082466   48.93864  -45.82954    34.8842    34.9001     3.8161     3.8165    27.7133    27.7258    6.25083    6.38450         20 0.0000e+00
     100601   4191.656    604.000     3.8602   3.260426     3.8604   3.261781      63.31     0.0143     2.7780     2.4789  1.9564297  1.1086748   48.93864  -45.82954    34.8842    34.9001     3.8166     3.8168    27.7132    27.7258    6.25123    6.38190         16 0.0000e+00
     100616   4192.289    603.000     3.8607   3.260412     3.8608   3.261766      86.23     0.0129     2.7780     2.4791  1.9562886  1.1086692   48.93864  -45.82954    34.8841    34.9000     3.8171     3.8173    27.7130    27.7257    6.24944    6.38186         15 0.0000e+00
     100631   4192.899    602.000     3.8609   3.260389     3.8610   3.261742      21.60     0.0151     2.7782     2.4792  1.9562881  1.1086692   48.93864  -45.82952    34.8840    34.9000     3.8175     3.8176    27.7130    27.7257    6.24922    6.38109         15 0.0000e+00
     100646   4193.553    601.000     3.8611   3.260364     3.8612   3.261714      86.44     0.0163     2.7784     2.4793  1.9557804  1.1086692   48.93864  -45.82952    34.8841    34.9001     3.8177     3.8177    27.7130    27.7257    6.25617    6.38002         17 0.0000e+00
     100666   4194.371    600.000     3.8613   3.260334     3.8612   3.261669      77.36     0.0157     2.7796     2.4795  1.9555265  1.1086692   48.93862  -45.82952    34.8841    34.9000     3.8180     3.8179    27.7130    27.7256    6.26473    6.38195         23 0.0000e+00
     100695   4195.572    599.000     3.8613   3.260280     3.8614   3.261631      84.07     0.0200     2.7806     2.4803  1.9551249  1.1086692   48.93862  -45.82952    34.8840    34.8999     3.8180     3.8181    27.7129    27.7255    6.26073    6.39153         32 0.0000e+00
     100722   4196.721    598.000     3.8612   3.260216     3.8615   3.261585      95.18     0.0218     2.7815     2.4814  1.9550996  1.1086692   48.93862  -45.82951    34.8839    34.8998     3.8180     3.8183    27.7128    27.7254    6.25355    6.39330         22 0.0000e+00
     100742   4197.554    597.000     3.8619   3.260218     3.8621   3.261583      69.91     0.0207     2.7809     2.4820  1.9550145  1.1086692   48.93862  -45.82950    34.8836    34.8997     3.8188     3.8190    27.7125    27.7253    6.24971    6.38768         19 0.0000e+00
     100760   4198.293    596.000     3.8621   3.260199     3.8623   3.261565      87.30     0.0188     2.7815     2.4819  1.9561183  1.1086692   48.93862  -45.82950    34.8838    34.8997     3.8191     3.8193    27.7126    27.7253    6.25453    6.38458         17 0.0000e+00
     100778   4199.029    595.000     3.8625   3.260188     3.8627   3.261543      94.77     0.0172     2.7815     2.4824  1.9554944  1.1086692   48.93862  -45.82950    34.8837    34.8996     3.8195     3.8197    27.7125    27.7251    6.25216    6.38805         18 0.0000e+00
     100797   4199.826    594.000     3.8626   3.260158     3.8629   3.261519      94.73     0.0153     2.7817     2.4827  1.9555781  1.1086692   48.93862  -45.82950    34.8837    34.8996     3.8198     3.8200    27.7125    27.7251    6.25742    6.38538         21 0.0000e+00
     100818   4200.721    593.000     3.8629   3.260130     3.8630   3.261486      67.87     0.0073     2.7825     2.4826  1.9553609  1.1086692   48.93861  -45.82950    34.8837    34.8997     3.8201     3.8202    27.7124    27.7251    6.25915    6.37949         23 0.0000e+00
     100842   4201.720    592.000     3.8629   3.260093     3.8631   3.261431      94.11     0.0083     2.7827     2.4824  1.9560372  1.1086692   48.93860  -45.82950    34.8837    34.8994     3.8202     3.8204    27.7124    27.7249    6.25308    6.38137         24 0.0000e+00
     100867   4202.768    591.000     3.8628   3.260042     3.8631   3.261382      95.40     0.0138     2.7829     2.4828  1.9561375  1.1086692   48.93860  -45.82950    34.8837    34.8994     3.8202     3.8204    27.7124    27.7249    6.25690    6.38679         26 0.0000e+00
     100892   4203.796    590.000     3.8629   3.259994     3.8630   3.261324      59.14     0.0154     2.7839     2.4835  1.9548177  1.1086692   48.93860  -45.82949    34.8836    34.8993     3.8203     3.8204    27.7123    27.7248    6.26231    6.39145         23 0.0000e+00
     100914   4204.727    589.000     3.8630   3.259942     3.8628   3.261262      96.50     0.0102     2.7841     2.4840  1.9548229  1.1086692   48.93860  -45.82948    34.8834    34.8993     3.8205     3.8203    27.7121    27.7248    6.26763    6.39058         21 0.0000e+00
     100934   4205.551    588.000     3.8631   3.259897     3.8629   3.261211      95.57     0.0098     2.7861     2.4847  1.9548879  1.1086692   48.93859  -45.82948    34.8833    34.8991     3.8207     3.8205    27.7120    27.7246    6.27218    6.39844         19 0.0000e+00
     100952   4206.311    587.000     3.8633   3.259863     3.8636   3.261224      81.73     0.0120     2.7860     2.4856  1.9550261  1.1086692   48.93858  -45.82948    34.8832    34.8991     3.8210     3.8212    27.7119    27.7246    6.25691    6.39943         18 0.0000e+00
     100970   4207.059    586.000     3.8636   3.259845     3.8639   3.261226      73.76     0.0137     2.7862     2.4863  1.9550264  1.1086692   48.93858  -45.82948    34.8832    34.8993     3.8214     3.8217    27.7119    27.7247    6.25919    6.39765         18 0.0000e+00
     100989   4207.829    585.000     3.8639   3.259830     3.8641   3.261187      95.66     0.0145     2.7864     2.4868  1.9548240  1.1086692   48.93858  -45.82947    34.8832    34.8992     3.8217     3.8219    27.7119    27.7246    6.25989    6.39626         19 0.0000e+00
     101009   4208.648    584.000     3.8640   3.259789     3.8641   3.261143      95.79     0.0147     2.7865     2.4871  1.9548229  1.1086692   48.93858  -45.82946    34.8832    34.8991     3.8219     3.8220    27.7119    27.7245    6.26312    6.39124         20 0.0000e+00
     101030   4209.542    583.000     3.8641   3.259754     3.8641   3.261096      70.11     0.0148     2.7874     2.4872  1.9548229  1.1086692   48.93858  -45.82946    34.8832    34.8991     3.8220     3.8220    27.7119    27.7245    6.26543    6.38571         23 0.0000e+00
     101052   4210.462    582.000     3.8642   3.259711     3.8642   3.261052      92.62     0.0163     2.7877     2.4870  1.9548229  1.1086692   48.93858  -45.82946    34.8831    34.8990     3.8222     3.8223    27.7118    27.7244    6.25693    6.38882         21 0.0000e+00
     101072   4211.298    581.000     3.8643   3.259669     3.8644   3.261027      39.17     0.0130     2.7875     2.4875  1.9548876  1.1086692   48.93856  -45.82946    34.8831    34.8990     3.8224     3.8226    27.7117    27.7244    6.25686    6.39054         19 0.0000e+00
     101090   4212.058    580.000     3.8645   3.259635     3.8645   3.260992      71.76     0.0125     2.7878     2.4874  1.9548233  1.1086692   48.93856  -45.82946    34.8830    34.8990     3.8227     3.8227    27.7116    27.7244    6.26076    6.38749         18 0.0000e+00
     101108   4212.795    579.000     3.8645   3.259603     3.8647   3.260963      59.56     0.0155     2.7880     2.4876  1.9548229  1.1086692   48.93856  -45.82946    34.8830    34.8990     3.8228     3.8230    27.7116    27.7243    6.26286    6.38687         18 0.0000e+00
     101127   4213.604    578.000     3.8646   3.259576     3.8649   3.260931      94.85     0.0167     2.7885     2.4876  1.9548795  1.1086692   48.93856  -45.82945    34.8831    34.8990     3.8230     3.8232    27.7117    27.7243    6.25775    6.38727         21 0.0000e+00
     101152   4214.616    577.000     3.8646   3.259533     3.8649   3.260892      86.85     0.0175     2.7886     2.4879  1.9548669  1.1086692   48.93856  -45.82944    34.8832    34.8990     3.8230     3.8233    27.7117    27.7243    6.25797    6.38586         28 0.0000e+00
     101183   4215.898    576.000     3.8648   3.259492     3.8648   3.260836      72.74     0.0188     2.7894     2.4879  1.9536400  1.1088380   48.93855  -45.82944    34.8831    34.8990     3.8233     3.8233    27.7116    27.7243    6.27423    6.38944         30 0.0000e+00
     101208   4216.953    575.000     3.8650   3.259457     3.8649   3.260794      94.80     0.0140     2.7905     2.4886  1.9537697  1.1090046   48.93854  -45.82944    34.8830    34.8989     3.8235     3.8235    27.7115    27.7242    6.27640    6.39623         22 0.0000e+00
     101227   4217.739    574.000     3.8650   3.259420     3.8649   3.260752      94.25     0.0146     2.7930     2.4894  1.9548091  1.1087444   48.93854  -45.82943    34.8831    34.8989     3.8236     3.8236    27.7115    27.7242    6.28455    6.39883         17 0.0000e+00
     101243   4218.405    573.000     3.8649   3.259369     3.8648   3.260690      74.03     0.0165     2.7926     2.4899  1.9548229  1.1088303   48.93854  -45.82942    34.8830    34.8989     3.8237     3.8235    27.7115    27.7242    6.26675    6.39767         15 0.0000e+00
     101257   4219.014    572.000     3.8650   3.259320     3.8648   3.260635      67.89     0.0191     2.7925     2.4903  1.9548229  1.1086711   48.93854  -45.82942    34.8829    34.8988     3.8238     3.8236    27.7114    27.7241    6.26952    6.40324         14 0.0000e+00
     101272   4219.624    571.000     3.8649   3.259262     3.8648   3.260594      94.21     0.0185     2.7933     2.4911  1.9536854  1.1088316   48.93854  -45.82942    34.8829    34.8988     3.8237     3.8237    27.7114    27.7241    6.26661    6.40708         15 0.0000e+00
     101288   4220.295    570.000     3.8648   3.259218     3.8649   3.260550      95.26     0.0185     2.7930     2.4920  1.9537362  1.1090699   48.93854  -45.82942    34.8829    34.8987     3.8238     3.8238    27.7114    27.7240    6.25777    6.40304         18 0.0000e+00
     101309   4221.181    569.000     3.8649   3.259181     3.8650   3.260431      82.86     0.0136     2.7924     2.4924  1.9539205  1.1086906   48.93852  -45.82942    34.8829    34.8977     3.8239     3.8252    27.7114    27.7232    6.25972    6.40374         26 0.0000e+00
