data/CTD/2013/CNV/U021A021.CNV
* Sea-Bird SBE 9 Data File:
* FileName = C:\CTD_ACQUISITION\2013021HUD\ctddata\021A021.hdr
* Software Version Seasave V 7.22.2
* Temperature SN = 5081
* Conductivity SN = 3561
* Number of Bytes Per Scan = 37
* Number of Voltage Words = 4
* Number of Scans Averaged by the Deck Unit = 1
* NMEA Latitude = 46 59.98 N
* NMEA Longitude = 046 29.00 W
* NMEA UTC (Time) = Jul 02 2013 07:03:49
* NMEA baud rate = 9600
** Ship: Hudson
** Cruise: HUD2013021
** Chief_Scientist: Greenan
** Organization: BIO
** Area_of_Operation: Sackville Spur
** Station: 21
** Sounding:  416
** Event_Comments: FC20  393129
# nquan = 25
# nvalues = 344                         
# units = specified
# name 0 = scan: Scan Count
# name 1 = timeS: Time, Elapsed [seconds]
# name 2 = prDM: Pressure, Digiquartz [db]
# name 3 = t068C: Temperature [ITS-68, deg C]
# name 4 = c0S/m: Conductivity [S/m]
# name 5 = t168C: Temperature, 2 [ITS-68, deg C]
# name 6 = c1S/m: Conductivity, 2 [S/m]
# name 7 = altM: Altimeter [m]
# name 8 = flCUVA: Fluorescence, Chelsea UV Aquatracka [ug/l]
# name 9 = sbeox0V: Oxygen raw, SBE 43 [V]
# name 10 = sbeox1V: Oxygen raw, SBE 43, 2 [V]
# name 11 = upoly0: Upoly 0, Optode 4330F - O2 D-Phase
# name 12 = upoly1: Upoly 1, Optode 4330F - O2 Temp
# name 13 = latitude: Latitude [deg]
# name 14 = longitude: Longitude [deg]
# name 15 = sal00: Salinity, Practical [PSU]
# name 16 = sal11: Salinity, Practical, 2 [PSU]
# name 17 = potemp068C: Potential Temperature [ITS-68, deg C]
# name 18 = potemp168C: Potential Temperature, 2 [ITS-68, deg C]
# name 19 = sigma-é00: Density [sigma-theta, Kg/m^3]
# name 20 = sigma-é11: Density, 2 [sigma-theta, Kg/m^3]
# name 21 = sbeox0ML/L: Oxygen, SBE 43 [ml/l], WS = 2
# name 22 = sbeox1ML/L: Oxygen, SBE 43, 2 [ml/l], WS = 2
# name 23 = nbin: number of scans per bin
# name 24 = flag: flag
# span 0 =      19679,      29572       
# span 1 =    819.904,   1232.122       
# span 2 =      1.000,    344.000       
# span 3 =     2.8546,     7.7345       
# span 4 =   3.100836,   3.471146       
# span 5 =     2.8434,     7.7380       
# span 6 =   3.101031,   3.471076       
# span 7 =       6.06,      98.38       
# span 8 =     0.0096,     0.3763       
# span 9 =     2.6318,     3.4087       
# span 10 =     2.3510,     3.0488      
# span 11 =  1.7202359,  2.0511892      
# span 12 =  0.9939462,  1.4700727      
# span 13 =   46.99968,   47.00040      
# span 14 =  -46.48386,  -46.48324      
# span 15 =    32.7753,    34.9479      
# span 16 =    32.7900,    34.9633      
# span 17 =     2.8491,     7.7319      
# span 18 =     2.8379,     7.7354      
# span 19 =    25.7103,    27.6700      
# span 20 =    25.7218,    27.6824      
# span 21 =    5.38402,    7.46752      
# span 22 =    5.52593,    7.56032      
# span 23 =         14,        367      
# span 24 = 0.0000e+00, 0.0000e+00      
# interval = decibars: 1                
# start_time = Jul 02 2013 07:03:49 [NMEA time, header]
# bad_flag = -9.990e-29
*END*
[from data line 290]
      27202   1133.370     54.000     3.4755   3.136628     3.4708   3.137294      95.90     0.0569     3.0634     2.7367  1.9302062  1.0406829   47.00016  -46.48359    34.1047    34.1177     3.4721     3.4674    27.1265    27.1372    6.83410    6.93314         25 0.0000e+00
      27227   1134.431     53.000     3.4617   3.134526     3.4609   3.135648      96.28     0.0621     3.0772     2.7492  1.9246619  1.0475664   47.00016  -46.48360    34.0945    34.1088     3.4583     3.4576    27.1197    27.1311    6.90157    7.03838         25 0.0000e+00
      27252   1135.454     52.000     3.4475   3.132697     3.4382   3.132774      96.26     0.0704     3.0952     2.7679  1.9246011  1.0476214   47.00016  -46.48360    34.0879    34.0987     3.4442     3.4349    27.1158    27.1252    7.00600    7.16804         24 0.0000e+00
      27276   1136.479     51.000     3.4209   3.129286     3.4140   3.129521      96.23     0.0795     3.1177     2.7914  1.9200265  1.0494497   47.00016  -46.48360    34.0752    34.0854     3.4177     3.4108    27.1082    27.1169    7.11366    7.27009         26 0.0000e+00
      27304   1137.634     50.000     3.4018   3.126459     3.3985   3.127305      96.24     0.0845     3.1455     2.8175  1.9196635  1.0492595   47.00018  -46.48360    34.0618    34.0755     3.3987     3.3954    27.0993    27.1105    7.20908    7.33523         29 0.0000e+00
      27332   1138.804     49.000     3.3905   3.124714     3.3887   3.125772      95.82     0.0828     3.1743     2.8415  1.9181504  1.0490212   47.00018  -46.48360    34.0531    34.0678     3.3875     3.3857    27.0934    27.1053    7.27581    7.39034         26 0.0000e+00
      27356   1139.774     48.000     3.3848   3.123291     3.3859   3.124568      95.64     0.0948     3.1955     2.8607  1.9174778  1.0490737   47.00018  -46.48361    34.0426    34.0569     3.3818     3.3828    27.0856    27.0968    7.31760    7.45080         21 0.0000e+00
      27376   1140.614     47.000     3.4245   3.125461     3.4523   3.128455      95.89     0.1148     3.2142     2.8779  1.9157304  1.0488373   47.00018  -46.48362    34.0276    34.0345     3.4215     3.4493    27.0699    27.0727    7.37365    7.50558         20 0.0000e+00
      27395   1141.420     46.000     3.5197   3.132624     3.5839   3.138524      96.11     0.1332     3.2330     2.8957  1.9157509  1.0485818   47.00018  -46.48362    34.0146    34.0183     3.5167     3.5809    27.0504    27.0471    7.40987    7.54799         19 0.0000e+00
      27415   1142.253     45.000     3.6626   3.144170     3.7076   3.149188      20.35     0.1492     3.2524     2.9149  1.9092181  1.0477327   47.00018  -46.48362    34.0042    34.0173     3.6597     3.7047    27.0282    27.0342    7.41827    7.54985         21 0.0000e+00
      27437   1143.175     44.000     3.7920   3.154819     3.8398   3.159881      94.66     0.1610     3.2709     2.9302  1.9084357  1.0476207   47.00018  -46.48362    33.9971    34.0077     3.7891     3.8369    27.0098    27.0134    7.38490    7.48678         24 0.0000e+00
      27462   1144.201     43.000     3.9241   3.165044     3.9639   3.170385      95.82     0.1817     3.2841     2.9397  1.8992851  1.0530573   47.00018  -46.48362    33.9820    34.0041     3.9212     3.9611    26.9845    26.9980    7.31404    7.41209         26 0.0000e+00
      27489   1145.341     42.000     4.0656   3.176787     4.0927   3.180946      83.94     0.1981     3.2905     2.9439  1.8962919  1.0549673   47.00018  -46.48364    33.9751    33.9963     4.0627     4.0898    26.9645    26.9786    7.23983    7.35945         28 0.0000e+00
      27517   1146.510     41.000     4.2125   3.190289     4.2722   3.195655      95.74     0.2181     3.2923     2.9465  1.8851343  1.0684415   47.00020  -46.48364    33.9832    33.9848     4.2096     4.2693    26.9557    26.9507    7.21314    7.33114         27 0.0000e+00
      27544   1147.610     40.000     4.4666   3.211425     4.5380   3.216653      95.45     0.2492     3.2997     2.9514  1.8817807  1.0711135   47.00020  -46.48364    33.9702    33.9580     4.4637     4.5351    26.9184    26.9009    7.24748    7.35567         26 0.0000e+00
      27569   1148.668     39.000     4.7632   3.234621     4.8906   3.244300      95.55     0.2799     3.3116     2.9629  1.8691877  1.0818229   47.00020  -46.48364    33.9371    33.9193     4.7604     4.8877    26.8596    26.8313    7.25361    7.36699         25 0.0000e+00
      27595   1149.739     38.000     5.0467   3.256000     5.1509   3.263668      95.79     0.3039     3.3261     2.9772  1.8635260  1.0907625   47.00020  -46.48364    33.8962    33.8786     5.0438     5.1480    26.7953    26.7694    7.26856    7.42995         26 0.0000e+00
      27619   1150.752     37.000     5.2150   3.265762     5.2524   3.268453      95.75     0.3086     3.3454     3.0023  1.8516518  1.1111507   47.00020  -46.48365    33.8382    33.8314     5.2122     5.2495    26.7299    26.7201    7.37453    7.55922         23 0.0000e+00
      27642   1151.722     36.000     5.2444   3.265520     5.2571   3.266139      95.72     0.3062     3.3735     3.0256  1.8458903  1.1230823   47.00020  -46.48366    33.8063    33.8005     5.2416     5.2543    26.7012    26.6952    7.46752    7.56032         24 0.0000e+00
      27668   1152.811     35.000     5.1729   3.254322     5.2080   3.258499      95.76     0.2935     3.3975     3.0391  1.8329906  1.1520241   47.00020  -46.48366    33.7504    33.7633     5.1702     5.2053    26.6652    26.6714    7.43814    7.47648         29 0.0000e+00
      27701   1154.169     34.000     5.2214   3.255168     5.1812   3.252078      95.21     0.3013     3.4087     3.0434  1.8282505  1.1734494   47.00020  -46.48366    33.7117    33.7167     5.2187     5.1786    26.6290    26.6376    7.32882    7.47048         35 0.0000e+00
      27734   1155.531     33.000     5.3650   3.266838     5.4307   3.270611      95.21     0.3150     3.4062     3.0488  1.8247839  1.1857147   47.00022  -46.48366    33.7012    33.6783     5.3625     5.4281    26.6039    26.5780    7.20230    7.37405         28 0.0000e+00
      27758   1156.554     32.000     5.5393   3.279913     5.6803   3.292238      95.07     0.3412     3.3938     3.0398  1.8179893  1.1930095   47.00022  -46.48367    33.6759    33.6748     5.5368     5.6777    26.5631    26.5452    7.08734    7.21504         23 0.0000e+00
      27780   1157.458     31.000     5.9868   3.321778     6.2799   3.349459      95.60     0.3763     3.3828     3.0292  1.8180708  1.1928601   47.00022  -46.48368    33.7031    33.7223     5.9843     6.2773    26.5299    26.5079    6.98211    7.08427         21 0.0000e+00
      27803   1158.434     30.000     6.6726   3.384880     6.7432   3.394623      93.13     0.3676     3.3711     3.0200  1.7988286  1.2157339   47.00022  -46.48368    33.7283    33.7678     6.6700     6.7405    26.4613    26.4823    6.85918    6.99854         27 0.0000e+00
      27837   1159.848     29.000     7.2201   3.432992     7.0688   3.423409      72.63     0.3058     3.3615     3.0082  1.7857401  1.2441561   47.00022  -46.48368    33.7205    33.7638     7.2174     7.0662    26.3810    26.4361    6.77092    6.90242         41 0.0000e+00
      27877   1161.500     28.000     7.6302   3.467038     7.5588   3.461128      97.13     0.2419     3.3504     2.9894  1.7703146  1.2843751   47.00024  -46.48368    33.6915    33.6971     7.6275     7.5561    26.3006    26.3151    6.67587    6.77230         32 0.0000e+00
      27903   1162.563     27.000     7.7345   3.471146     7.7380   3.471076      95.49     0.2088     3.3441     2.9811  1.7684618  1.3328021   47.00024  -46.48368    33.6355    33.6314     7.7319     7.7354    26.2416    26.2379    6.65643    6.76684         22 0.0000e+00
      27923   1163.412     26.000     7.7287   3.467435     7.7150   3.466022      93.11     0.1877     3.3402     2.9783  1.7686836  1.3308903   47.00024  -46.48370    33.6017    33.5996     7.7262     7.7125    26.2158    26.2162    6.67222    6.80003         20 0.0000e+00
      27943   1164.266     25.000     7.7128   3.463978     7.6980   3.462880      93.97     0.1773     3.3405     2.9791  1.7352797  1.3548481   47.00024  -46.48370    33.5802    33.5827     7.7104     7.6956    26.2013    26.2053    6.70830    6.83735         22 0.0000e+00
      27968   1165.281     24.000     7.6877   3.459852     7.6789   3.459732      56.39     0.1695     3.3443     2.9836  1.7304341  1.3588542   47.00024  -46.48370    33.5605    33.5677     7.6854     7.6766    26.1893    26.1962    6.74034    6.87583         28 0.0000e+00
      27998   1166.538     23.000     7.6410   3.452662     7.6301   3.452400      92.03     0.1563     3.3494     2.9903  1.7301983  1.4365618   47.00025  -46.48370    33.5284    33.5361     7.6388     7.6279    26.1708    26.1784    6.76248    6.89466         31 0.0000e+00
      28027   1167.763     22.000     7.4812   3.428842     7.3467   3.411201      94.95     0.1354     3.3552     2.9938  1.7300211  1.4418314   47.00026  -46.48370    33.4256    33.3639     7.4791     7.3447    26.1126    26.0829    6.80237    6.93308         27 0.0000e+00
      28054   1168.868     21.000     7.2941   3.399651     7.1459   3.380093      91.98     0.1165     3.3570     2.9938  1.7293491  1.4456400   47.00026  -46.48371    33.2965    33.2193     7.2921     7.1439    26.0371    25.9968    6.80239    6.94034         27 0.0000e+00
      28081   1169.995     20.000     7.1080   3.372906     7.0490   3.364338      95.20     0.1089     3.3527     2.9909  1.7270037  1.4564254   47.00026  -46.48372    33.1779    33.1411     7.1062     7.0472    25.9694    25.9485    6.80828    6.94805         27 0.0000e+00
      28109   1171.169     19.000     7.0582   3.364730     7.0465   3.364230      74.25     0.1060     3.3505     2.9883  1.7246169  1.4653788   47.00026  -46.48372    33.1370    33.1428     7.0565     7.0448    25.9440    25.9501    6.83613    6.93231         28 0.0000e+00
      28135   1172.269     18.000     7.0865   3.369349     7.1037   3.373439      73.00     0.1113     3.3503     2.9847  1.7292106  1.4573013   47.00026  -46.48372    33.1600    33.1889     7.0849     7.1020    25.9582    25.9786    6.82867    6.90449         25 0.0000e+00
      28158   1173.219     17.000     7.1113   3.372538     7.1168   3.374546      93.92     0.1151     3.3488     2.9808  1.7301700  1.4554113   47.00028  -46.48372    33.1721    33.1888     7.1098     7.1152    25.9644    25.9768    6.80969    6.88813         21 0.0000e+00
      28179   1174.066     16.000     7.1232   3.374076     7.1424   3.378295      91.63     0.1158     3.3476     2.9779  1.7266052  1.4523089   47.00028  -46.48374    33.1780    33.2055     7.1217     7.1409    25.9674    25.9864    6.81376    6.88547         20 0.0000e+00
      28200   1174.957     15.000     7.1304   3.374675     7.1557   3.380240      95.24     0.1075     3.3476     2.9763  1.7246416  1.4505529   47.00028  -46.48374    33.1781    33.2144     7.1290     7.1544    25.9665    25.9916    6.81216    6.88822         23 0.0000e+00
      28225   1176.004     14.000     7.0279   3.357497     7.0073   3.355094      94.17     0.0962     3.3467     2.9757  1.7240632  1.4559125   47.00028  -46.48374    33.0894    33.0829     7.0267     7.0061    25.9105    25.9082    6.82621    6.93150         28 0.0000e+00
      28261   1177.488     13.000     6.9420   3.342982     6.9216   3.340475      67.97     0.0875     3.3454     2.9773  1.7239722  1.4605225   47.00028  -46.48374    33.0135    33.0057     6.9409     6.9204    25.8623    25.8589    6.84491    6.96410         44 0.0000e+00
      28302   1179.192     12.000     6.8571   3.328975     6.8369   3.326728      96.49     0.0841     3.3458     2.9799  1.7253466  1.4615890   47.00030  -46.48374    32.9420    32.9366     6.8560     6.8359    25.8173    25.8157    6.87226    6.98277         32 0.0000e+00
      28326   1180.225     11.000     6.7711   3.315166     6.7446   3.312007      95.10     0.0774     3.3467     2.9805  1.7227371  1.4685020   47.00030  -46.48374    32.8732    32.8639     6.7701     6.7436    25.7745    25.7706    6.88803    6.99418         21 0.0000e+00
      28346   1181.035     10.000     6.7349   3.309067     6.7179   3.307518      95.16     0.0709     3.3464     2.9805  1.7223221  1.4700727   47.00030  -46.48374    32.8413    32.8406     6.7340     6.7170    25.7541    25.7557    6.88860    7.00014         19 0.0000e+00
      28367   1181.897      9.000     6.7071   3.304461     6.6872   3.302169      90.10     0.0665     3.3461     2.9810  1.7223541  1.4696183   47.00030  -46.48375    32.8178    32.8116     6.7063     6.6864    25.7392    25.7369    6.89143    7.00961         23 0.0000e+00
      28396   1183.120      8.000     6.6865   3.300703     6.6763   3.300125      86.45     0.0637     3.3452     2.9817  1.7228377  1.4689953   47.00030  -46.48376    32.7965    32.8001     6.6858     6.6756    25.7251    25.7292    6.88923    7.01644         38 0.0000e+00
      28452   1185.447      7.000     6.6709   3.298025     6.6691   3.298999      81.26     0.0630     3.3444     2.9847  1.7247058  1.4547347   47.00032  -46.48376    32.7825    32.7950     6.6703     6.6685    25.7160    25.7261    6.90087    7.02359         68 0.0000e+00
      28505   1187.669      6.000     6.6698   3.297763     6.6664   3.298632      91.80     0.0620     3.3459     2.9842  1.7241091  1.4540803   47.00032  -46.48376    32.7811    32.7940     6.6693     6.6659    25.7151    25.7257    6.90016    7.00985         40 0.0000e+00
      28551   1189.567      5.000     6.6683   3.297351     6.6667   3.298512      93.05     0.0576     3.3454     2.9835  1.7234988  1.4540884   47.00032  -46.48378    32.7785    32.7929     6.6679     6.6662    25.7132    25.7248    6.89599    7.01201         59 0.0000e+00
      28614   1192.223      4.000     6.6686   3.297112     6.6673   3.298338      67.43     0.0582     3.3448     2.9859  1.7230319  1.4542209   47.00034  -46.48378    32.7760    32.7908     6.6683     6.6670    25.7112    25.7230    6.90096    7.02736         54 0.0000e+00
      28655   1193.918      3.000     6.6677   3.297124     6.6657   3.298240      93.96     0.0567     3.3467     2.9857  1.7222179  1.4542124   47.00034  -46.48379    32.7775    32.7918     6.6675     6.6654    25.7125    25.7240    6.90695    7.01345         38 0.0000e+00
      29279   1219.901      2.000     6.6703   3.297230     6.6718   3.298670      10.94     0.0580     3.3470     2.9884  1.7204168  1.4594946   47.00040  -46.48384    32.7767    32.7912     6.6701     6.6716    25.7115    25.7227    6.89619    7.00774        367 0.0000e+00
      29572   1232.122      1.000     6.6710   3.297121     6.6715   3.298494       6.06     0.0561     3.3410     2.9499  1.7202359  1.4600720   47.00040  -46.48386    32.7753    32.7900     6.6709     6.6714    25.7103    25.7218    6.78011    6.58876         76 0.0000e+00
