data/CTD/2013/CNV/U021A033.CNV
* Sea-Bird SBE 9 Data File:
* FileName = C:\CTD_ACQUISITION\2013021HUD\ctddata\021A033.hdr
* Software Version Seasave V 7.22.2
* Temperature SN = 5081
* Conductivity SN = 3561
* Number of Bytes Per Scan = 37
* Number of Voltage Words = 4
* Number of Scans Averaged by the Deck Unit = 1
* NMEA Latitude = 48 13.60 N
* NMEA Longitude = 046 27.66 W
* NMEA UTC (Time) = Jul 03 2013 09:29:10
* NMEA baud rate = 9600
** Ship: Hudson
** Cruise: HUD2013021
** Chief_Scientist: Greenan
** Organization: BIO
** Area_of_Operation: Sackville Spur
** Station: 33
** Sounding:  1150
** Event_Comments: SS13   393161
# nquan = 25
# nvalues = 982                         
# units = specified
# name 0 = scan: Scan Count
# name 1 = timeS: Time, Elapsed [seconds]
# name 2 = prDM: Pressure, Digiquartz [db]
# name 3 = t068C: Temperature [ITS-68, deg C]
# name 4 = c0S/m: Conductivity [S/m]
# name 5 = t168C: Temperature, 2 [ITS-68, deg C]
# name 6 = c1S/m: Conductivity, 2 [S/m]
# name 7 = altM: Altimeter [m]
# name 8 = flCUVA: Fluorescence, Chelsea UV Aquatracka [ug/l]
# name 9 = sbeox0V: Oxygen raw, SBE 43 [V]
# name 10 = sbeox1V: Oxygen raw, SBE 43, 2 [V]
# name 11 = upoly0: Upoly 0, Optode 4330F - O2 D-Phase
# name 12 = upoly1: Upoly 1, Optode 4330F - O2 Temp
# name 13 = latitude: Latitude [deg]
# name 14 = longitude: Longitude [deg]
# name 15 = sal00: Salinity, Practical [PSU]
# name 16 = sal11: Salinity, Practical, 2 [PSU]
# name 17 = potemp068C: Potential Temperature [ITS-68, deg C]
# name 18 = potemp168C: Potential Temperature, 2 [ITS-68, deg C]
# name 19 = sigma-é00: Density [sigma-theta, Kg/m^3]
# name 20 = sigma-é11: Density, 2 [sigma-theta, Kg/m^3]
# name 21 = sbeox0ML/L: Oxygen, SBE 43 [ml/l], WS = 2
# name 22 = sbeox1ML/L: Oxygen, SBE 43, 2 [ml/l], WS = 2
# name 23 = nbin: number of scans per bin
# name 24 = flag: flag
# span 0 =      34383,      61040       
# span 1 =   1432.588,   2543.312       
# span 2 =      1.000,    982.000       
# span 3 =    -0.2051,     5.5051       
# span 4 =   2.762027,   3.272556       
# span 5 =    -0.2044,     5.5054       
# span 6 =   2.763585,   3.273901       
# span 7 =     -12.13,      99.90       
# span 8 =     0.0052,     0.1086       
# span 9 =     2.5953,     3.4241       
# span 10 =     2.3342,     3.0714      
# span 11 =  1.7396194,  2.0055459      
# span 12 =  0.6259456,  1.3137414      
# span 13 =   48.21666,   48.22097      
# span 14 =  -46.45955,  -46.45796      
# span 15 =    32.5610,    34.9050      
# span 16 =    32.6002,    34.9214      
# span 17 =    -0.2064,     5.5050      
# span 18 =    -0.2057,     5.5053      
# span 19 =    25.6848,    27.7398      
# span 20 =    25.7159,    27.7529      
# span 21 =    6.00207,    8.65322      
# span 22 =    6.20844,    8.79164      
# span 23 =         10,        542      
# span 24 = 0.0000e+00, 0.0000e+00      
# interval = decibars: 1                
# start_time = Jul 03 2013 09:29:10 [NMEA time, header]
# bad_flag = -9.990e-29
*END*
      34383   1432.588    982.000     3.7913   3.272556     3.7907   3.273901       3.05     0.0147     2.5960     2.3358  2.0039818  1.0988593   48.22097  -46.45800    34.9047    34.9213     3.7180     3.7174    27.7395    27.7528    6.01523    6.23415         22 0.0000e+00
      34444   1435.135    981.000     3.7913   3.272527     3.7909   3.273884       3.85     0.0132     2.5968     2.3375  2.0032768  1.0987595   48.22095  -46.45800    34.9048    34.9213     3.7181     3.7177    27.7396    27.7528    6.01689    6.23684        101 0.0000e+00
      34518   1438.201    980.000     3.7917   3.272496     3.7910   3.273841       5.01     0.0130     2.5968     2.3382  2.0027888  1.0989097   48.22094  -46.45798    34.9046    34.9212     3.7186     3.7179    27.7394    27.7527    6.00494    6.22314         20 0.0000e+00
      34531   1438.768    979.000     3.7917   3.272465     3.7911   3.273809       4.91     0.0151     2.5956     2.3377  2.0040715  1.0989012   48.22094  -46.45798    34.9046    34.9213     3.7187     3.7180    27.7394    27.7528    6.00932    6.22390         13 0.0000e+00
      34544   1439.279    978.000     3.7914   3.272406     3.7908   3.273747       5.63     0.0152     2.5967     2.3376  2.0055161  1.0989012   48.22094  -46.45798    34.9048    34.9213     3.7185     3.7179    27.7395    27.7528    6.01222    6.22566         12 0.0000e+00
      34555   1439.739    977.000     3.7913   3.272346     3.7907   3.273681       6.75     0.0164     2.5964     2.3379  2.0054402  1.0989012   48.22094  -46.45798    34.9047    34.9212     3.7185     3.7179    27.7395    27.7527    6.00281    6.23013         11 0.0000e+00
      34566   1440.192    976.000     3.7912   3.272294     3.7906   3.273632       7.64     0.0208     2.5959     2.3375  2.0055459  1.0989012   48.22094  -46.45798    34.9047    34.9212     3.7184     3.7179    27.7395    27.7527    6.00207    6.22799         11 0.0000e+00
      34577   1440.671    975.000     3.7910   3.272238     3.7906   3.273594       8.41     0.0239     2.5953     2.3380  2.0046115  1.0989012   48.22094  -46.45798    34.9048    34.9213     3.7183     3.7179    27.7396    27.7528    6.00865    6.23205         12 0.0000e+00
      34592   1441.283    974.000     3.7910   3.272193     3.7905   3.273539       9.84     0.0202     2.5962     2.3381  2.0037067  1.0989012   48.22094  -46.45798    34.9048    34.9213     3.7184     3.7179    27.7396    27.7528    6.01627    6.23216         18 0.0000e+00
      34690   1445.395    973.000     3.7909   3.272163     3.7904   3.273503      11.49     0.0138     2.5974     2.3382  2.0036631  1.0989012   48.22091  -46.45798    34.9050    34.9214     3.7184     3.7179    27.7398    27.7529    6.00989    6.22288         69 0.0000e+00
      34928   1455.293    972.000     3.7913   3.272150     3.7907   3.273483      12.59     0.0151     2.5986     2.3374  2.0041480  1.0988890   48.22086  -46.45796    34.9049    34.9214     3.7189     3.7183    27.7396    27.7528    6.01384    6.22208         90 0.0000e+00
      36193   1507.985    971.000     3.7901   3.271986     3.7896   3.273321      14.17     0.0159     2.5991     2.3345  2.0036404  1.0996845   48.22057  -46.45797    34.9048    34.9212     3.7178     3.7179    27.7396    27.7528    6.01507    6.21014        337 0.0000e+00
      36387   1516.068    970.000     3.7903   3.271941     3.7897   3.273279      14.92     0.0143     2.5987     2.3342  2.0036631  1.1001339   48.22051  -46.45798    34.9045    34.9211     3.7181     3.7174    27.7394    27.7527    6.00547    6.21089         20 0.0000e+00
      36401   1516.650    969.000     3.7902   3.271900     3.7896   3.273241      15.17     0.0142     2.5986     2.3344  2.0036018  1.1001221   48.22050  -46.45799    34.9048    34.9212     3.7180     3.7174    27.7396    27.7528    6.01277    6.22056         20 0.0000e+00
      36424   1517.609    968.000     3.7900   3.271845     3.7894   3.273185      16.00     0.0130     2.5989     2.3354  2.0035348  1.1001221   48.22050  -46.45800    34.9048    34.9213     3.7179     3.7173    27.7397    27.7528    6.01644    6.22078         28 0.0000e+00
      36475   1519.759    967.000     3.7896   3.271755     3.7891   3.273098      17.68     0.0124     2.6003     2.3363  2.0030823  1.0998565   48.22049  -46.45800    34.9046    34.9212     3.7176     3.7170    27.7395    27.7528    6.02953    6.22379         68 0.0000e+00
      36518   1521.547    966.000     3.7894   3.271683     3.7890   3.273043      18.16     0.0170     2.6025     2.3374  2.0036771  1.0988766   48.22048  -46.45800    34.9045    34.9211     3.7175     3.7170    27.7395    27.7527    6.03283    6.21683         21 0.0000e+00
      36536   1522.281    965.000     3.7890   3.271603     3.7886   3.272960      18.65     0.0186     2.6026     2.3371  2.0035083  1.0989012   48.22048  -46.45800    34.9045    34.9210     3.7171     3.7167    27.7395    27.7527    6.02607    6.21046         16 0.0000e+00
      36552   1522.974    964.000     3.7886   3.271520     3.7879   3.272851      19.48     0.0175     2.6030     2.3368  2.0029211  1.0991706   48.22046  -46.45802    34.9045    34.9210     3.7168     3.7161    27.7395    27.7527    6.02189    6.20889         18 0.0000e+00
      36571   1523.760    963.000     3.7881   3.271438     3.7874   3.272760      20.72     0.0157     2.6027     2.3365  2.0033545  1.0996381   48.22046  -46.45802    34.9046    34.9210     3.7164     3.7157    27.7396    27.7527    6.02109    6.20844         21 0.0000e+00
      36602   1525.057    962.000     3.7876   3.271353     3.7870   3.272676      22.32     0.0161     2.6030     2.3366  2.0030921  1.0999092   48.22046  -46.45802    34.9045    34.9209     3.7161     3.7154    27.7396    27.7527    6.02418    6.21548         42 0.0000e+00
      36639   1526.583    961.000     3.7877   3.271287     3.7871   3.272636      23.35     0.0132     2.6033     2.3372  2.0032146  1.0998092   48.22044  -46.45802    34.9042    34.9208     3.7162     3.7156    27.7393    27.7526    6.02376    6.21803         24 0.0000e+00
      36658   1527.355    960.000     3.7876   3.271235     3.7872   3.272600      23.65     0.0193     2.6036     2.3373  2.0036750  1.0988774   48.22044  -46.45802    34.9042    34.9208     3.7162     3.7157    27.7393    27.7526    6.02256    6.21432         17 0.0000e+00
      36673   1528.016    959.000     3.7874   3.271198     3.7871   3.272561      24.41     0.0200     2.6036     2.3373  2.0036631  1.0989012   48.22044  -46.45802    34.9044    34.9209     3.7161     3.7158    27.7395    27.7527    6.02000    6.21489         16 0.0000e+00
      36690   1528.699    958.000     3.7873   3.271152     3.7869   3.272512      25.87     0.0185     2.6038     2.3376  2.0035212  1.0989721   48.22043  -46.45802    34.9045    34.9211     3.7161     3.7156    27.7396    27.7528    6.02296    6.21690         17 0.0000e+00
      36709   1529.497    957.000     3.7873   3.271106     3.7868   3.272457      26.67     0.0176     2.6040     2.3377  2.0036049  1.0990649   48.22042  -46.45802    34.9046    34.9211     3.7161     3.7156    27.7396    27.7528    6.02844    6.21494         22 0.0000e+00
      36735   1530.568    956.000     3.7873   3.271072     3.7869   3.272422      27.66     0.0123     2.6045     2.3379  2.0029922  1.0994576   48.22042  -46.45803    34.9046    34.9210     3.7162     3.7158    27.7397    27.7528    6.02519    6.21446         30 0.0000e+00
      36765   1531.849    955.000     3.7873   3.271017     3.7868   3.272373      28.74     0.0142     2.6049     2.3383  2.0029471  1.1000453   48.22041  -46.45804    34.9045    34.9211     3.7163     3.7158    27.7395    27.7528    6.02799    6.22066         29 0.0000e+00
      36795   1533.100    954.000     3.7872   3.270965     3.7866   3.272307      30.07     0.0175     2.6060     2.3393  2.0028148  1.0993950   48.22040  -46.45804    34.9045    34.9211     3.7163     3.7173    27.7396    27.7528    6.03659    6.22625         33 0.0000e+00
      36832   1534.617    953.000     3.7866   3.270860     3.7862   3.272220      30.87     0.0173     2.6074     2.3406  2.0029209  1.0995517   48.22040  -46.45804    34.9044    34.9210     3.7158     3.7153    27.7395    27.7528    6.03745    6.22894         36 0.0000e+00
      36859   1535.762    952.000     3.7859   3.270733     3.7854   3.272087      23.22     0.0175     2.6083     2.3408  2.0028682  1.1001383   48.22039  -46.45804    34.9041    34.9207     3.7152     3.7147    27.7393    27.7526    6.04187    6.22373         20 0.0000e+00
      36876   1536.438    951.000     3.7855   3.270646     3.7850   3.271996      22.86     0.0133     2.6086     2.3414  2.0028782  1.1001221   48.22038  -46.45804    34.9040    34.9206     3.7149     3.7143    27.7393    27.7526    6.03795    6.22781         14 0.0000e+00
      36889   1536.990    950.000     3.7854   3.270562     3.7847   3.271905      33.42     0.0147     2.6091     2.3417  2.0028486  1.1000183   48.22038  -46.45804    34.9037    34.9203     3.7148     3.7141    27.7391    27.7524    6.03842    6.22397         12 0.0000e+00
      36901   1537.500    949.000     3.7852   3.270475     3.7846   3.271823      34.42     0.0131     2.6096     2.3416  2.0031672  1.1000204   48.22038  -46.45804    34.9033    34.9200     3.7147     3.7141    27.7388    27.7521    6.04288    6.22261         12 0.0000e+00
      36913   1538.014    948.000     3.7850   3.270397     3.7845   3.271749      34.86     0.0128     2.6096     2.3418  2.0030980  1.1001247   48.22036  -46.45806    34.9032    34.9198     3.7146     3.7140    27.7387    27.7520    6.03795    6.22501         13 0.0000e+00
      36927   1538.600    947.000     3.7847   3.270333     3.7843   3.271683      35.92     0.0123     2.6103     2.3422  2.0030529  1.0995920   48.22036  -46.45806    34.9032    34.9197     3.7144     3.7139    27.7387    27.7519    6.03672    6.22899         16 0.0000e+00
      36971   1540.424    946.000     3.7844   3.270264     3.7839   3.271604      62.51     0.0124     2.6105     2.3437  2.0024359  1.0989819   48.22036  -46.45806    34.9032    34.9196     3.7142     3.7137    27.7388    27.7519    6.03367    6.23841         83 0.0000e+00
      37030   1542.884    945.000     3.7847   3.270224     3.7841   3.271560      98.08     0.0147     2.6108     2.3465  2.0019464  1.0983293   48.22035  -46.45806    34.9030    34.9195     3.7145     3.7139    27.7385    27.7517    6.03322    6.25602         18 0.0000e+00
      37044   1543.447    944.000     3.7847   3.270177     3.7841   3.271509      69.18     0.0145     2.6110     2.3475  2.0024486  1.0977592   48.22034  -46.45806    34.9029    34.9194     3.7146     3.7140    27.7385    27.7516    6.03157    6.25490         14 0.0000e+00
      37057   1544.017    943.000     3.7843   3.270066     3.7836   3.271388      40.37     0.0161     2.6107     2.3482  2.0025287  1.0978539   48.22034  -46.45808    34.9026    34.9190     3.7143     3.7135    27.7382    27.7514    6.03235    6.25002         14 0.0000e+00
      37071   1544.584    942.000     3.7837   3.269916     3.7831   3.271237      40.93     0.0167     2.6113     2.3483  2.0017719  1.0984436   48.22034  -46.45808    34.9019    34.9183     3.7138     3.7131    27.7378    27.7508    6.03309    6.25009         14 0.0000e+00
      37086   1545.201    941.000     3.7833   3.269817     3.7827   3.271139      41.55     0.0179     2.6107     2.3492  2.0007341  1.0987358   48.22034  -46.45808    34.9017    34.9179     3.7135     3.7129    27.7376    27.7506    6.04849    6.25069         16 0.0000e+00
      37105   1546.018    940.000     3.7831   3.269728     3.7826   3.271070      74.76     0.0173     2.6133     2.3497  2.0007110  1.0986522   48.22034  -46.45808    34.9013    34.9178     3.7134     3.7128    27.7373    27.7505    6.07136    6.25211         24 0.0000e+00
      37139   1547.429    939.000     3.7831   3.269658     3.7826   3.271000      92.59     0.0145     2.6160     2.3507  2.0022519  1.0988463   48.22032  -46.45808    34.9010    34.9175     3.7134     3.7129    27.7371    27.7502    6.05598    6.24824         39 0.0000e+00
      37170   1548.714    938.000     3.7833   3.269601     3.7827   3.270941      23.97     0.0148     2.6165     2.3508  2.0010462  1.0987986   48.22032  -46.45808    34.9007    34.9172     3.7137     3.7131    27.7368    27.7500    6.05279    6.23792         24 0.0000e+00
      37193   1549.650    937.000     3.7831   3.269549     3.7827   3.270893      76.69     0.0130     2.6176     2.3504  2.0004878  1.0987951   48.22031  -46.45808    34.9007    34.9172     3.7136     3.7131    27.7368    27.7500    6.06321    6.23262         23 0.0000e+00
      37217   1550.664    936.000     3.7830   3.269494     3.7825   3.270842      89.82     0.0140     2.6184     2.3500  1.9996895  1.0987152   48.22030  -46.45809    34.9007    34.9172     3.7136     3.7131    27.7368    27.7500    6.06016    6.22685         26 0.0000e+00
      37245   1551.829    935.000     3.7830   3.269435     3.7825   3.270791      59.57     0.0111     2.6193     2.3491  1.9987820  1.0988586   48.22030  -46.45810    34.9006    34.9172     3.7136     3.7131    27.7367    27.7500    6.06048    6.23024         29 0.0000e+00
      37273   1552.980    934.000     3.7829   3.269384     3.7824   3.270734      93.23     0.0097     2.6204     2.3495  2.0008471  1.0989012   48.22030  -46.45810    34.9006    34.9171     3.7136     3.7131    27.7367    27.7499    6.06170    6.24136         26 0.0000e+00
      37298   1554.055    933.000     3.7828   3.269334     3.7824   3.270678      83.42     0.0076     2.6211     2.3501  2.0016212  1.0989012   48.22030  -46.45810    34.9006    34.9169     3.7136     3.7132    27.7367    27.7498    6.06283    6.24670         25 0.0000e+00
      37323   1555.091    932.000     3.7828   3.269283     3.7824   3.270628      32.84     0.0115     2.6210     2.3510  1.9988143  1.0989012   48.22028  -46.45810    34.9005    34.9170     3.7137     3.7132    27.7367    27.7498    6.04775    6.24759         26 0.0000e+00
      37352   1556.282    931.000     3.7828   3.269232     3.7823   3.270581      94.29     0.0179     2.6210     2.3515  1.9983461  1.0989012   48.22028  -46.45810    34.9004    34.9169     3.7138     3.7133    27.7366    27.7498    6.05660    6.24095         29 0.0000e+00
      37376   1557.274    930.000     3.7829   3.269185     3.7825   3.270530      93.97     0.0134     2.6217     2.3516  1.9980652  1.0989012   48.22028  -46.45810    34.9002    34.9167     3.7140     3.7135    27.7364    27.7495    6.06047    6.24688         19 0.0000e+00
      37392   1557.957    929.000     3.7831   3.269145     3.7826   3.270489      74.53     0.0139     2.6212     2.3524  1.9980816  1.0989012   48.22026  -46.45811    34.9001    34.9166     3.7142     3.7137    27.7363    27.7495    6.05927    6.25274         14 0.0000e+00
      37405   1558.520    928.000     3.7832   3.269105     3.7827   3.270445      60.70     0.0129     2.6222     2.3527  1.9980812  1.0989012   48.22026  -46.45812    34.9001    34.9165     3.7144     3.7139    27.7362    27.7494    6.07064    6.25494         14 0.0000e+00
      37419   1559.070    927.000     3.7831   3.269058     3.7826   3.270397      95.73     0.0137     2.6233     2.3533  1.9980289  1.0989012   48.22026  -46.45812    34.9001    34.9165     3.7144     3.7139    27.7362    27.7494    6.06384    6.25533         13 0.0000e+00
      37433   1559.658    926.000     3.7831   3.269011     3.7826   3.270355      96.46     0.0123     2.6229     2.3538  1.9979659  1.0989012   48.22026  -46.45812    34.9000    34.9165     3.7145     3.7140    27.7362    27.7494    6.05198    6.25308         15 0.0000e+00
