data/CTD/2013/CNV/U021A009.CNV
* Sea-Bird SBE 9 Data File:
* FileName = C:\CTD_ACQUISITION\2013021HUD\ctddata\021A009.hdr
* Software Version Seasave V 7.22.2
* Temperature SN = 5081
* Conductivity SN = 3561
* Number of Bytes Per Scan = 37
* Number of Voltage Words = 4
* Number of Scans Averaged by the Deck Unit = 1
* NMEA Latitude = 47 00.01 N
* NMEA Longitude = 047 29.87 W
* NMEA UTC (Time) = Jul 01 2013 18:20:11
* NMEA baud rate = 9600
** Ship: Hudson
** Cruise: HUD2013021
** Chief_Scientist: Greenan
** Organization: BIO
** Area_of_Operation: Sackville Spur
** Station: 9
** Sounding:  220
** Event_Comments: FC14
# nquan = 25
# nvalues = 209                         
# units = specified
# name 0 = scan: Scan Count
# name 1 = timeS: Time, Elapsed [seconds]
# name 2 = prDM: Pressure, Digiquartz [db]
# name 3 = t068C: Temperature [ITS-68, deg C]
# name 4 = c0S/m: Conductivity [S/m]
# name 5 = t168C: Temperature, 2 [ITS-68, deg C]
# name 6 = c1S/m: Conductivity, 2 [S/m]
# name 7 = altM: Altimeter [m]
# name 8 = flCUVA: Fluorescence, Chelsea UV Aquatracka [ug/l]
# name 9 = sbeox0V: Oxygen raw, SBE 43 [V]
# name 10 = sbeox1V: Oxygen raw, SBE 43, 2 [V]
# name 11 = upoly0: Upoly 0, Optode 4330F - O2 D-Phase
# name 12 = upoly1: Upoly 1, Optode 4330F - O2 Temp
# name 13 = latitude: Latitude [deg]
# name 14 = longitude: Longitude [deg]
# name 15 = sal00: Salinity, Practical [PSU]
# name 16 = sal11: Salinity, Practical, 2 [PSU]
# name 17 = potemp068C: Potential Temperature [ITS-68, deg C]
# name 18 = potemp168C: Potential Temperature, 2 [ITS-68, deg C]
# name 19 = sigma-é00: Density [sigma-theta, Kg/m^3]
# name 20 = sigma-é11: Density, 2 [sigma-theta, Kg/m^3]
# name 21 = sbeox0ML/L: Oxygen, SBE 43 [ml/l], WS = 2
# name 22 = sbeox1ML/L: Oxygen, SBE 43, 2 [ml/l], WS = 2
# name 23 = nbin: number of scans per bin
# name 24 = flag: flag
# span 0 =      16353,      23834       
# span 1 =    681.351,    993.028       
# span 2 =      1.000,    209.000       
# span 3 =    -0.3569,     6.5222       
# span 4 =   2.757073,   3.244657       
# span 5 =    -0.8618,     6.5264       
# span 6 =   2.681263,   3.244801       
# span 7 =       3.38,      97.69       
# span 8 =     0.0163,     0.2504       
# span 9 =     2.3735,     3.2690       
# span 10 =     2.2857,     3.0950      
# span 11 =  1.7175754,  2.1565327      
# span 12 =  0.5368128,  1.4393973      
# span 13 =   46.99999,   47.00066      
# span 14 =  -47.49564,  -47.49436      
# span 15 =    32.2426,    33.9253      
# span 16 =    32.3322,    33.9503      
# span 17 =    -0.3579,     6.5221      
# span 18 =    -0.8630,     6.5259      
# span 19 =    25.3514,    27.1838      
# span 20 =    25.3798,    27.1617      
# span 21 =    5.12926,    9.01560      
# span 22 =    5.83852,    9.06452      
# span 23 =         11,       1124      
# span 24 = 0.0000e+00, 0.0000e+00      
# interval = decibars: 1                
# start_time = Jul 01 2013 18:20:11 [NMEA time, header]
# bad_flag = -9.990e-29
*END*
      16353    681.351    209.000     1.5078   2.956508     1.5930   2.968740       6.62     0.0418     2.5719     2.3012  2.1462507  0.8207188   47.00042  -47.49564    33.8874    33.9503     1.4977     1.5828    27.1173    27.1617    5.76145    5.89492         76 0.0000e+00
      16409    683.667    208.000     1.5020   2.955590     1.5157   2.958796       7.37     0.0403     2.5718     2.3007  2.1458480  0.8275220   47.00042  -47.49564    33.8825    33.9076     1.4920     1.5057    27.1138    27.1331    5.76046    5.90389         39 0.0000e+00
      16443    685.098    207.000     1.5038   2.955811     1.5326   2.960682       8.28     0.0423     2.5715     2.3004  2.1466014  0.8277698   47.00042  -47.49562    33.8840    33.9147     1.4938     1.5225    27.1149    27.1375    5.76004    5.90793         33 0.0000e+00
      16477    686.504    206.000     1.5079   2.956447     1.5149   2.958395       9.21     0.0406     2.5708     2.3009  2.1489692  0.8241655   47.00044  -47.49562    33.8881    33.9053     1.4980     1.5049    27.1179    27.1312    5.75120    5.90476         35 0.0000e+00
      16510    687.891    205.000     1.5245   2.958811     1.5077   2.957403      10.19     0.0413     2.5711     2.3001  2.1489623  0.8218558   47.00044  -47.49562    33.9008    33.9011     1.5146     1.4978    27.1269    27.1283    5.76458    5.89353         32 0.0000e+00
      16541    689.158    204.000     1.5306   2.959430     1.5027   2.956733      11.13     0.0457     2.5722     2.2988  2.1489623  0.8203548   47.00044  -47.49562    33.9026    33.8986     1.5207     1.4928    27.1279    27.1267    5.76340    5.89026         29 0.0000e+00
      17374    723.881    203.000     1.4943   2.954399     1.4973   2.956051      12.74     0.0418     2.5649     2.2963  2.1533320  0.8116428   47.00055  -47.49553    33.8786    33.8962     1.4846     1.4876    27.1112    27.1251    5.73778    5.89415       1124 0.0000e+00
      18297    762.331    202.000     1.4946   2.954414     1.4946   2.955659      12.71     0.0412     2.5437     2.2937  2.1549907  0.8113525   47.00063  -47.49541    33.8790    33.8948     1.4849     1.4849    27.1115    27.1242    5.61869    5.88122         78 0.0000e+00
      18424    767.616    201.000     1.4947   2.954399     1.4948   2.955622      14.32     0.0406     2.5219     2.2936  2.1539736  0.8121641   47.00064  -47.49540    33.8793    33.8947     1.4850     1.4851    27.1117    27.1241    5.53263    5.88225         41 0.0000e+00
      18448    768.612    200.000     1.4945   2.954309     1.4949   2.955577      14.83     0.0441     2.5147     2.2933  2.1550739  0.8123556   47.00064  -47.49539    33.8789    33.8946     1.4849     1.4853    27.1115    27.1240    5.49604    5.88615         22 0.0000e+00
      18469    769.498    199.000     1.4942   2.954178     1.4946   2.955520      15.10     0.0441     2.5073     2.2939  2.1547191  0.8125468   47.00064  -47.49538    33.8782    33.8947     1.4846     1.4851    27.1109    27.1241    5.46648    5.88774         21 0.0000e+00
      18490    770.377    198.000     1.4947   2.954138     1.4945   2.955467      16.47     0.0462     2.5020     2.2939  2.1537011  0.8125214   47.00064  -47.49538    33.8777    33.8947     1.4852     1.4850    27.1104    27.1241    5.46629    5.88556         22 0.0000e+00
      18513    771.339    197.000     1.4956   2.954165     1.4943   2.955379      17.68     0.0480     2.4961     2.2942  2.1537936  0.8123751   47.00064  -47.49538    33.8777    33.8944     1.4861     1.4849    27.1103    27.1239    5.46672    5.87800         24 0.0000e+00
      18538    772.377    196.000     1.4958   2.954144     1.4940   2.955264      18.78     0.0489     2.4925     2.2932  2.1538475  0.8125290   47.00064  -47.49538    33.8777    33.8938     1.4864     1.4846    27.1104    27.1234    5.47480    5.86858         24 0.0000e+00
      18561    773.326    195.000     1.4956   2.954096     1.4937   2.955173      19.73     0.0478     2.4892     2.2929  2.1538463  0.8125771   47.00064  -47.49538    33.8779    33.8936     1.4862     1.4843    27.1105    27.1232    5.46960    5.86956         22 0.0000e+00
      18581    774.170    194.000     1.4953   2.954036     1.4933   2.955079      20.63     0.0459     2.4869     2.2922  2.1538463  0.8125440   47.00064  -47.49536    33.8780    33.8934     1.4860     1.4840    27.1106    27.1231    5.47031    5.86257         19 0.0000e+00
      18600    774.976    193.000     1.4952   2.953971     1.4928   2.954973      21.55     0.0425     2.4856     2.2916  2.1538463  0.8122721   47.00064  -47.49536    33.8779    33.8932     1.4859     1.4836    27.1105    27.1230    5.48173    5.86345         20 0.0000e+00
      18620    775.804    192.000     1.4949   2.953910     1.4923   2.954871      22.51     0.0434     2.4852     2.2912  2.1538463  0.8125129   47.00064  -47.49536    33.8780    33.8929     1.4857     1.4831    27.1107    27.1228    5.49344    5.86816         20 0.0000e+00
      18642    776.688    191.000     1.4948   2.953843     1.4917   2.954751      23.46     0.0477     2.4853     2.2915  2.1538463  0.8123541   47.00064  -47.49536    33.8779    33.8927     1.4856     1.4825    27.1105    27.1227    5.50624    5.86692         22 0.0000e+00
      18664    777.635    190.000     1.4945   2.953780     1.4911   2.954637      24.52     0.0482     2.4867     2.2909  2.1538463  0.8125519   47.00065  -47.49536    33.8779    33.8924     1.4854     1.4820    27.1106    27.1225    5.52115    5.85158         23 0.0000e+00
      18687    778.563    189.000     1.4943   2.953719     1.4904   2.954507      25.57     0.0491     2.4882     2.2893  2.1538463  0.8122987   47.00066  -47.49536    33.8779    33.8921     1.4852     1.4814    27.1106    27.1223    5.50005    5.84007         22 0.0000e+00
      18708    779.441    188.000     1.4940   2.953656     1.4894   2.954352      26.51     0.0459     2.4868     2.2883  2.1538463  0.8125775   47.00066  -47.49536    33.8780    33.8918     1.4850     1.4804    27.1107    27.1221    5.46942    5.83957         20 0.0000e+00
      18729    780.314    187.000     1.4937   2.953590     1.4874   2.954077      27.48     0.0507     2.4846     2.2873  2.1538463  0.8123540   47.00064  -47.49536    33.8780    33.8910     1.4848     1.4785    27.1107    27.1216    5.45082    5.84084         22 0.0000e+00
      18751    781.254    186.000     1.4936   2.953518     1.4842   2.953662      28.43     0.0474     2.4812     2.2865  2.1538463  0.8123225   47.00066  -47.49534    33.8778    33.8898     1.4847     1.4753    27.1106    27.1208    5.43769    5.83852         24 0.0000e+00
      18777    782.314    185.000     1.4933   2.953458     1.4798   2.953130      29.43     0.0513     2.4793     2.2859  2.1538463  0.8125768   47.00066  -47.49534    33.8779    33.8884     1.4845     1.4709    27.1107    27.1200    5.46306    5.84346         26 0.0000e+00
      18803    783.396    184.000     1.4931   2.953393     1.4760   2.952657      30.41     0.0496     2.4792     2.2857  2.1538463  0.8123522   47.00066  -47.49534    33.8779    33.8871     1.4843     1.4672    27.1107    27.1192    5.46535    5.85795         25 0.0000e+00
      18826    784.376    183.000     1.4928   2.953324     1.4722   2.952174      31.43     0.0462     2.4782     2.2869  2.1539598  0.8126379   47.00066  -47.49534    33.8780    33.8856     1.4840     1.4635    27.1107    27.1183    5.44149    5.88341         22 0.0000e+00
      18847    785.251    182.000     1.4923   2.953249     1.4689   2.951770      32.37     0.0426     2.4757     2.2898  2.1539044  0.8124889   47.00066  -47.49534    33.8781    33.8846     1.4836     1.4602    27.1109    27.1177    5.43466    5.91536         21 0.0000e+00
      18867    786.090    181.000     1.4919   2.953170     1.4634   2.951110      32.88     0.0409     2.4750     2.2933  2.1561875  0.8114346   47.00066  -47.49534    33.8782    33.8827     1.4832     1.4548    27.1109    27.1166    5.45494    5.94041         20 0.0000e+00
      18888    786.956    180.000     1.4914   2.953096     1.4553   2.950153      34.18     0.0401     2.4753     2.2977  2.1562879  0.8108627   47.00066  -47.49532    33.8783    33.8798     1.4827     1.4468    27.1111    27.1148    5.48043    5.96886         21 0.0000e+00
      18910    787.888    179.000     1.4909   2.953008     1.4504   2.949551      34.94     0.0405     2.4780     2.3034  2.1562881  0.8106356   47.00066  -47.49532    33.8783    33.8781     1.4823     1.4419    27.1111    27.1138    5.50516    5.99672         23 0.0000e+00
      18933    788.824    178.000     1.4904   2.952909     1.4455   2.948966      36.08     0.0426     2.4809     2.3093  2.1562881  0.8106338   47.00066  -47.49532    33.8781    33.8765     1.4819     1.4370    27.1110    27.1129    5.48748    6.00933         22 0.0000e+00
      18954    789.689    177.000     1.4898   2.952814     1.4402   2.948326      37.15     0.0437     2.4803     2.3137  2.1565328  0.8101337   47.00066  -47.49532    33.8782    33.8746     1.4813     1.4318    27.1111    27.1117    5.44886    6.00189         20 0.0000e+00
      18973    790.500    176.000     1.4888   2.952726     1.4352   2.947701      38.17     0.0448     2.4781     2.3164  2.1564167  0.8095241   47.00066  -47.49532    33.8787    33.8727     1.4804     1.4269    27.1116    27.1105    5.42906    5.99381         19 0.0000e+00
      18993    791.334    175.000     1.4878   2.952620     1.4224   2.946230      39.19     0.0408     2.4761     2.3186  2.1564045  0.8094656   47.00066  -47.49532    33.8790    33.8684     1.4794     1.4142    27.1119    27.1079    5.42888    5.98849         21 0.0000e+00
      19016    792.282    174.000     1.4869   2.952494     1.4121   2.944950      40.33     0.0381     2.4742     2.3202  2.1563859  0.8083144   47.00066  -47.49532    33.8789    33.8638     1.4786     1.4039    27.1118    27.1050    5.42134    5.98055         25 0.0000e+00
      19042    793.380    173.000     1.4859   2.952337     1.3984   2.943384      41.42     0.0360     2.4721     2.3205  2.1562858  0.8082066   47.00066  -47.49532    33.8786    33.8593     1.4776     1.3902    27.1117    27.1023    5.42224    5.97325         26 0.0000e+00
      19066    794.387    172.000     1.4847   2.952199     1.3833   2.941633      42.27     0.0415     2.4702     2.3213  2.1550529  0.8074982   47.00066  -47.49530    33.8787    33.8539     1.4765     1.3753    27.1119    27.0989    5.39695    5.99122         23 0.0000e+00
      19087    795.256    171.000     1.4830   2.952075     1.3661   2.939499      43.21     0.0413     2.4668     2.3229  2.1550672  0.8075318   47.00066  -47.49530    33.8795    33.8459     1.4749     1.3581    27.1126    27.0937    5.37712    6.03125         19 0.0000e+00
      19107    796.070    170.000     1.4816   2.951938     1.3454   2.937134      44.17     0.0400     2.4637     2.3271  2.1538970  0.8051687   47.00066  -47.49530    33.8799    33.8386     1.4735     1.3375    27.1130    27.0893    5.36995    6.09071         20 0.0000e+00
      19127    796.915    169.000     1.4799   2.951769     1.3209   2.934221      45.15     0.0417     2.4612     2.3337  2.1538463  0.8049310   47.00066  -47.49530    33.8801    33.8286     1.4718     1.3131    27.1133    27.0829    5.39794    6.14487         21 0.0000e+00
      19148    797.812    168.000     1.4778   2.951592     1.3046   2.932311      46.18     0.0443     2.4621     2.3419  2.1523488  0.8036971   47.00066  -47.49530    33.8808    33.8224     1.4698     1.2969    27.1140    27.0790    5.44787    6.18414         22 0.0000e+00
      19170    798.699    167.000     1.4758   2.951388     1.2991   2.931620      46.17     0.0467     2.4663     2.3498  2.1514540  0.8024878   47.00066  -47.49529    33.8808    33.8202     1.4679     1.2914    27.1142    27.0776    5.48104    6.19935         20 0.0000e+00
      19189    799.512    166.000     1.4745   2.951218     1.2944   2.931051      47.58     0.0438     2.4695     2.3562  2.1512074  0.8014102   47.00066  -47.49528    33.8807    33.8185     1.4666     1.2868    27.1141    27.0766    5.48121    6.21163         19 0.0000e+00
      19207    800.264    165.000     1.4716   2.951052     1.2887   2.930366      48.49     0.0403     2.4718     2.3620  2.1501918  0.7985587   47.00066  -47.49528    33.8823    33.8165     1.4637     1.2811    27.1157    27.0753    5.47377    6.22679         18 0.0000e+00
      19225    800.985    164.000     1.4695   2.950855     1.2772   2.928995      49.73     0.0351     2.4732     2.3672  2.1501832  0.7985348   47.00066  -47.49528    33.8826    33.8120     1.4617     1.2697    27.1160    27.0725    5.45347    6.23898         17 0.0000e+00
      19243    801.730    163.000     1.4672   2.950656     1.2636   2.927329      50.88     0.0343     2.4731     2.3721  2.1494360  0.7967005   47.00066  -47.49528    33.8831    33.8060     1.4595     1.2562    27.1166    27.0686    5.41182    6.25517         18 0.0000e+00
      19263    802.564    162.000     1.4632   2.950366     1.2553   2.926322      51.96     0.0346     2.4692     2.3781  2.1489615  0.7948689   47.00066  -47.49528    33.8844    33.8027     1.4555     1.2479    27.1179    27.0665    5.35385    6.28020         22 0.0000e+00
      19286    803.558    161.000     1.4605   2.949980     1.2506   2.925720      52.94     0.0360     2.4618     2.3855  2.1475599  0.7943576   47.00065  -47.49527    33.8829    33.8007     1.4528     1.2432    27.1169    27.0652    5.28797    6.30658         26 0.0000e+00
      19312    804.620    160.000     1.4576   2.949613     1.2451   2.925046      53.33     0.0392     2.4507     2.3931  2.1453106  0.7929254   47.00064  -47.49526    33.8820    33.7986     1.4500     1.2378    27.1163    27.0639    5.24343    6.33312         25 0.0000e+00
      19336    805.641    159.000     1.4556   2.949301     1.2358   2.923920      54.61     0.0389     2.4425     2.4009  2.1424131  0.7921283   47.00064  -47.49526    33.8807    33.7949     1.4481     1.2286    27.1155    27.0615    5.30735    6.36806         24 0.0000e+00
      19359    806.598    158.000     1.4522   2.948999     1.2140   2.921446      55.85     0.0353     2.4436     2.4087  2.1388831  0.7912145   47.00064  -47.49526    33.8812    33.7874     1.4447     1.2069    27.1161    27.0569    5.41416    6.38689         22 0.0000e+00
      19380    807.463    157.000     1.4489   2.948740     1.1963   2.919420      56.84     0.0304     2.4497     2.4143  2.1382270  0.7908213   47.00064  -47.49526    33.8820    33.7812     1.4415     1.1892    27.1170    27.0531    5.44307    6.38929         19 0.0000e+00
      19398    808.208    156.000     1.4459   2.948558     1.1795   2.917484      57.35     0.0322     2.4527     2.4186  2.1355326  0.7887680   47.00064  -47.49526    33.8835    33.7752     1.4385     1.1725    27.1184    27.0494    5.39838    6.38253         17 0.0000e+00
      19414    808.887    155.000     1.4446   2.948387     1.1553   2.914726      58.33     0.0324     2.4520     2.4206  2.1355312  0.7887668   47.00064  -47.49526    33.8833    33.7666     1.4373     1.1484    27.1183    27.0441    5.33482    6.37188         16 0.0000e+00
      19430    809.544    154.000     1.4429   2.948180     1.1334   2.912268      59.15     0.0329     2.4482     2.4223  2.1336777  0.7877288   47.00064  -47.49526    33.8831    33.7593     1.4356     1.1266    27.1183    27.0397    5.27510    6.37424         16 0.0000e+00
      19447    810.233    153.000     1.4407   2.947947     1.1142   2.910073      60.28     0.0335     2.4423     2.4239  2.1284802  0.7847483   47.00064  -47.49526    33.8831    33.7525     1.4334     1.1075    27.1184    27.0355    5.22453    6.41560         17 0.0000e+00
