data/CTD/2013/CNV/U021A030.CNV
* Sea-Bird SBE 9 Data File:
* FileName = C:\CTD_ACQUISITION\2013021HUD\ctddata\021A030.hdr
* Software Version Seasave V 7.22.2
* Temperature SN = 5081
* Conductivity SN = 3561
* Number of Bytes Per Scan = 37
* Number of Voltage Words = 4
* Number of Scans Averaged by the Deck Unit = 1
* NMEA Latitude = 48 02.22 N
* NMEA Longitude = 046 13.89 W
* NMEA UTC (Time) = Jul 03 2013 03:47:18
* NMEA baud rate = 9600
** Ship: Hudson
** Cruise: HUD2013021
** Chief_Scientist: Greenan
** Organization: BIO
** Area_of_Operation: Sackville Spur
** Station: 30
** Sounding:  1179
** Event_Comments: SS16  393135
# nquan = 25
# nvalues = 1167                        
# units = specified
# name 0 = scan: Scan Count
# name 1 = timeS: Time, Elapsed [seconds]
# name 2 = prDM: Pressure, Digiquartz [db]
# name 3 = t068C: Temperature [ITS-68, deg C]
# name 4 = c0S/m: Conductivity [S/m]
# name 5 = t168C: Temperature, 2 [ITS-68, deg C]
# name 6 = c1S/m: Conductivity, 2 [S/m]
# name 7 = altM: Altimeter [m]
# name 8 = flCUVA: Fluorescence, Chelsea UV Aquatracka [ug/l]
# name 9 = sbeox0V: Oxygen raw, SBE 43 [V]
# name 10 = sbeox1V: Oxygen raw, SBE 43, 2 [V]
# name 11 = upoly0: Upoly 0, Optode 4330F - O2 D-Phase
# name 12 = upoly1: Upoly 1, Optode 4330F - O2 Temp
# name 13 = latitude: Latitude [deg]
# name 14 = longitude: Longitude [deg]
# name 15 = sal00: Salinity, Practical [PSU]
# name 16 = sal11: Salinity, Practical, 2 [PSU]
# name 17 = potemp068C: Potential Temperature [ITS-68, deg C]
# name 18 = potemp168C: Potential Temperature, 2 [ITS-68, deg C]
# name 19 = sigma-é00: Density [sigma-theta, Kg/m^3]
# name 20 = sigma-é11: Density, 2 [sigma-theta, Kg/m^3]
# name 21 = sbeox0ML/L: Oxygen, SBE 43 [ml/l], WS = 2
# name 22 = sbeox1ML/L: Oxygen, SBE 43, 2 [ml/l], WS = 2
# name 23 = nbin: number of scans per bin
# name 24 = flag: flag
# span 0 =      41029,      84061       
# span 1 =   1709.512,   3502.489       
# span 2 =      1.000,   1167.000       
# span 3 =    -0.0284,     5.8849       
# span 4 =   2.778573,   3.279145       
# span 5 =    -0.0289,     5.8844       
# span 6 =   2.779731,   3.280448       
# span 7 =       3.66,     108.20       
# span 8 =     0.0049,     0.1039       
# span 9 =     2.5290,     3.4403       
# span 10 =     2.2742,     3.1077      
# span 11 =  1.7329336,  2.0224489      
# span 12 =  0.6283562,  1.3610405      
# span 13 =   48.03648,   48.03748      
# span 14 =  -46.23270,  -46.23154      
# span 15 =    32.7518,    34.9093      
# span 16 =    32.7583,    34.9255      
# span 17 =    -0.0296,     5.8848      
# span 18 =    -0.0301,     5.8843      
# span 19 =    25.7916,    27.7466      
# span 20 =    25.8039,    27.7596      
# span 21 =    5.94513,    8.71378      
# span 22 =    6.15382,    9.02322      
# span 23 =          7,        548      
# span 24 = 0.0000e+00, 0.0000e+00      
# interval = decibars: 1                
# start_time = Jul 03 2013 03:47:18 [NMEA time, header]
# bad_flag = -9.990e-29
*END*
[from data line 812]
      69387   2891.089    355.000     3.9916   3.257018     3.9986   3.259098      84.14     0.0157     2.8400     2.5367  1.9499378  1.1312593   48.03696  -46.23198    34.8367    34.8539     3.9663     3.9733    27.6599    27.6729    6.20504    6.33655         28 0.0000e+00
      69411   2892.073    354.000     3.9755   3.255283     3.9832   3.257514      96.34     0.0141     2.8401     2.5370  1.9499389  1.1305671   48.03696  -46.23199    34.8337    34.8520     3.9503     3.9580    27.6592    27.6729    6.21354    6.34983         21 0.0000e+00
      69431   2892.907    353.000     3.9663   3.254268     3.9675   3.255814      95.98     0.0112     2.8409     2.5379  1.9495679  1.1300913   48.03696  -46.23200    34.8318    34.8489     3.9413     3.9424    27.6586    27.6721    6.22373    6.35391         20 0.0000e+00
      69452   2893.789    352.000     3.9630   3.253870     3.9629   3.255226      95.98     0.0097     2.8426     2.5387  1.9487202  1.1294279   48.03696  -46.23200    34.8312    34.8474     3.9380     3.9379    27.6585    27.6714    6.23978    6.35241         23 0.0000e+00
      69478   2894.862    351.000     3.9609   3.253578     3.9614   3.255016      95.88     0.0121     2.8446     2.5387  1.9490924  1.1289685   48.03696  -46.23200    34.8305    34.8471     3.9360     3.9365    27.6581    27.6713    6.23659    6.34115         29 0.0000e+00
      69507   2896.081    350.000     3.9479   3.252231     3.9549   3.254342      95.32     0.0104     2.8459     2.5379  1.9499371  1.1279967   48.03696  -46.23202    34.8288    34.8464     3.9231     3.9301    27.6581    27.6714    6.23015    6.33789         29 0.0000e+00
      69535   2897.232    349.000     3.9325   3.250579     3.9361   3.252235      95.43     0.0115     2.8462     2.5379  1.9492325  1.1274050   48.03696  -46.23202    34.8261    34.8420     3.9078     3.9113    27.6575    27.6698    6.23166    6.35226         26 0.0000e+00
      69560   2898.278    348.000     3.9224   3.249285     3.9213   3.250616      57.13     0.0102     2.8471     2.5391  1.9488211  1.1270379   48.03696  -46.23202    34.8219    34.8390     3.8978     3.8967    27.6552    27.6689    6.24374    6.36765         25 0.0000e+00
      69585   2899.329    347.000     3.9146   3.248402     3.9148   3.249800      95.42     0.0139     2.8480     2.5404  1.9496423  1.1261091   48.03696  -46.23202    34.8202    34.8366     3.8901     3.8903    27.6547    27.6677    6.23997    6.37186         25 0.0000e+00
      69610   2900.381    346.000     3.9107   3.247946     3.9106   3.249285      95.99     0.0145     2.8484     2.5420  1.9498914  1.1257612   48.03696  -46.23200    34.8195    34.8355     3.8863     3.8861    27.6545    27.6673    6.23652    6.37088         25 0.0000e+00
      69639   2901.569    345.000     3.9024   3.247034     3.9026   3.248399      95.91     0.0134     2.8481     2.5418  1.9489707  1.1237645   48.03696  -46.23202    34.8179    34.8339     3.8781     3.8783    27.6541    27.6668    6.23158    6.35647         35 0.0000e+00
      69687   2903.591    344.000     3.9014   3.246835     3.8982   3.247868      93.06     0.0170     2.8481     2.5413  1.9486921  1.1224104   48.03696  -46.23202    34.8172    34.8329     3.8771     3.8740    27.6537    27.6665    6.23453    6.35580         49 0.0000e+00
      69718   2904.859    343.000     3.9137   3.247971     3.9081   3.248760      51.28     0.0149     2.8476     2.5411  1.9487180  1.1217707   48.03696  -46.23202    34.8181    34.8335     3.8896     3.8840    27.6531    27.6659    6.21929    6.35413         20 0.0000e+00
      69735   2905.575    342.000     3.9188   3.248438     3.9170   3.249588      96.69     0.0138     2.8470     2.5407  1.9487180  1.1196219   48.03696  -46.23202    34.8189    34.8346     3.8947     3.8942    27.6532    27.6658    6.22015    6.34902         16 0.0000e+00
      69750   2906.198    341.000     3.9203   3.248513     3.9199   3.249821      95.90     0.0155     2.8470     2.5409  1.9487180  1.1196581   48.03696  -46.23202    34.8187    34.8347     3.8962     3.8959    27.6529    27.6656    6.21826    6.34949         15 0.0000e+00
      69765   2906.838    340.000     3.9192   3.248302     3.9181   3.249563      95.27     0.0152     2.8462     2.5407  1.9488666  1.1196581   48.03696  -46.23202    34.8180    34.8341     3.8952     3.8941    27.6524    27.6653    6.21561    6.35121         16 0.0000e+00
      69788   2907.810    339.000     3.9157   3.247917     3.9147   3.249161      95.17     0.0150     2.8461     2.5411  1.9489454  1.1196282   48.03697  -46.23202    34.8176    34.8334     3.8918     3.8908    27.6524    27.6651    6.22380    6.35881         36 0.0000e+00
      69850   2910.360    338.000     3.9160   3.247807     3.9169   3.249369      79.60     0.0125     2.8486     2.5433  1.9463276  1.1187054   48.03697  -46.23203    34.8165    34.8342     3.8922     3.8930    27.6515    27.6655    6.24188    6.36504         53 0.0000e+00
      69874   2911.368    337.000     3.9153   3.247378     3.9153   3.249156      71.45     0.0131     2.8490     2.5434  1.9484601  1.1174754   48.03696  -46.23204    34.8127    34.8338     3.8915     3.8916    27.6486    27.6653    6.23334    6.36252         21 0.0000e+00
      69892   2912.142    336.000     3.9073   3.246878     3.9084   3.248360      95.83     0.0137     2.8492     2.5441  1.9487166  1.1173525   48.03696  -46.23204    34.8158    34.8323     3.8836     3.8847    27.6518    27.6648    6.24317    6.37872         18 0.0000e+00
      69911   2912.924    335.000     3.8927   3.245269     3.8936   3.246746      95.34     0.0134     2.8509     2.5459  1.9487180  1.1175185   48.03696  -46.23204    34.8126    34.8293     3.8692     3.8700    27.6508    27.6640    6.25793    6.38552         20 0.0000e+00
      69943   2914.247    334.000     3.8647   3.242341     3.8713   3.244341      95.71     0.0146     2.8524     2.5467  1.9482574  1.1181464   48.03696  -46.23204    34.8080    34.8248     3.8413     3.8479    27.6500    27.6627    6.25521    6.38118         50 0.0000e+00
      69993   2916.315    333.000     3.8664   3.242501     3.8762   3.244840      83.73     0.0161     2.8533     2.5481  1.9451579  1.1171813   48.03696  -46.23204    34.8086    34.8261     3.8431     3.8541    27.6503    27.6632    6.24216    6.38073         36 0.0000e+00
      70020   2917.451    332.000     3.8463   3.240290     3.8547   3.242487      61.98     0.0148     2.8529     2.5484  1.9453738  1.1161785   48.03696  -46.23206    34.8042    34.8214     3.8231     3.8315    27.6488    27.6617    6.24554    6.37777         23 0.0000e+00
      70040   2918.311    331.000     3.8420   3.239693     3.8438   3.241249      96.46     0.0145     2.8527     2.5480  1.9455733  1.1159905   48.03696  -46.23206    34.8022    34.8188     3.8188     3.8207    27.6477    27.6607    6.24483    6.37596         19 0.0000e+00
      70060   2919.116    330.000     3.8499   3.240412     3.8542   3.242146      95.89     0.0140     2.8524     2.5481  1.9471526  1.1159952   48.03696  -46.23206    34.8029    34.8190     3.8269     3.8311    27.6474    27.6598    6.23976    6.37711         20 0.0000e+00
      70081   2920.010    329.000     3.8580   3.241035     3.8628   3.242825      95.52     0.0126     2.8523     2.5482  1.9485482  1.1159952   48.03696  -46.23206    34.8023    34.8184     3.8350     3.8398    27.6461    27.6584    6.24357    6.37272         24 0.0000e+00
      70108   2921.127    328.000     3.8610   3.241172     3.8614   3.242520      95.99     0.0142     2.8525     2.5478  1.9485953  1.1147549   48.03696  -46.23207    34.8012    34.8169     3.8381     3.8384    27.6449    27.6574    6.24262    6.37323         30 0.0000e+00
      70141   2922.502    327.000     3.8621   3.241146     3.8615   3.242440      80.28     0.0187     2.8527     2.5484  1.9484683  1.1135339   48.03696  -46.23208    34.8003    34.8164     3.8392     3.8386    27.6441    27.6569    6.24415    6.37783         34 0.0000e+00
      70174   2923.855    326.000     3.8626   3.241144     3.8623   3.242464      75.96     0.0185     2.8536     2.5491  1.9462745  1.1133903   48.03696  -46.23208    34.8003    34.8163     3.8398     3.8395    27.6440    27.6568    6.24491    6.37936         30 0.0000e+00
      70202   2925.038    325.000     3.8637   3.241193     3.8637   3.242537      95.80     0.0157     2.8536     2.5487  1.9456897  1.1131468   48.03696  -46.23208    34.8003    34.8163     3.8409     3.8409    27.6439    27.6566    6.24735    6.35949         27 0.0000e+00
      70230   2926.214    324.000     3.8657   3.241342     3.8664   3.242744      95.23     0.0140     2.8541     2.5475  1.9450517  1.1130474   48.03696  -46.23208    34.8005    34.8164     3.8430     3.8438    27.6438    27.6564    6.23865    6.36302         29 0.0000e+00
      70257   2927.329    323.000     3.8684   3.241553     3.8693   3.242980      96.02     0.0142     2.8537     2.5476  1.9473265  1.1124763   48.03696  -46.23208    34.8006    34.8166     3.8458     3.8467    27.6436    27.6563    6.24546    6.36824         24 0.0000e+00
      70279   2928.252    322.000     3.8712   3.241788     3.8721   3.243214      96.00     0.0145     2.8548     2.5478  1.9484882  1.1123317   48.03696  -46.23208    34.8010    34.8170     3.8486     3.8496    27.6437    27.6563    6.24974    6.36868         21 0.0000e+00
      70300   2929.139    321.000     3.8732   3.241946     3.8739   3.243348      96.00     0.0158     2.8554     2.5480  1.9464461  1.1123321   48.03696  -46.23208    34.8013    34.8172     3.8507     3.8514    27.6437    27.6563    6.24931    6.36666         23 0.0000e+00
      70371   2932.071    320.000     3.8738   3.241965     3.8731   3.243250      95.75     0.0146     2.8564     2.5477  1.9456910  1.1118790   48.03696  -46.23211    34.8014    34.8174     3.8514     3.8507    27.6437    27.6565    6.24424    6.36192         88 0.0000e+00
      70408   2933.628    319.000     3.8735   3.241854     3.8737   3.243226      87.39     0.0168     2.8557     2.5478  1.9451343  1.1098459   48.03694  -46.23210    34.8010    34.8170     3.8511     3.8514    27.6434    27.6561    6.24552    6.36118         13 0.0000e+00
      70420   2934.107    318.000     3.8747   3.241892     3.8747   3.243256      58.50     0.0160     2.8572     2.5476  1.9453614  1.1098901   48.03694  -46.23208    34.8006    34.8169     3.8525     3.8525    27.6430    27.6559    6.24552    6.36043         12 0.0000e+00
      70430   2934.557    317.000     3.8753   3.241840     3.8750   3.243177      91.82     0.0150     2.8572     2.5476  1.9465071  1.1098901   48.03694  -46.23208    34.8000    34.8161     3.8531     3.8528    27.6424    27.6553    6.24019    6.36194         10 0.0000e+00
      70441   2934.992    316.000     3.8757   3.241785     3.8754   3.243107      96.11     0.0167     2.8562     2.5476  1.9455131  1.1098901   48.03694  -46.23208    34.7994    34.8154     3.8536     3.8533    27.6419    27.6547    6.23068    6.35576         10 0.0000e+00
      70451   2935.436    315.000     3.8753   3.241613     3.8747   3.242887      96.00     0.0174     2.8560     2.5478  1.9466790  1.1098901   48.03694  -46.23208    34.7984    34.8141     3.8532     3.8527    27.6411    27.6537    6.22547    6.35240         12 0.0000e+00
      70464   2935.940    314.000     3.8735   3.241286     3.8724   3.242496      96.00     0.0174     2.8558     2.5470  1.9467432  1.1098901   48.03694  -46.23210    34.7968    34.8124     3.8515     3.8505    27.6401    27.6525    6.22895    6.34577         13 0.0000e+00
      70521   2938.329    313.000     3.8723   3.241163     3.8724   3.242558      96.02     0.0153     2.8556     2.5470  1.9466455  1.1103665   48.03694  -46.23210    34.7972    34.8138     3.8504     3.8506    27.6405    27.6536    6.23737    6.35727        112 0.0000e+00
      70595   2941.398    312.000     3.8723   3.241164     3.8734   3.242692      96.05     0.0182     2.8566     2.5484  1.9462647  1.1089926   48.03694  -46.23210    34.7977    34.8148     3.8505     3.8515    27.6408    27.6544    6.23334    6.37376         20 0.0000e+00
      70612   2942.104    311.000     3.8711   3.240908     3.8724   3.242501      96.01     0.0184     2.8560     2.5492  1.9466447  1.1086593   48.03694  -46.23210    34.7965    34.8141     3.8493     3.8507    27.6400    27.6539    6.23010    6.36881         17 0.0000e+00
      70627   2942.740    310.000     3.8705   3.240765     3.8715   3.242284      96.02     0.0164     2.8556     2.5495  1.9464471  1.1086692   48.03694  -46.23210    34.7960    34.8131     3.8488     3.8498    27.6397    27.6531    6.22933    6.36349         14 0.0000e+00
      70641   2943.324    309.000     3.8703   3.240663     3.8686   3.241815      96.02     0.0159     2.8558     2.5494  1.9450268  1.1098257   48.03694  -46.23210    34.7956    34.8110     3.8487     3.8470    27.6393    27.6518    6.23067    6.35633         14 0.0000e+00
      70655   2943.912    308.000     3.8671   3.240197     3.8641   3.241159      96.02     0.0142     2.8555     2.5491  1.9450549  1.1098894   48.03694  -46.23210    34.7939    34.8086     3.8456     3.8426    27.6383    27.6503    6.23237    6.35206         15 0.0000e+00
      70670   2944.543    307.000     3.8634   3.239671     3.8615   3.240790      95.60     0.0091     2.8556     2.5485  1.9450549  1.1098901   48.03694  -46.23210    34.7921    34.8074     3.8420     3.8401    27.6373    27.6496    6.23388    6.35364         16 0.0000e+00
      70688   2945.299    306.000     3.8606   3.239263     3.8595   3.240500      95.12     0.0116     2.8557     2.5487  1.9458325  1.1098901   48.03694  -46.23210    34.7908    34.8066     3.8392     3.8382    27.6365    27.6492    6.23557    6.36188         21 0.0000e+00
      70723   2946.754    305.000     3.8610   3.239302     3.8605   3.240608      95.36     0.0162     2.8561     2.5496  1.9458618  1.1098901   48.03693  -46.23210    34.7913    34.8073     3.8397     3.8399    27.6369    27.6496    6.23691    6.36589         53 0.0000e+00
      70769   2948.667    304.000     3.8663   3.239947     3.8654   3.241156      95.31     0.0139     2.8573     2.5500  1.9453210  1.1097636   48.03692  -46.23210    34.7939    34.8093     3.8451     3.8441    27.6384    27.6508    6.23690    6.35641         30 0.0000e+00
      70792   2949.642    303.000     3.8623   3.239370     3.8625   3.240757      95.53     0.0118     2.8566     2.5498  1.9472063  1.1086508   48.03692  -46.23210    34.7919    34.8081     3.8411     3.8414    27.6372    27.6501    6.23554    6.35651         19 0.0000e+00
      70810   2950.390    302.000     3.8581   3.238791     3.8576   3.240097      95.38     0.0157     2.8578     2.5498  1.9477638  1.1086692   48.03692  -46.23210    34.7900    34.8060     3.8370     3.8366    27.6361    27.6489    6.23823    6.35871         18 0.0000e+00
      70828   2951.142    301.000     3.8558   3.238479     3.8547   3.239716      95.39     0.0167     2.8572     2.5498  1.9462615  1.1093533   48.03692  -46.23208    34.7892    34.8051     3.8348     3.8337    27.6357    27.6485    6.23381    6.36199         19 0.0000e+00
      70852   2952.107    300.000     3.8537   3.238205     3.8530   3.239468      83.81     0.0172     2.8577     2.5504  1.9454358  1.1098697   48.03692  -46.23208    34.7887    34.8045     3.8328     3.8321    27.6355    27.6482    6.23896    6.36687         28 0.0000e+00
      70882   2953.389    299.000     3.8526   3.238039     3.8525   3.239379      87.52     0.0139     2.8582     2.5512  1.9452149  1.1098020   48.03692  -46.23208    34.7884    34.8045     3.8318     3.8317    27.6354    27.6482    6.24677    6.36973         29 0.0000e+00
