data/CTD/2013/CNV/U021A036.CNV
* Sea-Bird SBE 9 Data File:
* FileName = C:\CTD_ACQUISITION\2013021HUD\ctddata\021A036.hdr
* Software Version Seasave V 7.22.2
* Temperature SN = 5081
* Conductivity SN = 3561
* Number of Bytes Per Scan = 37
* Number of Voltage Words = 4
* Number of Scans Averaged by the Deck Unit = 1
* NMEA Latitude = 48 18.49 N
* NMEA Longitude = 046 32.56 W
* NMEA UTC (Time) = Jul 03 2013 17:07:39
* NMEA baud rate = 9600
** Ship: Hudson
** Cruise: HUD2013021
** Chief_Scientist: Greenan
** Organization: BIO
** Area_of_Operation: Sackville Spur
** Station: 36
** Sounding:  1047
** Event_Comments: SS11  393172
# nquan = 25
# nvalues = 1048                        
# units = specified
# name 0 = scan: Scan Count
# name 1 = timeS: Time, Elapsed [seconds]
# name 2 = prDM: Pressure, Digiquartz [db]
# name 3 = t068C: Temperature [ITS-68, deg C]
# name 4 = c0S/m: Conductivity [S/m]
# name 5 = t168C: Temperature, 2 [ITS-68, deg C]
# name 6 = c1S/m: Conductivity, 2 [S/m]
# name 7 = altM: Altimeter [m]
# name 8 = flCUVA: Fluorescence, Chelsea UV Aquatracka [ug/l]
# name 9 = sbeox0V: Oxygen raw, SBE 43 [V]
# name 10 = sbeox1V: Oxygen raw, SBE 43, 2 [V]
# name 11 = upoly0: Upoly 0, Optode 4330F - O2 D-Phase
# name 12 = upoly1: Upoly 1, Optode 4330F - O2 Temp
# name 13 = latitude: Latitude [deg]
# name 14 = longitude: Longitude [deg]
# name 15 = sal00: Salinity, Practical [PSU]
# name 16 = sal11: Salinity, Practical, 2 [PSU]
# name 17 = potemp068C: Potential Temperature [ITS-68, deg C]
# name 18 = potemp168C: Potential Temperature, 2 [ITS-68, deg C]
# name 19 = sigma-é00: Density [sigma-theta, Kg/m^3]
# name 20 = sigma-é11: Density, 2 [sigma-theta, Kg/m^3]
# name 21 = sbeox0ML/L: Oxygen, SBE 43 [ml/l], WS = 2
# name 22 = sbeox1ML/L: Oxygen, SBE 43, 2 [ml/l], WS = 2
# name 23 = nbin: number of scans per bin
# name 24 = flag: flag
# span 0 =      34922,      59827       
# span 1 =   1455.046,   2492.759       
# span 2 =      1.000,   1048.000       
# span 3 =    -0.0996,     5.7054       
# span 4 =   2.763475,   3.284784       
# span 5 =    -0.1004,     5.6916       
# span 6 =   2.764557,   3.286156       
# span 7 =       2.82,     102.02       
# span 8 =     0.0065,     0.3179       
# span 9 =     2.5815,     3.3905       
# span 10 =     2.3206,     3.0411      
# span 11 =  1.7340245,  2.0170945      
# span 12 =  0.6337084,  1.3439540      
# span 13 =   48.30644,   48.30690      
# span 14 =  -46.54056,  -46.53926      
# span 15 =    32.6294,    34.9063      
# span 16 =    32.6454,    34.9226      
# span 17 =    -0.1008,     5.7050      
# span 18 =    -0.1017,     5.6913      
# span 19 =    25.7200,    27.7342      
# span 20 =    25.7335,    27.7473      
# span 21 =    5.98864,    8.25598      
# span 22 =    6.18382,    8.39716      
# span 23 =         11,        480      
# span 24 = 0.0000e+00, 0.0000e+00      
# interval = decibars: 1                
# start_time = Jul 03 2013 17:07:39 [NMEA time, header]
# bad_flag = -9.990e-29
*END*
[from data line 986]
      57517   2396.487     62.000     0.2456   2.814794     0.2423   2.815715      96.08     0.0147     2.9863     2.6661  2.0045431  0.7120055   48.30662  -46.53936    33.5134    33.5291     0.2434     0.2401    26.8938    26.9066    7.23683    7.37923         14 0.0000e+00
      57531   2397.102     61.000     0.2276   2.812114     0.2242   2.813079      96.19     0.0175     2.9909     2.6715  2.0045786  0.7122245   48.30662  -46.53936    33.4984    33.5148     0.2255     0.2220    26.8826    26.8960    7.27665    7.40656         16 0.0000e+00
      57549   2397.832     60.000     0.2117   2.809513     0.2099   2.810448      91.36     0.0194     2.9976     2.6779  2.0039864  0.7093078   48.30662  -46.53936    33.4822    33.4965     0.2096     0.2078    26.8703    26.8820    7.31383    7.42391         20 0.0000e+00
      57572   2398.774     59.000     0.2020   2.808083     0.1955   2.808129      62.34     0.0200     3.0070     2.6851  2.0025191  0.6974206   48.30662  -46.53936    33.4745    33.4823     0.2000     0.1934    26.8647    26.8713    7.36473    7.43113         25 0.0000e+00
      57598   2399.890     58.000     0.1956   2.807066     0.1915   2.807199      96.06     0.0225     3.0184     2.6921  1.9998280  0.6949910   48.30662  -46.53936    33.4688    33.4750     0.1936     0.1896    26.8604    26.8656    7.36901    7.43489         27 0.0000e+00
      57622   2400.891     57.000     0.1931   2.806080     0.1763   2.804480      95.55     0.0267     3.0256     2.6975  1.9940317  0.6898884   48.30662  -46.53935    33.4592    33.4564     0.1911     0.1743    26.8527    26.8514    7.37240    7.45216         22 0.0000e+00
      57643   2401.750     56.000     0.1678   2.801395     0.1512   2.799826      95.33     0.0239     3.0317     2.7021  1.9940877  0.6896088   48.30662  -46.53934    33.4257    33.4231     0.1658     0.1492    26.8270    26.8258    7.38613    7.47558         19 0.0000e+00
      57663   2402.569     55.000     0.1471   2.797572     0.1418   2.797939      95.53     0.0246     3.0362     2.7068  1.9935856  0.6861743   48.30661  -46.53934    33.3986    33.4091     0.1452     0.1399    26.8062    26.8150    7.39758    7.49786         20 0.0000e+00
      57683   2403.410     54.000     0.1393   2.795083     0.1384   2.797318      95.49     0.0249     3.0412     2.7118  1.9933413  0.6862027   48.30660  -46.53934    33.3748    33.4052     0.1375     0.1366    26.7874    26.8120    7.40979    7.51673         20 0.0000e+00
      57702   2404.228     53.000     0.1363   2.795479     0.1363   2.796988      95.53     0.0249     3.0455     2.7166  1.9906164  0.6838325   48.30660  -46.53934    33.3839    33.4037     0.1345     0.1345    26.7949    26.8109    7.40848    7.52020         19 0.0000e+00
      57720   2404.964     52.000     0.1341   2.795296     0.1334   2.796558      95.57     0.0239     3.0481     2.7201  1.9890707  0.6825295   48.30660  -46.53934    33.3845    33.4018     0.1323     0.1316    26.7955    26.8095    7.38850    7.49571         17 0.0000e+00
      57736   2405.634     51.000     0.1315   2.794924     0.1296   2.796064      95.74     0.0224     3.0495     2.7208  1.9894223  0.6825397   48.30660  -46.53934    33.3826    33.4000     0.1298     0.1279    26.7941    26.8083    7.36536    7.47210         15 0.0000e+00
      57752   2406.282     50.000     0.1227   2.793824     0.1201   2.794918      95.36     0.0225     3.0485     2.7213  1.9857427  0.6785798   48.30660  -46.53934    33.3782    33.3959     0.1214     0.1184    26.7910    26.8054    7.36319    7.48415         16 0.0000e+00
      57768   2406.969     49.000     0.1199   2.792685     0.1132   2.793460      95.51     0.0230     3.0503     2.7233  1.9852210  0.6776703   48.30660  -46.53934    33.3673    33.3849     0.1182     0.1115    26.7824    26.7969    7.38972    7.51157         18 0.0000e+00
      57788   2407.801     48.000     0.1315   2.792885     0.1362   2.794310      95.44     0.0226     3.0522     2.7261  1.9838105  0.6760724   48.30660  -46.53934    33.3579    33.3716     0.1299     0.1346    26.7742    26.7850    7.42122    7.53490         23 0.0000e+00
      57822   2409.229     47.000     0.1333   2.792937     0.1403   2.794455      68.62     0.0320     3.0602     2.7332  1.9795769  0.6710286   48.30660  -46.53934    33.3573    33.3696     0.1317     0.1386    26.7736    26.7832    7.46028    7.56769         45 0.0000e+00
      57859   2410.767     46.000     0.1354   2.792481     0.1383   2.794006      97.05     0.0390     3.0680     2.7406  1.9792279  0.6638514   48.30660  -46.53934    33.3497    33.3665     0.1337     0.1367    26.7673    26.7808    7.48171    7.57576         24 0.0000e+00
      57877   2411.514     45.000     0.1100   2.788990     0.1092   2.789998      95.68     0.0302     3.0715     2.7430  1.9792429  0.6642247   48.30660  -46.53934    33.3318    33.3460     0.1085     0.1076    26.7542    26.7657    7.48635    7.57134         15 0.0000e+00
      57891   2412.067     44.000     0.0410   2.781491     0.0435   2.782928      86.21     0.0283     3.0746     2.7440  1.9770881  0.6629934   48.30660  -46.53934    33.3086    33.3248     0.0395     0.0420    26.7389    26.7519    7.49244    7.58405         12 0.0000e+00
      57903   2412.599     43.000    -0.0295   2.773994    -0.0279   2.775640      82.80     0.0234     3.0743     2.7453  1.9750510  0.6617464   48.30660  -46.53934    33.2869    33.3069    -0.0309    -0.0293    26.7248    26.7409    7.49700    7.60908         13 0.0000e+00
      57916   2413.106     42.000    -0.0666   2.769992    -0.0716   2.770948      95.67     0.0223     3.0764     2.7469  1.9749291  0.6617827   48.30660  -46.53934    33.2749    33.2931    -0.0679    -0.0730    26.7169    26.7318    7.52825    7.63754         13 0.0000e+00
      57930   2413.694     41.000    -0.0931   2.767102    -0.0983   2.767811      96.11     0.0244     3.0782     2.7490  1.9748492  0.6617827   48.30659  -46.53934    33.2640    33.2812    -0.0944    -0.0996    26.7094    26.7235    7.55878    7.67269         15 0.0000e+00
      57948   2414.469     40.000    -0.0996   2.765868    -0.1004   2.766883      95.43     0.0281     3.0829     2.7538  1.9712006  0.6544034   48.30658  -46.53934    33.2573    33.2718    -0.1008    -0.1017    26.7042    26.7160    7.59304    7.72083         24 0.0000e+00
      57984   2415.975     39.000    -0.0910   2.766820    -0.0873   2.768297      95.36     0.0300     3.0939     2.7654  1.9684969  0.6481771   48.30658  -46.53934    33.2613    33.2769    -0.0923    -0.0886    26.7071    26.7195    7.64549    7.76317         45 0.0000e+00
      58021   2417.499     38.000    -0.0780   2.768095    -0.0793   2.768994      30.89     0.0334     3.1049     2.7767  1.9652979  0.6412383   48.30658  -46.53934    33.2646    33.2780    -0.0792    -0.0805    26.7092    26.7200    7.67712    7.80164         25 0.0000e+00
      58041   2418.331     37.000    -0.0828   2.766784    -0.0867   2.767166      96.91     0.0325     3.1122     2.7834  1.9606260  0.6358206   48.30658  -46.53934    33.2531    33.2624    -0.0840    -0.0879    26.7001    26.7078    7.72607    7.84207         18 0.0000e+00
      58058   2419.023     36.000    -0.0926   2.764524    -0.0928   2.765647      95.46     0.0349     3.1192     2.7897  1.9597042  0.6348414   48.30658  -46.53934    33.2344    33.2495    -0.0937    -0.0940    26.6854    26.6976    7.75949    7.87948         16 0.0000e+00
      58073   2419.681     35.000    -0.0918   2.763475    -0.0947   2.764557      95.37     0.0409     3.1257     2.7965  1.9597069  0.6349199   48.30658  -46.53934    33.2200    33.2377    -0.0929    -0.0958    26.6738    26.6882    7.79692    7.91852         16 0.0000e+00
      58090   2420.367     34.000    -0.0595   2.765301    -0.0697   2.765732      95.22     0.0519     3.1350     2.8042  1.9578614  0.6349207   48.30658  -46.53934    33.2069    33.2267    -0.0606    -0.0708    26.6616    26.6781    7.83447    7.95153         17 0.0000e+00
      58108   2421.107     33.000     0.0138   2.769995     0.0225   2.771838      95.26     0.0601     3.1442     2.8131  1.9579059  0.6349207   48.30658  -46.53934    33.1928    33.2078     0.0127     0.0214    26.6468    26.6584    7.85821    7.96333         19 0.0000e+00
      58129   2421.982     32.000     0.0625   2.773493     0.0936   2.776796      95.06     0.0642     3.1568     2.8233  1.9562382  0.6344527   48.30658  -46.53934    33.1868    33.1966     0.0614     0.0926    26.6396    26.6459    7.91086    7.98316         23 0.0000e+00
      58154   2423.050     31.000     0.1118   2.776935     0.1194   2.778519      58.50     0.0644     3.1751     2.8369  1.9536327  0.6337084   48.30658  -46.53934    33.1793    33.1920     0.1108     0.1183    26.6310    26.6409    7.99033    8.06630         28 0.0000e+00
      58182   2424.217     30.000     0.1623   2.780510     0.1637   2.781465      49.53     0.0650     3.1968     2.8574  1.9488620  0.6366166   48.30656  -46.53934    33.1723    33.1834     0.1613     0.1627    26.6229    26.6317    8.04160    8.18923         27 0.0000e+00
      58206   2425.222     29.000     0.2518   2.786915     0.2636   2.788762      67.80     0.0567     3.2139     2.8776  1.9455931  0.6386100   48.30656  -46.53934    33.1603    33.1718     0.2508     0.2626    26.6086    26.6173    8.07938    8.23323         21 0.0000e+00
      58226   2426.039     28.000     0.3651   2.795318     0.3633   2.796077      95.03     0.0569     3.2306     2.8926  1.9435196  0.6407614   48.30656  -46.53934    33.1487    33.1606     0.3641     0.3623    26.5934    26.6030    8.11953    8.22461         19 0.0000e+00
      58244   2426.788     27.000     0.4846   2.804510     0.4931   2.805718      95.20     0.0608     3.2451     2.9047  1.9405462  0.6434530   48.30656  -46.53934    33.1406    33.1472     0.4836     0.4921    26.5804    26.5852    8.13999    8.23938         17 0.0000e+00
      58262   2427.534     26.000     0.6122   2.814320     0.6044   2.814606      83.41     0.0602     3.2607     2.9189  1.9403018  0.6434677   48.30656  -46.53934    33.1318    33.1439     0.6112     0.6034    26.5662    26.5764    8.17172    8.28007         19 0.0000e+00
      58281   2428.354     25.000     0.8044   2.828351     0.7360   2.824587      91.63     0.0566     3.2789     2.9346  1.9328065  0.6515722   48.30656  -46.53934    33.1084    33.1328     0.8034     0.7350    26.5362    26.5599    8.13911    8.28619         21 0.0000e+00
      58304   2429.278     24.000     1.0801   2.847836     0.8862   2.835161      95.10     0.0550     3.2936     2.9510  1.9305396  0.6535284   48.30656  -46.53932    33.0661    33.1094     1.0789     0.8853    26.4856    26.5322    8.10456    8.31920         23 0.0000e+00
      58327   2430.255     23.000     1.3188   2.866758     1.2054   2.857604      95.34     0.0570     3.3143     2.9723  1.9243751  0.6671024   48.30656  -46.53932    33.0552    33.0585     1.3178     1.2045    26.4615    26.4715    8.19939    8.37891         23 0.0000e+00
      58350   2431.193     22.000     1.5422   2.884309     1.5734   2.885848      95.39     0.0586     3.3413     2.9960  1.9209479  0.6740332   48.30656  -46.53934    33.0428    33.0294     1.5412     1.5724    26.4366    26.4237    8.25598    8.39716         22 0.0000e+00
      58371   2432.069     21.000     1.7561   2.901630     1.8542   2.908295      91.88     0.0538     3.3637     3.0209  1.9133766  0.6869057   48.30656  -46.53934    33.0371    33.0180     1.7551     1.8532    26.4170    26.3947    8.20702    8.37107         20 0.0000e+00
      58391   2432.912     20.000     2.0500   2.923930     2.0276   2.922829      93.43     0.0503     3.3813     3.0361  1.9048634  0.7015940   48.30656  -46.53934    33.0096    33.0192     2.0490     2.0266    26.3735    26.3829    8.10098    8.22048         21 0.0000e+00
      58412   2433.785     19.000     2.4197   2.951056     2.3092   2.944589      95.29     0.0523     3.3905     3.0411  1.9021080  0.7083623   48.30655  -46.53933    32.9628    32.9964     2.4187     2.3083    26.3075    26.3437    7.91210    8.02563         21 0.0000e+00
      58435   2434.739     18.000     2.8201   2.982229     2.6537   2.971456      95.24     0.0520     3.3902     3.0374  1.8874079  0.7476758   48.30654  -46.53932    32.9333    32.9727     2.8191     2.6527    26.2510    26.2964    7.72498    7.85975         24 0.0000e+00
      58459   2435.733     17.000     2.9855   2.995931     2.9857   2.995983      37.34     0.0556     3.3838     3.0301  1.8843490  0.7533294   48.30654  -46.53932    32.9313    32.9317     2.9845     2.9847    26.2353    26.2356    7.59662    7.73653         24 0.0000e+00
      58481   2436.663     16.000     3.4235   3.028613     3.4271   3.029473      88.85     0.0657     3.3722     3.0216  1.8675660  0.7926639   48.30654  -46.53932    32.8803    32.8870     3.4225     3.4261    26.1553    26.1603    7.46282    7.61734         21 0.0000e+00
      58501   2437.518     15.000     3.9753   3.070259     3.9805   3.069793      95.26     0.0718     3.3635     3.0144  1.8677647  0.7927962   48.30654  -46.53932    32.8205    32.8097     3.9743     3.9796    26.0552    26.0461    7.37228    7.51832         20 0.0000e+00
      58522   2438.365     14.000     4.5059   3.110723     4.5132   3.111668      95.17     0.0684     3.3594     3.0102  1.8476025  0.8357266   48.30654  -46.53932    32.7667    32.7705     4.5050     4.5122    25.9585    25.9605    7.29206    7.44097         21 0.0000e+00
      58544   2439.289     13.000     4.9338   3.143960     5.0094   3.149662      95.06     0.0663     3.3554     3.0080  1.8431412  0.8461227   48.30654  -46.53932    32.7297    32.7210     4.9329     5.0085    25.8829    25.8679    7.22034    7.36447         23 0.0000e+00
      58568   2440.294     12.000     5.3028   3.171984     5.2748   3.169772      41.92     0.0583     3.3538     3.0063  1.8158572  0.9031389   48.30654  -46.53932    32.6899    32.6920     5.3019     5.2739    25.8102    25.8151    7.15621    7.30443         25 0.0000e+00
      58592   2441.296     11.000     5.5133   3.188085     5.3918   3.178572      78.05     0.0553     3.3519     3.0032  1.8036342  0.9291289   48.30654  -46.53932    32.6684    32.6787     5.5125     5.3909    25.7689    25.7911    7.11253    7.27378         23 0.0000e+00
      58613   2442.172     10.000     5.5823   3.193749     5.4854   3.186087      39.61     0.0559     3.3497     3.0015  1.8007026  0.9837343   48.30654  -46.53932    32.6660    32.6733     5.5815     5.4846    25.7590    25.7761    7.09579    7.26652         19 0.0000e+00
      58632   2442.962      9.000     5.5771   3.192786     5.5020   3.187372      28.34     0.0565     3.3495     3.0012  1.7985239  1.0221692   48.30654  -46.53932    32.6607    32.6723     5.5764     5.5013    25.7554    25.7733    7.11020    7.26673         19 0.0000e+00
      58651   2443.736      8.000     5.5585   3.191101     5.4855   3.186095       6.18     0.0506     3.3492     3.0007  1.7974622  1.0272142   48.30653  -46.53932    32.6601    32.6744     5.5579     5.4848    25.7571    25.7769    7.11968    7.26451         19 0.0000e+00
      58672   2444.606      7.000     5.6232   3.195949     5.5266   3.188987       5.91     0.0488     3.3506     2.9996  1.7853131  1.1123850   48.30652  -46.53932    32.6527    32.6677     5.6227     5.5261    25.7436    25.7668    7.11622    7.24466         24 0.0000e+00
      58701   2445.820      6.000     5.6854   3.200260     5.6285   3.196911       6.11     0.0489     3.3517     2.9970  1.7823888  1.1227751   48.30652  -46.53932    32.6426    32.6590     5.6850     5.6280    25.7283    25.7479    7.10290    7.21955         35 0.0000e+00
