data/CTD/2013/CNV/U021A040.CNV
* Sea-Bird SBE 9 Data File:
* FileName = C:\CTD_ACQUISITION\2013021HUD\ctddata\021A040.hdr
* Software Version Seasave V 7.22.2
* Temperature SN = 5081
* Conductivity SN = 3561
* Number of Bytes Per Scan = 37
* Number of Voltage Words = 4
* Number of Scans Averaged by the Deck Unit = 1
* NMEA Latitude = 48 29.61 N
* NMEA Longitude = 046 43.71 W
* NMEA UTC (Time) = Jul 03 2013 23:36:18
* NMEA baud rate = 9600
** Ship: Hudson
** Cruise: HUD2013021
** Chief_Scientist: Greenan
** Organization: BIO
** Area_of_Operation: Sackville Spur
** Station: 40
** Sounding:  1744
** Event_Comments: SS07  393180
# nquan = 25
# nvalues = 1638                        
# units = specified
# name 0 = scan: Scan Count
# name 1 = timeS: Time, Elapsed [seconds]
# name 2 = prDM: Pressure, Digiquartz [db]
# name 3 = t068C: Temperature [ITS-68, deg C]
# name 4 = c0S/m: Conductivity [S/m]
# name 5 = t168C: Temperature, 2 [ITS-68, deg C]
# name 6 = c1S/m: Conductivity, 2 [S/m]
# name 7 = altM: Altimeter [m]
# name 8 = flCUVA: Fluorescence, Chelsea UV Aquatracka [ug/l]
# name 9 = sbeox0V: Oxygen raw, SBE 43 [V]
# name 10 = sbeox1V: Oxygen raw, SBE 43, 2 [V]
# name 11 = upoly0: Upoly 0, Optode 4330F - O2 D-Phase
# name 12 = upoly1: Upoly 1, Optode 4330F - O2 Temp
# name 13 = latitude: Latitude [deg]
# name 14 = longitude: Longitude [deg]
# name 15 = sal00: Salinity, Practical [PSU]
# name 16 = sal11: Salinity, Practical, 2 [PSU]
# name 17 = potemp068C: Potential Temperature [ITS-68, deg C]
# name 18 = potemp168C: Potential Temperature, 2 [ITS-68, deg C]
# name 19 = sigma-é00: Density [sigma-theta, Kg/m^3]
# name 20 = sigma-é11: Density, 2 [sigma-theta, Kg/m^3]
# name 21 = sbeox0ML/L: Oxygen, SBE 43 [ml/l], WS = 2
# name 22 = sbeox1ML/L: Oxygen, SBE 43, 2 [ml/l], WS = 2
# name 23 = nbin: number of scans per bin
# name 24 = flag: flag
# span 0 =      47638,      86553       
# span 1 =   1984.863,   3606.318       
# span 2 =      1.000,   1638.000       
# span 3 =     3.1437,     7.1817       
# span 4 =   3.134109,   3.392603       
# span 5 =     3.1433,     7.1769       
# span 6 =   3.135512,   3.393535       
# span 7 =       4.01,     101.49       
# span 8 =     0.0053,     0.5307       
# span 9 =     2.3813,     3.4707       
# span 10 =     2.1395,     3.0921      
# span 11 =  1.7019209,  2.0629480      
# span 12 =  1.0280831,  1.5206639      
# span 13 =   48.49410,   48.49520      
# span 14 =  -46.73084,  -46.72978      
# span 15 =    33.3147,    34.9216      
# span 16 =    33.3311,    34.9387      
# span 17 =     3.1392,     7.1812      
# span 18 =     3.1388,     7.1765      
# span 19 =    26.0688,    27.7984      
# span 20 =    26.0818,    27.8122      
# span 21 =    5.87561,    7.79882      
# span 22 =    6.05143,    7.93394      
# span 23 =         10,        500      
# span 24 = 0.0000e+00, 0.0000e+00      
# interval = decibars: 1                
# start_time = Jul 03 2013 23:36:18 [NMEA time, header]
# bad_flag = -9.990e-29
*END*
[from data line 1044]
      73453   3060.508    594.000     3.8662   3.260542     3.8659   3.261929      96.01     0.0150     2.7751     2.4745  1.9551446  1.1085879   48.49488  -46.73066    34.8845    34.9014     3.8233     3.8230    27.7127    27.7262    6.23258    6.36372         15 0.0000e+00
      73468   3061.140    593.000     3.8661   3.260484     3.8658   3.261857      96.00     0.0171     2.7751     2.4748  1.9551283  1.1083659   48.49488  -46.73066    34.8844    34.9011     3.8233     3.8230    27.7127    27.7260    6.23582    6.35814         16 0.0000e+00
      73488   3061.938    592.000     3.8657   3.260395     3.8654   3.261759      95.99     0.0158     2.7759     2.4746  1.9548304  1.1084027   48.49488  -46.73066    34.8843    34.9009     3.8230     3.8226    27.7126    27.7259    6.23527    6.35592         23 0.0000e+00
      73519   3063.258    591.000     3.8653   3.260293     3.8649   3.261664      95.93     0.0124     2.7762     2.4753  1.9549136  1.1085154   48.49488  -46.73064    34.8841    34.9008     3.8227     3.8223    27.7125    27.7258    6.23696    6.36347         40 0.0000e+00
      73554   3064.704    590.000     3.8652   3.260233     3.8648   3.261601      95.50     0.0145     2.7766     2.4761  1.9551617  1.1086756   48.49488  -46.73064    34.8840    34.9006     3.8227     3.8237    27.7124    27.7257    6.22757    6.36292         26 0.0000e+00
      73576   3065.608    589.000     3.8652   3.260175     3.8649   3.261553      96.03     0.0128     2.7763     2.4763  1.9548143  1.1086692   48.49488  -46.73064    34.8839    34.9005     3.8227     3.8224    27.7123    27.7256    6.22754    6.36730         19 0.0000e+00
      73592   3066.312    588.000     3.8658   3.260175     3.8655   3.261564      96.00     0.0116     2.7761     2.4773  1.9548229  1.1085929   48.49488  -46.73064    34.8837    34.9005     3.8234     3.8231    27.7121    27.7255    6.22844    6.36873         16 0.0000e+00
      73608   3066.954    587.000     3.8665   3.260201     3.8662   3.261590      95.51     0.0128     2.7764     2.4772  1.9548229  1.1085877   48.49488  -46.73064    34.8838    34.9006     3.8242     3.8239    27.7121    27.7255    6.22999    6.36035         15 0.0000e+00
      73624   3067.631    586.000     3.8669   3.260198     3.8669   3.261605      95.47     0.0129     2.7765     2.4774  1.9548229  1.1086699   48.49488  -46.73064    34.8839    34.9006     3.8246     3.8246    27.7121    27.7254    6.22955    6.35916         17 0.0000e+00
      73644   3068.444    585.000     3.8673   3.260197     3.8672   3.261594      96.01     0.0123     2.7766     2.4775  1.9548751  1.1086692   48.49488  -46.73064    34.8840    34.9007     3.8251     3.8250    27.7121    27.7255    6.22942    6.35443         23 0.0000e+00
      73670   3069.536    584.000     3.8675   3.260176     3.8672   3.261550      95.72     0.0163     2.7769     2.4768  1.9550327  1.1086692   48.49488  -46.73064    34.8841    34.9007     3.8254     3.8251    27.7122    27.7254    6.23127    6.35071         29 0.0000e+00
      73698   3070.719    583.000     3.8673   3.260100     3.8669   3.261477      95.45     0.0132     2.7774     2.4769  1.9552032  1.1086692   48.49488  -46.73064    34.8839    34.9006     3.8253     3.8249    27.7120    27.7254    6.23416    6.35612         26 0.0000e+00
      73721   3071.683    582.000     3.8672   3.260040     3.8669   3.261428      96.03     0.0118     2.7776     2.4774  1.9549348  1.1086692   48.49488  -46.73064    34.8839    34.9006     3.8252     3.8249    27.7120    27.7254    6.23449    6.36749         21 0.0000e+00
      73742   3072.540    581.000     3.8673   3.260021     3.8672   3.261415      96.00     0.0085     2.7789     2.4783  1.9550552  1.1086692   48.49488  -46.73064    34.8840    34.9007     3.8254     3.8253    27.7121    27.7255    6.24481    6.36775         21 0.0000e+00
      73763   3073.396    580.000     3.8675   3.260007     3.8672   3.261378      95.81     0.0092     2.7795     2.4787  1.9548838  1.1086692   48.49488  -46.73064    34.8841    34.9008     3.8257     3.8253    27.7122    27.7255    6.24380    6.35930         20 0.0000e+00
      73783   3074.233    579.000     3.8677   3.259972     3.8673   3.261346      96.00     0.0063     2.7805     2.4787  1.9550066  1.1086692   48.49488  -46.73064    34.8840    34.9009     3.8260     3.8255    27.7121    27.7255    6.23877    6.35961         20 0.0000e+00
      73801   3075.005    578.000     3.8677   3.259924     3.8673   3.261306      95.96     0.0065     2.7802     2.4790  1.9550385  1.1087414   48.49488  -46.73064    34.8840    34.9008     3.8260     3.8257    27.7121    27.7255    6.23973    6.36866         17 0.0000e+00
      73819   3075.737    577.000     3.8676   3.259873     3.8673   3.261252      95.60     0.0082     2.7815     2.4800  1.9548206  1.1090797   48.49489  -46.73064    34.8841    34.9008     3.8260     3.8257    27.7121    27.7255    6.24247    6.37385         18 0.0000e+00
      73837   3076.490    576.000     3.8675   3.259821     3.8672   3.261208      95.99     0.0132     2.7814     2.4807  1.9548229  1.1086745   48.49490  -46.73064    34.8841    34.9009     3.8260     3.8257    27.7121    27.7255    6.23413    6.37087         19 0.0000e+00
      73857   3077.354    575.000     3.8675   3.259779     3.8672   3.261157      95.83     0.0146     2.7813     2.4812  1.9548229  1.1091872   48.49490  -46.73064    34.8841    34.9008     3.8261     3.8258    27.7121    27.7254    6.23562    6.36399         23 0.0000e+00
      73884   3078.457    574.000     3.8674   3.259726     3.8671   3.261111      95.26     0.0108     2.7818     2.4810  1.9548229  1.1090062   48.49490  -46.73064    34.8841    34.9008     3.8261     3.8258    27.7121    27.7255    6.24168    6.35592         29 0.0000e+00
      73912   3079.643    573.000     3.8674   3.259675     3.8671   3.261053      96.04     0.0185     2.7831     2.4808  1.9548229  1.1096771   48.49490  -46.73063    34.8840    34.9007     3.8261     3.8258    27.7120    27.7254    6.23985    6.35976         26 0.0000e+00
      73937   3080.646    572.000     3.8673   3.259616     3.8670   3.260993      95.35     0.0171     2.7826     2.4811  1.9548229  1.1097884   48.49490  -46.73062    34.8839    34.9006     3.8261     3.8258    27.7120    27.7253    6.24100    6.36257         24 0.0000e+00
      73960   3081.627    571.000     3.8672   3.259567     3.8669   3.260947      94.47     0.0146     2.7840     2.4814  1.9548229  1.1097385   48.49490  -46.73062    34.8840    34.9007     3.8261     3.8258    27.7120    27.7254    6.24734    6.36714         24 0.0000e+00
      73986   3082.694    570.000     3.8672   3.259513     3.8668   3.260895      94.33     0.0115     2.7842     2.4823  1.9547783  1.1096649   48.49490  -46.73062    34.8839    34.9007     3.8261     3.8257    27.7120    27.7254    6.24044    6.37115         27 0.0000e+00
      74012   3083.789    569.000     3.8673   3.259476     3.8669   3.260858      95.78     0.0119     2.7848     2.4833  1.9537508  1.1096947   48.49490  -46.73062    34.8839    34.9007     3.8263     3.8259    27.7119    27.7254    6.24203    6.37326         25 0.0000e+00
      74036   3084.776    568.000     3.8674   3.259446     3.8670   3.260822      96.02     0.0100     2.7853     2.4837  1.9537686  1.1097796   48.49490  -46.73062    34.8839    34.9007     3.8266     3.8261    27.7119    27.7253    6.24285    6.36236         22 0.0000e+00
      74056   3085.630    567.000     3.8679   3.259436     3.8673   3.260806      95.99     0.0125     2.7852     2.4833  1.9536656  1.1098261   48.49490  -46.73062    34.8838    34.9007     3.8271     3.8283    27.7118    27.7253    6.23181    6.35687         19 0.0000e+00
      74074   3086.372    566.000     3.8682   3.259407     3.8678   3.260778      95.74     0.0132     2.7845     2.4832  1.9538349  1.1098135   48.49490  -46.73062    34.8837    34.9004     3.8274     3.8270    27.7117    27.7250    6.23277    6.35236         16 0.0000e+00
      74090   3087.031    565.000     3.8683   3.259369     3.8680   3.260755      95.88     0.0132     2.7851     2.4824  1.9539859  1.1096587   48.49490  -46.73062    34.8836    34.9004     3.8276     3.8273    27.7116    27.7250    6.23855    6.35353         16 0.0000e+00
      74106   3087.728    564.000     3.8685   3.259345     3.8682   3.260726      95.25     0.0149     2.7852     2.4828  1.9550244  1.1098219   48.49490  -46.73062    34.8837    34.9004     3.8279     3.8276    27.7116    27.7250    6.23411    6.36354         18 0.0000e+00
      74127   3088.572    563.000     3.8686   3.259313     3.8682   3.260687      95.30     0.0109     2.7846     2.4834  1.9550875  1.1098891   48.49489  -46.73062    34.8838    34.9005     3.8281     3.8277    27.7117    27.7250    6.22761    6.36494         23 0.0000e+00
      74152   3089.645    562.000     3.8686   3.259268     3.8684   3.260656      96.03     0.0105     2.7843     2.4836  1.9549100  1.1097058   48.49488  -46.73061    34.8837    34.9004     3.8282     3.8279    27.7116    27.7250    6.22706    6.36077         27 0.0000e+00
      74177   3090.649    561.000     3.8686   3.259222     3.8684   3.260608      95.99     0.0149     2.7843     2.4841  1.9548206  1.1097754   48.49488  -46.73060    34.8837    34.9004     3.8283     3.8280    27.7116    27.7249    6.23713    6.37261         21 0.0000e+00
      74196   3091.448    560.000     3.8685   3.259167     3.8683   3.260546      92.99     0.0156     2.7853     2.4852  1.9538605  1.1098229   48.49488  -46.73060    34.8837    34.9003     3.8282     3.8280    27.7116    27.7249    6.24000    6.37432         18 0.0000e+00
      74212   3092.123    559.000     3.8683   3.259104     3.8681   3.260487      63.03     0.0119     2.7853     2.4856  1.9536029  1.1098899   48.49490  -46.73060    34.8837    34.9003     3.8281     3.8279    27.7116    27.7249    6.23249    6.36348         15 0.0000e+00
      74227   3092.748    558.000     3.8682   3.259047     3.8680   3.260441      95.55     0.0104     2.7852     2.4853  1.9536020  1.1098901   48.49490  -46.73061    34.8836    34.9004     3.8281     3.8278    27.7115    27.7250    6.23261    6.35858         15 0.0000e+00
      74242   3093.370    557.000     3.8684   3.259014     3.8680   3.260387      95.73     0.0112     2.7859     2.4852  1.9544908  1.1098093   48.49490  -46.73062    34.8835    34.9003     3.8284     3.8279    27.7114    27.7249    6.23746    6.36317         15 0.0000e+00
      74259   3094.063    556.000     3.8693   3.259042     3.8688   3.260398      94.96     0.0112     2.7861     2.4858  1.9548231  1.1098223   48.49490  -46.73060    34.8835    34.9002     3.8293     3.8288    27.7113    27.7246    6.23289    6.36601         18 0.0000e+00
      74281   3094.996    555.000     3.8700   3.259073     3.8699   3.260460      95.60     0.0111     2.7860     2.4860  1.9544616  1.1098468   48.49490  -46.73061    34.8836    34.9002     3.8301     3.8300    27.7113    27.7245    6.23411    6.36610         29 0.0000e+00
      74314   3096.375    554.000     3.8707   3.259074     3.8703   3.260447      96.00     0.0078     2.7864     2.4871  1.9535748  1.1098151   48.49490  -46.73062    34.8834    34.9002     3.8309     3.8304    27.7111    27.7245    6.23195    6.37409         33 0.0000e+00
      74341   3097.512    553.000     3.8714   3.259096     3.8711   3.260480      94.89     0.0063     2.7874     2.4883  1.9545674  1.1097300   48.49490  -46.73062    34.8834    34.9003     3.8317     3.8313    27.7110    27.7245    6.24754    6.37640         23 0.0000e+00
      74362   3098.360    552.000     3.8729   3.259209     3.8722   3.260545      65.99     0.0079     2.7881     2.4887  1.9548247  1.1098912   48.49490  -46.73062    34.8837    34.9004     3.8332     3.8325    27.7111    27.7245    6.23498    6.36818         18 0.0000e+00
      74380   3099.118    551.000     3.8743   3.259305     3.8736   3.260650      96.42     0.0140     2.7879     2.4887  1.9544085  1.1097519   48.49490  -46.73060    34.8840    34.9007     3.8346     3.8339    27.7111    27.7245    6.23504    6.35941         18 0.0000e+00
      74398   3099.855    550.000     3.8746   3.259294     3.8740   3.260646      94.77     0.0126     2.7885     2.4883  1.9536010  1.1098902   48.49490  -46.73061    34.8840    34.9007     3.8350     3.8344    27.7112    27.7245    6.23584    6.34982         18 0.0000e+00
      74416   3100.637    549.000     3.8749   3.259280     3.8744   3.260640      95.35     0.0111     2.7884     2.4873  1.9536020  1.1098901   48.49490  -46.73061    34.8840    34.9007     3.8355     3.8349    27.7111    27.7245    6.23312    6.34875         20 0.0000e+00
      74437   3101.490    548.000     3.8752   3.259252     3.8747   3.260627      96.00     0.0119     2.7888     2.4870  1.9536020  1.1098901   48.49490  -46.73060    34.8840    34.9008     3.8358     3.8353    27.7110    27.7245    6.22844    6.35887         21 0.0000e+00
      74459   3102.400    547.000     3.8754   3.259228     3.8749   3.260597      95.98     0.0101     2.7884     2.4877  1.9536020  1.1098901   48.49490  -46.73062    34.8840    34.9007     3.8360     3.8356    27.7110    27.7244    6.23058    6.36513         22 0.0000e+00
      74480   3103.286    546.000     3.8765   3.259301     3.8761   3.260658      95.98     0.0138     2.7887     2.4881  1.9535398  1.1098901   48.49490  -46.73060    34.8842    34.9008     3.8373     3.8368    27.7110    27.7243    6.23635    6.36335         20 0.0000e+00
      74499   3104.068    545.000     3.8816   3.259746     3.8815   3.261111      95.16     0.0134     2.7896     2.4882  1.9536024  1.1098901   48.49490  -46.73060    34.8846    34.9010     3.8424     3.8422    27.7109    27.7239    6.23336    6.35864         18 0.0000e+00
      74515   3104.759    544.000     3.8869   3.260208     3.8872   3.261627      95.03     0.0144     2.7889     2.4884  1.9536020  1.1098901   48.49490  -46.73060    34.8850    34.9016     3.8478     3.8480    27.7106    27.7238    6.22506    6.35438         16 0.0000e+00
      74531   3105.408    543.000     3.8898   3.260433     3.8898   3.261838      90.95     0.0151     2.7892     2.4883  1.9536020  1.1098901   48.49490  -46.73060    34.8851    34.9018     3.8507     3.8507    27.7104    27.7237    6.23217    6.35158         15 0.0000e+00
      74546   3106.060    542.000     3.8908   3.260484     3.8906   3.261872      17.15     0.0132     2.7899     2.4880  1.9536020  1.1098901   48.49490  -46.73060    34.8852    34.9019     3.8518     3.8516    27.7104    27.7237    6.23427    6.35143         16 0.0000e+00
      74563   3106.766    541.000     3.8911   3.260461     3.8908   3.261847      93.99     0.0102     2.7902     2.4882  1.9536020  1.1098901   48.49490  -46.73060    34.8851    34.9020     3.8522     3.8518    27.7103    27.7237    6.23009    6.35251         18 0.0000e+00
      74583   3107.573    540.000     3.8911   3.260417     3.8907   3.261796      95.19     0.0120     2.7902     2.4882  1.9536020  1.1109802   48.49490  -46.73060    34.8852    34.9019     3.8522     3.8518    27.7103    27.7237    6.22738    6.35006         21 0.0000e+00
      74605   3108.491    539.000     3.8910   3.260357     3.8907   3.261750      94.11     0.0145     2.7904     2.4882  1.9536020  1.1111101   48.49490  -46.73060    34.8851    34.9019     3.8522     3.8519    27.7102    27.7237    6.23102    6.35276         23 0.0000e+00
      74631   3109.576    538.000     3.8909   3.260300     3.8906   3.261693      92.65     0.0107     2.7913     2.4887  1.9545641  1.1111112   48.49490  -46.73060    34.8850    34.9019     3.8522     3.8519    27.7102    27.7236    6.24021    6.35869         29 0.0000e+00
