data/CTD/2013/CNV/U021A029.CNV
* Sea-Bird SBE 9 Data File:
* FileName = C:\CTD_ACQUISITION\2013021HUD\ctddata\021A029.hdr
* Software Version Seasave V 7.22.2
* Temperature SN = 5081
* Conductivity SN = 3561
* Number of Bytes Per Scan = 37
* Number of Voltage Words = 4
* Number of Scans Averaged by the Deck Unit = 1
* NMEA Latitude = 47 58.52 N
* NMEA Longitude = 046 09.24 W
* NMEA UTC (Time) = Jul 03 2013 02:14:03
* NMEA baud rate = 9600
** Ship: Hudson
** Cruise: HUD2013021
** Chief_Scientist: Greenan
** Organization: BIO
** Area_of_Operation: Sackville Spur
** Station: 29
** Sounding:  1088
** Event_Comments: SS17  393133
# nquan = 25
# nvalues = 1077                        
# units = specified
# name 0 = scan: Scan Count
# name 1 = timeS: Time, Elapsed [seconds]
# name 2 = prDM: Pressure, Digiquartz [db]
# name 3 = t068C: Temperature [ITS-68, deg C]
# name 4 = c0S/m: Conductivity [S/m]
# name 5 = t168C: Temperature, 2 [ITS-68, deg C]
# name 6 = c1S/m: Conductivity, 2 [S/m]
# name 7 = altM: Altimeter [m]
# name 8 = flCUVA: Fluorescence, Chelsea UV Aquatracka [ug/l]
# name 9 = sbeox0V: Oxygen raw, SBE 43 [V]
# name 10 = sbeox1V: Oxygen raw, SBE 43, 2 [V]
# name 11 = upoly0: Upoly 0, Optode 4330F - O2 D-Phase
# name 12 = upoly1: Upoly 1, Optode 4330F - O2 Temp
# name 13 = latitude: Latitude [deg]
# name 14 = longitude: Longitude [deg]
# name 15 = sal00: Salinity, Practical [PSU]
# name 16 = sal11: Salinity, Practical, 2 [PSU]
# name 17 = potemp068C: Potential Temperature [ITS-68, deg C]
# name 18 = potemp168C: Potential Temperature, 2 [ITS-68, deg C]
# name 19 = sigma-é00: Density [sigma-theta, Kg/m^3]
# name 20 = sigma-é11: Density, 2 [sigma-theta, Kg/m^3]
# name 21 = sbeox0ML/L: Oxygen, SBE 43 [ml/l], WS = 2
# name 22 = sbeox1ML/L: Oxygen, SBE 43, 2 [ml/l], WS = 2
# name 23 = nbin: number of scans per bin
# name 24 = flag: flag
# span 0 =      39720,      66027       
# span 1 =   1654.942,   2751.084       
# span 2 =      1.000,   1077.000       
# span 3 =     0.1934,     5.8243       
# span 4 =   2.813916,   3.292615       
# span 5 =     0.1686,     5.8237       
# span 6 =   2.810972,   3.293938       
# span 7 =      -1.83,     108.38       
# span 8 =     0.0055,     0.4209       
# span 9 =     2.5178,     3.3904       
# span 10 =     2.2645,     3.0302      
# span 11 =  1.7338214,  2.0391830      
# span 12 =  0.6935125,  1.3543339      
# span 13 =   47.97539,   47.97572      
# span 14 =  -46.15311,  -46.15226      
# span 15 =    32.5960,    34.9143      
# span 16 =    32.6110,    34.9304      
# span 17 =     0.1918,     5.8242      
# span 18 =     0.1670,     5.8236      
# span 19 =    25.6754,    27.7565      
# span 20 =    25.6873,    27.7695      
# span 21 =    5.84733,    8.55474      
# span 22 =    6.06334,    8.56757      
# span 23 =          8,        288      
# span 24 = 0.0000e+00, 0.0000e+00      
# interval = decibars: 1                
# start_time = Jul 03 2013 02:14:03 [NMEA time, header]
# bad_flag = -9.990e-29
*END*
[from data line 580]
      53999   2249.917    497.000     4.2488   3.292449     4.2494   3.293856      14.03     0.0128     2.7633     2.4654  1.9664506  1.1550672   47.97570  -46.15264    34.9081    34.9240     4.2118     4.2124    27.6908    27.7034    6.05749    6.17984         12 0.0000e+00
      54010   2250.393    496.000     4.2494   3.292431     4.2497   3.293809      63.36     0.0153     2.7641     2.4651  1.9650061  1.1550672   47.97570  -46.15264    34.9078    34.9237     4.2125     4.2128    27.6905    27.7031    6.05792    6.17573         12 0.0000e+00
      54022   2250.858    495.000     4.2482   3.292246     4.2471   3.293456      95.03     0.0167     2.7636     2.4647  1.9647121  1.1550672   47.97570  -46.15264    34.9074    34.9228     4.2114     4.2102    27.6902    27.7026    6.05250    6.17095         11 0.0000e+00
      54033   2251.341    494.000     4.2445   3.291788     4.2415   3.292812      96.14     0.0173     2.7635     2.4646  1.9645939  1.1550672   47.97570  -46.15264    34.9064    34.9216     4.2077     4.2048    27.6899    27.7023    6.05233    6.16925         12 0.0000e+00
      54046   2251.890    493.000     4.2400   3.291273     4.2382   3.292412      93.08     0.0188     2.7636     2.4636  1.9645909  1.1550672   47.97570  -46.15264    34.9056    34.9210     4.2034     4.2015    27.6897    27.7021    6.05469    6.16426         14 0.0000e+00
      54064   2252.614    492.000     4.2394   3.291151     4.2372   3.292263      77.68     0.0184     2.7638     2.4632  1.9650689  1.1555452   47.97570  -46.15264    34.9054    34.9209     4.2028     4.2006    27.6896    27.7021    6.05067    6.16850         22 0.0000e+00
      54093   2253.844    491.000     4.2402   3.291188     4.2389   3.292392      93.84     0.0163     2.7633     2.4636  1.9652791  1.1559484   47.97570  -46.15264    34.9054    34.9211     4.2037     4.2023    27.6895    27.7021    6.05858    6.19323         37 0.0000e+00
      54127   2255.262    490.000     4.2443   3.291611     4.2405   3.292535      82.50     0.0128     2.7659     2.4669  1.9646275  1.1550596   47.97570  -46.15264    34.9066    34.9216     4.2079     4.2040    27.6900    27.7023    6.08614    6.22111         29 0.0000e+00
      54158   2256.523    489.000     4.2428   3.291388     4.2397   3.292369      96.20     0.0142     2.7693     2.4699  1.9646291  1.1550672   47.97571  -46.15264    34.9061    34.9210     4.2065     4.2033    27.6898    27.7019    6.09269    6.20961         32 0.0000e+00
      54188   2257.786    488.000     4.2372   3.290744     4.2263   3.290955      91.22     0.0155     2.7712     2.4702  1.9647294  1.1550672   47.97572  -46.15264    34.9050    34.9190     4.2010     4.1900    27.6895    27.7018    6.09030    6.19619         27 0.0000e+00
      54211   2258.735    487.000     4.2256   3.289685     4.1999   3.288228      82.32     0.0119     2.7727     2.4703  1.9645901  1.1559268   47.97572  -46.15264    34.9053    34.9153     4.1895     4.1638    27.6909    27.7017    6.08575    6.20367         20 0.0000e+00
      54228   2259.478    486.000     4.1977   3.286702     4.1823   3.286316      96.12     0.0149     2.7726     2.4707  1.9645909  1.1562877   47.97572  -46.15264    34.9001    34.9119     4.1618     4.1463    27.6898    27.7008    6.08904    6.21033         16 0.0000e+00
      54244   2260.127    485.000     4.1791   3.284548     4.1727   3.285229      96.13     0.0146     2.7738     2.4709  1.9645909  1.1562881   47.97572  -46.15264    34.8950    34.9097     4.1433     4.1369    27.6876    27.7000    6.09622    6.21368         15 0.0000e+00
      54259   2260.739    484.000     4.1760   3.284135     4.1744   3.285312      54.52     0.0164     2.7737     2.4715  1.9651223  1.1553138   47.97572  -46.15264    34.8938    34.9094     4.1403     4.1387    27.6870    27.6996    6.09051    6.21367         14 0.0000e+00
      54273   2261.341    483.000     4.1809   3.284552     4.1883   3.286638      66.63     0.0158     2.7741     2.4716  1.9654086  1.1550639   47.97572  -46.15264    34.8941    34.9109     4.1453     4.1526    27.6867    27.6993    6.08694    6.21284         15 0.0000e+00
      54288   2261.953    482.000     4.1958   3.285907     4.2011   3.287856      91.46     0.0166     2.7737     2.4724  1.9657279  1.1550672   47.97572  -46.15264    34.8949    34.9123     4.1602     4.1654    27.6858    27.6991    6.07822    6.21224         15 0.0000e+00
      54304   2262.624    481.000     4.2029   3.286641     4.2127   3.288998      96.15     0.0155     2.7740     2.4727  1.9648793  1.1524132   47.97572  -46.15264    34.8962    34.9140     4.1673     4.1771    27.6861    27.6992    6.07754    6.20718         17 0.0000e+00
      54324   2263.458    480.000     4.2058   3.286969     4.2247   3.290165      96.15     0.0104     2.7736     2.4730  1.9646478  1.1510329   47.97572  -46.15264    34.8979    34.9156     4.1703     4.1891    27.6871    27.6992    6.07637    6.20529         24 0.0000e+00
      54353   2264.681    479.000     4.2080   3.287131     4.2280   3.290476      84.00     0.0101     2.7730     2.4735  1.9638766  1.1519023   47.97572  -46.15264    34.8980    34.9163     4.1726     4.1925    27.6869    27.6993    6.07334    6.19797         34 0.0000e+00
      54384   2265.960    478.000     4.1989   3.286172     4.2270   3.290369      96.59     0.0095     2.7739     2.4730  1.9633522  1.1526506   47.97572  -46.15263    34.8968    34.9166     4.1636     4.1916    27.6870    27.6997    6.08214    6.19695         25 0.0000e+00
      54405   2266.837    477.000     4.2169   3.287880     4.2274   3.290339      93.53     0.0146     2.7737     2.4734  1.9633700  1.1536011   47.97572  -46.15262    34.8985    34.9164     4.1816     4.1920    27.6864    27.6995    6.07349    6.20532         18 0.0000e+00
      54422   2267.549    476.000     4.2250   3.288681     4.2275   3.290311      73.85     0.0156     2.7738     2.4739  1.9633700  1.1538488   47.97572  -46.15262    34.8999    34.9165     4.1897     4.1922    27.6867    27.6996    6.07654    6.20728         17 0.0000e+00
      54438   2268.216    475.000     4.2253   3.288677     4.2270   3.290209      51.94     0.0125     2.7741     2.4743  1.9633700  1.1538461   47.97572  -46.15264    34.9001    34.9164     4.1901     4.1917    27.6867    27.6995    6.07956    6.20810         16 0.0000e+00
      54455   2268.924    474.000     4.2241   3.288537     4.2250   3.289952      49.66     0.0112     2.7746     2.4750  1.9633700  1.1538461   47.97572  -46.15264    34.9002    34.9164     4.1890     4.1898    27.6869    27.6997    6.07667    6.20747         18 0.0000e+00
      54477   2269.815    473.000     4.2223   3.288295     4.2167   3.289091      87.18     0.0128     2.7748     2.4751  1.9633700  1.1538461   47.97572  -46.15264    34.8998    34.9152     4.1872     4.1816    27.6868    27.6996    6.07369    6.20106         26 0.0000e+00
      54509   2271.176    472.000     4.2192   3.287918     4.2102   3.288357      82.18     0.0173     2.7745     2.4747  1.9630576  1.1538808   47.97572  -46.15264    34.8992    34.9138     4.1843     4.1753    27.6866    27.6992    6.06695    6.19673         36 0.0000e+00
      54538   2272.367    471.000     4.2192   3.287830     4.2098   3.288221      95.17     0.0189     2.7736     2.4742  1.9624255  1.1538446   47.97572  -46.15264    34.8987    34.9133     4.1843     4.1765    27.6862    27.6989    6.06241    6.18404         20 0.0000e+00
      54555   2273.074    470.000     4.2092   3.286809     4.2015   3.287351      83.98     0.0155     2.7736     2.4731  1.9598196  1.1538461   47.97572  -46.15262    34.8977    34.9123     4.1744     4.1667    27.6865    27.6989    6.07177    6.18229         16 0.0000e+00
      54569   2273.668    469.000     4.1993   3.285725     4.1972   3.286843      77.30     0.0143     2.7742     2.4727  1.9598006  1.1538461   47.97572  -46.15262    34.8959    34.9113     4.1647     4.1625    27.6861    27.6986    6.07139    6.18746         13 0.0000e+00
      54582   2274.221    468.000     4.1961   3.285331     4.1952   3.286586      95.88     0.0130     2.7738     2.4727  1.9597942  1.1538461   47.97572  -46.15262    34.8952    34.9109     4.1616     4.1607    27.6859    27.6985    6.06977    6.19062         14 0.0000e+00
      54596   2274.792    467.000     4.1971   3.285357     4.1975   3.286741      96.15     0.0136     2.7739     2.4725  1.9608878  1.1530889   47.97572  -46.15263    34.8949    34.9109     4.1626     4.1630    27.6856    27.6982    6.06441    6.19132         14 0.0000e+00
      54611   2275.435    466.000     4.2013   3.285727     4.2041   3.287358      96.11     0.0111     2.7730     2.4727  1.9605818  1.1533332   47.97572  -46.15264    34.8954    34.9117     4.1669     4.1696    27.6855    27.6982    6.05964    6.19260         17 0.0000e+00
      54631   2276.247    465.000     4.2026   3.285839     4.2059   3.287510      77.32     0.0112     2.7729     2.4728  1.9614561  1.1529156   47.97572  -46.15264    34.8958    34.9121     4.1683     4.1715    27.6857    27.6982    6.06200    6.19495         22 0.0000e+00
      54657   2277.352    464.000     4.2032   3.285852     4.2058   3.287444      95.53     0.0152     2.7737     2.4737  1.9604822  1.1514071   47.97572  -46.15264    34.8959    34.9120     4.1689     4.1715    27.6857    27.6982    6.08326    6.21100         30 0.0000e+00
      54688   2278.641    463.000     4.2002   3.285506     4.2033   3.287187      86.52     0.0110     2.7763     2.4766  1.9606221  1.1520883   47.97572  -46.15264    34.8956    34.9120     4.1660     4.1691    27.6857    27.6985    6.10857    6.23377         32 0.0000e+00
      54725   2280.173    462.000     4.2041   3.285852     4.2020   3.286993      80.93     0.0136     2.7820     2.4810  1.9609700  1.1526424   47.97572  -46.15264    34.8960    34.9117     4.1700     4.1679    27.6856    27.6983    6.12913    6.24946         39 0.0000e+00
      54755   2281.422    461.000     4.1976   3.285127     4.1944   3.286216      96.99     0.0159     2.7860     2.4842  1.9606684  1.1526252   47.97572  -46.15262    34.8948    34.9112     4.1636     4.1603    27.6854    27.6987    6.13490    6.25466         20 0.0000e+00
      54771   2282.100    460.000     4.1774   3.282948     4.1747   3.284074      82.46     0.0170     2.7879     2.4860  1.9615158  1.1526252   47.97572  -46.15262    34.8910    34.9072     4.1435     4.1409    27.6845    27.6976    6.13507    6.25621         15 0.0000e+00
      54784   2282.636    459.000     4.1544   3.280470     4.1565   3.282032      72.29     0.0186     2.7887     2.4868  1.9610291  1.1526252   47.97572  -46.15262    34.8866    34.9029     4.1207     4.1227    27.6834    27.6962    6.13184    6.25159         11 0.0000e+00
      54795   2283.093    458.000     4.1366   3.278514     4.1342   3.279696      96.74     0.0160     2.7900     2.4868  1.9603584  1.1526252   47.97572  -46.15264    34.8829    34.8994     4.1030     4.1006    27.6823    27.6957    6.13966    6.24608         11 0.0000e+00
      54805   2283.517    457.000     4.1248   3.277250     4.1208   3.278238      96.15     0.0146     2.7896     2.4873  1.9614080  1.1526252   47.97572  -46.15264    34.8810    34.8969     4.0914     4.0874    27.6820    27.6951    6.13717    6.24789         10 0.0000e+00
      54816   2283.946    456.000     4.1195   3.276667     4.1167   3.277751      96.15     0.0149     2.7914     2.4871  1.9614162  1.1526252   47.97569  -46.15266    34.8802    34.8960     4.0862     4.0833    27.6819    27.6948    6.13929    6.25039         10 0.0000e+00
      54827   2284.396    455.000     4.1172   3.276370     4.1158   3.277601      96.15     0.0159     2.7915     2.4874  1.9619461  1.1521158   47.97568  -46.15266    34.8797    34.8957     4.0839     4.0825    27.6818    27.6947    6.12999    6.25315         12 0.0000e+00
      54839   2284.925    454.000     4.1157   3.276191     4.1133   3.277297      90.41     0.0139     2.7913     2.4883  1.9645309  1.1490337   47.97568  -46.15268    34.8797    34.8953     4.0825     4.0801    27.6819    27.6946    6.12457    6.25606         14 0.0000e+00
      54874   2286.383    453.000     4.1191   3.276510     4.1167   3.277621      72.29     0.0124     2.7919     2.4887  1.9625518  1.1470789   47.97570  -46.15266    34.8803    34.8961     4.0860     4.0835    27.6821    27.6949    6.12649    6.25040         70 0.0000e+00
      54939   2289.098    452.000     4.1255   3.277130     4.1178   3.277698      84.12     0.0092     2.7924     2.4897  1.9593830  1.1429350   47.97572  -46.15261    34.8814    34.8963     4.0925     4.0848    27.6823    27.6949    6.12898    6.25144         28 0.0000e+00
      54955   2289.750    451.000     4.1262   3.277157     4.1204   3.277914      90.90     0.0092     2.7932     2.4899  1.9598504  1.1426421   47.97572  -46.15262    34.8816    34.8966     4.0932     4.0874    27.6823    27.6949    6.13258    6.24932         17 0.0000e+00
      54971   2290.425    450.000     4.1244   3.276916     4.1224   3.278075      80.72     0.0132     2.7936     2.4900  1.9598700  1.1424477   47.97572  -46.15262    34.8813    34.8970     4.0915     4.0895    27.6822    27.6950    6.13253    6.25072         15 0.0000e+00
      54986   2291.044    449.000     4.1210   3.276513     4.1203   3.277817      84.22     0.0143     2.7942     2.4903  1.9597063  1.1416332   47.97569  -46.15266    34.8806    34.8967     4.0881     4.0875    27.6820    27.6949    6.12795    6.25311         15 0.0000e+00
      55001   2291.659    448.000     4.1231   3.276686     4.1254   3.278200      75.99     0.0162     2.7935     2.4909  1.9597069  1.1416361   47.97568  -46.15266    34.8809    34.8964     4.0903     4.0926    27.6821    27.6941    6.12471    6.25080         15 0.0000e+00
      55017   2292.331    447.000     4.1274   3.277050     4.1309   3.278728      95.44     0.0181     2.7942     2.4910  1.9597069  1.1418984   47.97568  -46.15266    34.8811    34.8973     4.0947     4.0982    27.6818    27.6943    6.12525    6.24156         18 0.0000e+00
      55037   2293.147    446.000     4.1302   3.277304     4.1324   3.278839      96.15     0.0162     2.7939     2.4903  1.9597069  1.1428339   47.97568  -46.15266    34.8817    34.8975     4.0976     4.0998    27.6819    27.6943    6.12349    6.23392         21 0.0000e+00
      55059   2294.100    445.000     4.1302   3.277252     4.1317   3.278720      81.08     0.0149     2.7946     2.4899  1.9597069  1.1428572   47.97568  -46.15266    34.8816    34.8974     4.0977     4.0991    27.6819    27.6943    6.12623    6.23590         23 0.0000e+00
      55082   2295.023    444.000     4.1308   3.277251     4.1329   3.278778      89.26     0.0157     2.7945     2.4897  1.9580373  1.1438708   47.97568  -46.15265    34.8815    34.8973     4.0984     4.1004    27.6817    27.6941    6.12456    6.23491         21 0.0000e+00
      55101   2295.833    443.000     4.1339   3.277496     4.1414   3.279526      96.10     0.0164     2.7949     2.4896  1.9581647  1.1440781   47.97568  -46.15264    34.8816    34.8977     4.1015     4.1090    27.6815    27.6935    6.12886    6.23692         19 0.0000e+00
      55119   2296.583    442.000     4.1438   3.278369     4.1515   3.280495      96.15     0.0171     2.7956     2.4898  1.9581987  1.1440781   47.97569  -46.15264    34.8820    34.8990     4.1115     4.1191    27.6807    27.6934    6.12141    6.23421         17 0.0000e+00
      55137   2297.329    441.000     4.1533   3.279311     4.1569   3.281019      69.86     0.0164     2.7949     2.4897  1.9583565  1.1440781   47.97570  -46.15262    34.8839    34.9000     4.1210     4.1245    27.6812    27.6937    6.10246    6.23046         19 0.0000e+00
