data/CTD/2013/CNV/U021A028.CNV
* Sea-Bird SBE 9 Data File:
* FileName = C:\CTD_ACQUISITION\2013021HUD\ctddata\021A028.hdr
* Software Version Seasave V 7.22.2
* Temperature SN = 5081
* Conductivity SN = 3561
* Number of Bytes Per Scan = 37
* Number of Voltage Words = 4
* Number of Scans Averaged by the Deck Unit = 1
* NMEA Latitude = 47 53.98 N
* NMEA Longitude = 046 03.76 W
* NMEA UTC (Time) = Jul 03 2013 00:44:40
* NMEA baud rate = 9600
** Ship: Hudson
** Cruise: HUD2013021
** Chief_Scientist: Greenan
** Organization: BIO
** Area_of_Operation: Sackville Spur
** Station: 28
** Sounding:  925
** Event_Comments: SS18  393131
# nquan = 25
# nvalues = 905                         
# units = specified
# name 0 = scan: Scan Count
# name 1 = timeS: Time, Elapsed [seconds]
# name 2 = prDM: Pressure, Digiquartz [db]
# name 3 = t068C: Temperature [ITS-68, deg C]
# name 4 = c0S/m: Conductivity [S/m]
# name 5 = t168C: Temperature, 2 [ITS-68, deg C]
# name 6 = c1S/m: Conductivity, 2 [S/m]
# name 7 = altM: Altimeter [m]
# name 8 = flCUVA: Fluorescence, Chelsea UV Aquatracka [ug/l]
# name 9 = sbeox0V: Oxygen raw, SBE 43 [V]
# name 10 = sbeox1V: Oxygen raw, SBE 43, 2 [V]
# name 11 = upoly0: Upoly 0, Optode 4330F - O2 D-Phase
# name 12 = upoly1: Upoly 1, Optode 4330F - O2 Temp
# name 13 = latitude: Latitude [deg]
# name 14 = longitude: Longitude [deg]
# name 15 = sal00: Salinity, Practical [PSU]
# name 16 = sal11: Salinity, Practical, 2 [PSU]
# name 17 = potemp068C: Potential Temperature [ITS-68, deg C]
# name 18 = potemp168C: Potential Temperature, 2 [ITS-68, deg C]
# name 19 = sigma-é00: Density [sigma-theta, Kg/m^3]
# name 20 = sigma-é11: Density, 2 [sigma-theta, Kg/m^3]
# name 21 = sbeox0ML/L: Oxygen, SBE 43 [ml/l], WS = 2
# name 22 = sbeox1ML/L: Oxygen, SBE 43, 2 [ml/l], WS = 2
# name 23 = nbin: number of scans per bin
# name 24 = flag: flag
# span 0 =      34111,      53924       
# span 1 =   1421.234,   2246.791       
# span 2 =      1.000,    905.000       
# span 3 =     1.5280,     6.4956       
# span 4 =   2.943998,   3.370700       
# span 5 =     1.5060,     6.5213       
# span 6 =   2.943714,   3.376411       
# span 7 =       3.49,      99.56       
# span 8 =     0.0062,     0.6889       
# span 9 =     2.6099,     3.3803       
# span 10 =     2.3470,     3.0094      
# span 11 =  1.7366495,  2.0379381      
# span 12 =  0.8594969,  1.3548239      
# span 13 =   47.89938,   47.89964      
# span 14 =  -46.06078,  -46.05990      
# span 15 =    32.7539,    34.9123      
# span 16 =    32.7697,    34.9280      
# span 17 =     1.5258,     6.4934      
# span 18 =     1.5037,     6.5190      
# span 19 =    25.7662,    27.7379      
# span 20 =    25.7790,    27.7505      
# span 21 =    5.56884,    7.91535      
# span 22 =    5.68092,    7.94127      
# span 23 =          8,        102      
# span 24 = 0.0000e+00, 0.0000e+00      
# interval = decibars: 1                
# start_time = Jul 03 2013 00:44:40 [NMEA time, header]
# bad_flag = -9.990e-29
*END*
[from data line 812]
      51948   2164.446     93.000     3.0667   3.121156     3.0849   3.124115      75.57     0.0224     2.9219     2.6012  1.9659497  1.0255039   47.89948  -46.06000    34.3282    34.3449     3.0611     3.0792    27.3433    27.3550    6.49690    6.54680         34 0.0000e+00
      51982   2165.857     92.000     3.0664   3.121264     3.0775   3.123222      86.14     0.0226     2.9336     2.6049  1.9646136  1.0205280   47.89948  -46.06000    34.3305    34.3425     3.0608     3.0719    27.3451    27.3537    6.50606    6.51629         29 0.0000e+00
      52005   2166.817     91.000     3.0692   3.121228     3.0522   3.120805      96.36     0.0267     2.9385     2.6054  1.9635341  1.0202956   47.89948  -46.06000    34.3276    34.3405     3.0637     3.0467    27.3426    27.3544    6.48233    6.52521         19 0.0000e+00
      52021   2167.510     90.000     2.9929   3.113507     2.9481   3.110105      70.59     0.0241     2.9394     2.6067  1.9633673  1.0201031   47.89948  -46.06000    34.3153    34.3215     2.9874     2.9427    27.3397    27.3487    6.48659    6.55158         15 0.0000e+00
      52036   2168.114     89.000     2.8362   3.096801     2.8239   3.097338      73.05     0.0212     2.9414     2.6077  1.9633700  1.0198814   47.89948  -46.06000    34.2785    34.2984     2.8310     2.8186    27.3244    27.3413    6.50342    6.56652         14 0.0000e+00
      52050   2168.707     88.000     2.7260   3.085630     2.7091   3.085613      96.15     0.0203     2.9410     2.6075  1.9645071  1.0191307   47.89948  -46.06000    34.2598    34.2775     2.7209     2.7040    27.3191    27.3347    6.49303    6.57982         15 0.0000e+00
      52065   2169.319     87.000     2.6324   3.076283     2.6106   3.075450      96.15     0.0199     2.9386     2.6078  1.9648279  1.0192883   47.89948  -46.06001    34.2453    34.2584     2.6275     2.6056    27.3156    27.3280    6.50413    6.60590         15 0.0000e+00
      52081   2170.008     86.000     2.5915   3.071920     2.5451   3.068494      96.20     0.0194     2.9389     2.6088  1.9647286  1.0187324   47.89948  -46.06002    34.2359    34.2433     2.5866     2.5403    27.3116    27.3214    6.51806    6.62304         18 0.0000e+00
      52102   2170.868     85.000     2.5512   3.068007     2.5197   3.065890      67.47     0.0219     2.9374     2.6095  1.9666635  0.9981881   47.89948  -46.06002    34.2314    34.2389     2.5464     2.5149    27.3114    27.3201    6.50766    6.61493         24 0.0000e+00
      52134   2172.224     84.000     2.5775   3.070481     2.4821   3.062010      83.47     0.0240     2.9338     2.6082  1.9661534  0.9883944   47.89947  -46.06002    34.2343    34.2318     2.5727     2.4774    27.3115    27.3175    6.48141    6.60603         43 0.0000e+00
      52177   2174.005     83.000     2.5153   3.064005     2.4786   3.061331      62.13     0.0283     2.9282     2.6075  1.9643331  0.9766569   47.89946  -46.06002    34.2215    34.2277     2.5106     2.4740    27.3065    27.3145    6.48418    6.61519         34 0.0000e+00
      52201   2174.993     82.000     2.4888   3.061222     2.4482   3.058155      96.52     0.0258     2.9265     2.6076  1.9620515  0.9669039   47.89946  -46.06002    34.2160    34.2215     2.4842     2.4437    27.3043    27.3122    6.49660    6.62022         18 0.0000e+00
      52217   2175.659     81.000     2.4011   3.050528     2.4030   3.052480      96.10     0.0229     2.9262     2.6075  1.9621502  0.9670330   47.89946  -46.06002    34.1781    34.2003     2.3967     2.3985    27.2814    27.2989    6.52282    6.62952         14 0.0000e+00
      52231   2176.237     80.000     2.4035   3.049894     2.4061   3.051834      91.38     0.0234     2.9259     2.6078  1.9621489  0.9670330   47.89946  -46.06002    34.1682    34.1896     2.3991     2.4016    27.2732    27.2901    6.51461    6.62232         14 0.0000e+00
      52244   2176.786     79.000     2.4191   3.051011     2.4201   3.052608      50.84     0.0276     2.9256     2.6076  1.9668872  0.9589500   47.89946  -46.06002    34.1659    34.1847     2.4147     2.4157    27.2701    27.2850    6.49000    6.59206         13 0.0000e+00
      52257   2177.339     78.000     2.4290   3.051793     2.4297   3.053261      90.73     0.0261     2.9231     2.6052  1.9670304  0.9584959   47.89946  -46.06002    34.1656    34.1831     2.4246     2.4254    27.2690    27.2829    6.44419    6.54736         14 0.0000e+00
      52272   2177.942     77.000     2.4276   3.051561     2.4218   3.052355      96.22     0.0260     2.9185     2.6010  1.9670329  0.9584860   47.89946  -46.06002    34.1648    34.1808     2.4234     2.4176    27.2685    27.2818    6.42020    6.52609         15 0.0000e+00
      52289   2178.686     76.000     2.4195   3.050689     2.4097   3.050651      96.37     0.0282     2.9143     2.5973  1.9662429  0.9539148   47.89946  -46.06002    34.1632    34.1732     2.4153     2.4055    27.2679    27.2767    6.44586    6.56478         21 0.0000e+00
      52325   2180.164     75.000     2.4178   3.050406     2.4201   3.051498      83.98     0.0241     2.9171     2.6008  1.9653958  0.9511260   47.89945  -46.06004    34.1621    34.1732     2.4136     2.4159    27.2671    27.2758    6.53561    6.63351         55 0.0000e+00
      52375   2182.268     74.000     2.4204   3.051152     2.4229   3.051877      72.18     0.0235     2.9271     2.6065  1.9645249  0.9483971   47.89944  -46.06004    34.1691    34.1754     2.4164     2.4188    27.2725    27.2773    6.57200    6.65134         32 0.0000e+00
      52396   2183.129     73.000     2.4232   3.050730     2.4366   3.052369      96.79     0.0239     2.9302     2.6096  1.9645909  0.9424624   47.89944  -46.06004    34.1615    34.1674     2.4192     2.4326    27.2661    27.2698    6.56864    6.66192         16 0.0000e+00
      52411   2183.738     72.000     2.3633   3.043363     2.3588   3.043714      96.23     0.0265     2.9320     2.6110  1.9645909  0.9426129   47.89944  -46.06004    34.1348    34.1440     2.3594     2.3549    27.2498    27.2575    6.57502    6.67602         14 0.0000e+00
      52423   2184.268     71.000     2.1983   3.025760     2.1913   3.026484      90.44     0.0296     2.9329     2.6122  1.9645909  0.9426129   47.89944  -46.06004    34.0934    34.1100     2.1946     2.1875    27.2300    27.2438    6.60633    6.71382         12 0.0000e+00
      52435   2184.760     70.000     2.0454   3.010147     2.0240   3.009173      49.80     0.0309     2.9342     2.6143  1.9659857  0.9418160   47.89944  -46.06004    34.0600    34.0741     2.0448     2.0204    27.2151    27.2282    6.63560    6.74704         12 0.0000e+00
      52447   2185.244     69.000     1.9803   3.002879     1.9800   3.004032      85.45     0.0322     2.9354     2.6149  1.9660337  0.9420549   47.89944  -46.06004    34.0428    34.0576     1.9768     1.9764    27.2066    27.2185    6.65420    6.75649         11 0.0000e+00
      52459   2185.745     68.000     1.9893   3.003246     2.0095   3.006362      96.06     0.0343     2.9357     2.6161  1.9660932  0.9419565   47.89944  -46.06004    34.0383    34.0556     1.9858     2.0060    27.2023    27.2146    6.65570    6.75863         13 0.0000e+00
      52473   2186.324     67.000     2.0227   3.006187     2.0576   3.010489      96.15     0.0359     2.9380     2.6183  1.9674984  0.9380371   47.89944  -46.06004    34.0398    34.0562     2.0192     2.0541    27.2009    27.2113    6.65786    6.75470         15 0.0000e+00
      52496   2187.298     66.000     2.0377   3.007472     2.0774   3.012249      96.16     0.0318     2.9399     2.6196  1.9734937  0.9226885   47.89944  -46.06004    34.0403    34.0574     2.0343     2.0740    27.2002    27.2108    6.64842    6.73720         38 0.0000e+00
      52568   2190.282     65.000     2.0545   3.009434     2.0362   3.008996      77.94     0.0266     2.9449     2.6276  1.9723196  0.9045897   47.89943  -46.06004    34.0475    34.0617     2.0511     2.0328    27.2046    27.2174    6.67243    6.81628         59 0.0000e+00
      52585   2191.016     64.000     2.0535   3.009269     2.0549   3.010570      96.28     0.0244     2.9485     2.6315  1.9682049  0.8960781   47.89942  -46.06004    34.0471    34.0617     2.0501     2.0516    27.2043    27.2159    6.68311    6.79427         15 0.0000e+00
      52598   2191.562     63.000     2.0634   3.009441     2.0673   3.010895      96.18     0.0256     2.9501     2.6322  1.9683557  0.8962149   47.89942  -46.06005    34.0391    34.0531     2.0601     2.0640    27.1972    27.2080    6.68793    6.79512         12 0.0000e+00
      52610   2192.049     62.000     2.0716   3.008798     2.0655   3.009171      96.16     0.0262     2.9513     2.6343  1.9683651  0.8962149   47.89942  -46.06006    34.0228    34.0340     2.0684     2.0623    27.1835    27.1929    6.70313    6.81828         11 0.0000e+00
      52622   2192.535     61.000     2.0894   3.009234     2.0963   3.010881      64.98     0.0275     2.9542     2.6364  1.9682506  0.8965294   47.89942  -46.06006    34.0097    34.0229     2.0862     2.0931    27.1716    27.1816    6.71742    6.83564         12 0.0000e+00
      52634   2193.034     60.000     2.1223   3.011555     2.1215   3.012528      48.46     0.0282     2.9566     2.6395  1.9681613  0.8964970   47.89942  -46.06006    34.0040    34.0170     2.1191     2.1184    27.1644    27.1749    6.72235    6.85169         13 0.0000e+00
      52647   2193.595     59.000     2.1138   3.010282     2.0986   3.009629      94.33     0.0299     2.9600     2.6430  1.9681666  0.8963911   47.89942  -46.06006    33.9977    34.0059     2.1108     2.0956    27.1601    27.1678    6.72425    6.86452         14 0.0000e+00
      52665   2194.339     58.000     2.0875   3.007712     2.0306   3.003098      76.94     0.0322     2.9626     2.6472  1.9677438  0.8975390   47.89942  -46.06006    33.9945    33.9977     2.0845     2.0276    27.1595    27.1666    6.70803    6.85103         23 0.0000e+00
      52699   2195.762     57.000     2.0638   3.005519     2.0320   3.003003      88.94     0.0299     2.9637     2.6469  1.9669288  0.8990555   47.89942  -46.06005    33.9930    33.9958     2.0609     2.0290    27.1601    27.1648    6.69170    6.79083         46 0.0000e+00
      52741   2197.489     56.000     2.0751   3.007029     2.0680   3.006942      72.53     0.0309     2.9652     2.6440  1.9658452  0.8935322   47.89941  -46.06006    34.0003    34.0069     2.0722     2.0651    27.1652    27.1710    6.73280    6.82635         31 0.0000e+00
      52765   2198.493     55.000     2.1376   3.010491     2.0718   3.005501      92.93     0.0378     2.9727     2.6521  1.9652543  0.8943295   47.89940  -46.06006    33.9780    33.9853     2.1347     2.0690    27.1417    27.1534    6.82025    6.95611         20 0.0000e+00
      52785   2199.327     54.000     2.2139   3.015538     2.1690   3.012895      96.34     0.0380     2.9822     2.6617  1.9645795  0.8950053   47.89940  -46.06006    33.9590    33.9741     2.2110     2.1661    27.1211    27.1368    6.84809    6.95998         20 0.0000e+00
      52806   2200.195     53.000     2.2283   3.016374     2.2272   3.017640      85.95     0.0367     2.9927     2.6689  1.9636958  0.8953296   47.89940  -46.06006    33.9546    33.9715     2.2255     2.2244    27.1164    27.1301    6.88031    6.93512         22 0.0000e+00
      52827   2201.100     52.000     2.0897   3.004357     2.1677   3.010797      68.94     0.0373     3.0031     2.6751  1.9571468  0.8980075   47.89940  -46.06006    33.9536    33.9504     2.0870     2.1650    27.1265    27.1179    6.91829    6.99469         21 0.0000e+00
      52847   2201.932     51.000     1.9259   2.986478     1.9162   2.986818      95.31     0.0449     3.0112     2.6852  1.9572649  0.8978190   47.89940  -46.06008    33.9058    33.9205     1.9233     1.9136    27.1009    27.1134    6.94938    7.13717         19 0.0000e+00
      52865   2202.648     50.000     1.8000   2.972457     1.8217   2.975683      64.11     0.0505     3.0160     2.6961  1.9597924  0.9024128   47.89940  -46.06008    33.8652    33.8825     1.7975     1.8192    27.0779    27.0901    6.97492    7.24754         16 0.0000e+00
      52881   2203.314     49.000     1.6740   2.959010     1.6112   2.954408      82.28     0.0565     3.0207     2.7103  1.9609300  0.9047662   47.89940  -46.06008    33.8314    33.8408     1.6717     1.6089    27.0600    27.0720    7.03640    7.36637         16 0.0000e+00
      52897   2203.989     48.000     1.5280   2.943998     1.5060   2.943714      62.85     0.0608     3.0279     2.7236  1.9609280  0.9047619   47.89940  -46.06008    33.7991    33.8192     1.5258     1.5037    27.0445    27.0622    7.10560    7.42952         17 0.0000e+00
      52915   2204.741     47.000     1.5465   2.945275     1.5943   2.950048      95.88     0.0660     3.0354     2.7386  1.9634694  0.8886238   47.89940  -46.06008    33.7959    33.8049     1.5443     1.5921    27.0406    27.0444    7.13631    7.43207         19 0.0000e+00
      52936   2205.618     46.000     1.5915   2.949110     1.7309   2.962016      96.21     0.0712     3.0479     2.7521  1.9644245  0.8836702   47.89940  -46.06008    33.7967    33.8101     1.5893     1.7286    27.0381    27.0387    7.28888    7.37063         23 0.0000e+00
      52958   2206.553     45.000     1.6278   2.952019     1.7139   2.960321      65.57     0.0755     3.0725     2.7615  1.9604682  0.8710334   47.89940  -46.06008    33.7950    33.8075     1.6257     1.7117    27.0341    27.0379    7.37386    7.36160         22 0.0000e+00
      52981   2207.486     44.000     1.6773   2.955466     1.6455   2.953220      90.72     0.0909     3.0902     2.7697  1.9572403  0.8594969   47.89940  -46.06008    33.7860    33.7918     1.6752     1.6434    27.0233    27.0302    7.30156    7.37874         22 0.0000e+00
      53003   2208.417     43.000     1.7287   2.959126     1.7965   2.963742      96.25     0.1084     3.0994     2.7762  1.9563085  0.8611790   47.89940  -46.06008    33.7777    33.7559     1.7266     1.7944    27.0129    26.9904    7.25154    7.37040         23 0.0000e+00
      53028   2209.462     42.000     1.7404   2.959234     2.1297   2.992949      69.73     0.1203     3.1086     2.7866  1.9548465  0.8637729   47.89939  -46.06008    33.7671    33.7738     1.7384     2.1275    27.0035    26.9793    7.29481    7.37966         28 0.0000e+00
      53057   2210.668     41.000     1.9086   2.974737     2.5462   3.030472      57.04     0.1265     3.1228     2.8008  1.9450860  0.8639638   47.89938  -46.06008    33.7825    33.7979     1.9066     2.5440    27.0034    26.9649    7.39426    7.39346         29 0.0000e+00
      53083   2211.753     40.000     1.9593   2.982871     2.8362   3.057391      97.13     0.1352     3.1543     2.8268  1.9388134  0.8635156   47.89938  -46.06008    33.8310    33.8264     1.9573     2.8341    27.0383    26.9630    7.81690    7.70568         22 0.0000e+00
      53102   2212.552     39.000     2.6628   3.042280     2.8864   3.062903      64.03     0.1480     3.2003     2.8645  1.9294200  0.8849957   47.89938  -46.06008    33.8212    33.8382     2.6606     2.8841    26.9736    26.9680    7.91535    7.89613         17 0.0000e+00
      53118   2213.209     38.000     3.0087   3.071295     2.9674   3.069428      76.27     0.1656     3.2398     2.8946  1.9212757  0.9056837   47.89938  -46.06008    33.8126    33.8332     3.0064     2.9652    26.9367    26.9568    7.88757    7.93992         15 0.0000e+00
      53133   2213.842     37.000     3.1048   3.080250     3.0683   3.077973      95.27     0.1758     3.2710     2.9214  1.9215455  0.9058269   47.89938  -46.06008    33.8213    33.8319     3.1025     3.0661    26.9350    26.9467    7.82189    7.94127         16 0.0000e+00
