data/CTD/2013/CNV/U021A055.CNV
* Sea-Bird SBE 9 Data File:
* FileName = C:\CTD_ACQUISITION\2013021HUD\ctddata\021A055.hdr
* Software Version Seasave V 7.22.2
* Temperature SN = 5081
* Conductivity SN = 3561
* Number of Bytes Per Scan = 37
* Number of Voltage Words = 4
* Number of Scans Averaged by the Deck Unit = 1
* NMEA Latitude = 48 38.94 N
* NMEA Longitude = 045 31.50 W
* NMEA UTC (Time) = Jul 05 2013 08:04:59
* NMEA baud rate = 9600
** Ship: Hudson
** Cruise: HUD2013021
** Chief_Scientist: Greenan
** Organization: BIO
** Area_of_Operation: Sackville Spur
** Station: 55
** Sounding:  1100
** Event_Comments: SS22  393219
# nquan = 25
# nvalues = 1130                        
# units = specified
# name 0 = scan: Scan Count
# name 1 = timeS: Time, Elapsed [seconds]
# name 2 = prDM: Pressure, Digiquartz [db]
# name 3 = t068C: Temperature [ITS-68, deg C]
# name 4 = c0S/m: Conductivity [S/m]
# name 5 = t168C: Temperature, 2 [ITS-68, deg C]
# name 6 = c1S/m: Conductivity, 2 [S/m]
# name 7 = altM: Altimeter [m]
# name 8 = flCUVA: Fluorescence, Chelsea UV Aquatracka [ug/l]
# name 9 = sbeox0V: Oxygen raw, SBE 43 [V]
# name 10 = sbeox1V: Oxygen raw, SBE 43, 2 [V]
# name 11 = upoly0: Upoly 0, Optode 4330F - O2 D-Phase
# name 12 = upoly1: Upoly 1, Optode 4330F - O2 Temp
# name 13 = latitude: Latitude [deg]
# name 14 = longitude: Longitude [deg]
# name 15 = sal00: Salinity, Practical [PSU]
# name 16 = sal11: Salinity, Practical, 2 [PSU]
# name 17 = potemp068C: Potential Temperature [ITS-68, deg C]
# name 18 = potemp168C: Potential Temperature, 2 [ITS-68, deg C]
# name 19 = sigma-é00: Density [sigma-theta, Kg/m^3]
# name 20 = sigma-é11: Density, 2 [sigma-theta, Kg/m^3]
# name 21 = sbeox0ML/L: Oxygen, SBE 43 [ml/l], WS = 2
# name 22 = sbeox1ML/L: Oxygen, SBE 43, 2 [ml/l], WS = 2
# name 23 = nbin: number of scans per bin
# name 24 = flag: flag
# span 0 =      33316,      60381       
# span 1 =   1388.116,   2515.846       
# span 2 =      1.000,   1130.000       
# span 3 =     1.8213,     7.1007       
# span 4 =   2.989633,   3.401372       
# span 5 =     1.8140,     7.0924       
# span 6 =   2.989695,   3.403052       
# span 7 =       7.38,      97.34       
# span 8 =     0.0027,     0.4382       
# span 9 =     2.5168,     3.3523       
# span 10 =     2.2631,     3.0071      
# span 11 =  1.7150627,  2.0354203      
# span 12 =  0.8669531,  1.5067515      
# span 13 =   48.64658,   48.64810      
# span 14 =  -45.52560,  -45.52446      
# span 15 =    33.4814,    34.9144      
# span 16 =    33.4580,    34.9308      
# span 17 =     1.8194,     7.1007      
# span 18 =     1.8121,     7.0921      
# span 19 =    26.2281,    27.7569      
# span 20 =    26.2422,    27.7700      
# span 21 =    5.89127,    8.16658      
# span 22 =    6.07856,    8.51980      
# span 23 =         10,        949      
# span 24 = 0.0000e+00, 0.0000e+00      
# interval = decibars: 1                
# start_time = Jul 05 2013 08:04:59 [NMEA time, header]
# bad_flag = -9.990e-29
*END*
[from data line 406]
      42718   1779.864    724.000     3.9616   3.276031     3.9609   3.277334      94.88     0.0075     2.6999     2.4140  1.9745330  1.1184372   48.64679  -45.52514    34.8990    34.9152     3.9080     3.9073    27.7156    27.7285    6.09643    6.25220         21 0.0000e+00
      42741   1780.852    723.000     3.9619   3.276023     3.9617   3.277371      94.82     0.0093     2.7001     2.4140  1.9745839  1.1184372   48.64678  -45.52513    34.8991    34.9153     3.9084     3.9082    27.7156    27.7285    6.09498    6.25098         27 0.0000e+00
      42768   1781.968    722.000     3.9618   3.275975     3.9610   3.277262      95.16     0.0105     2.7001     2.4146  1.9745541  1.1189790   48.64678  -45.52512    34.8991    34.9152     3.9085     3.9076    27.7156    27.7285    6.10451    6.25868         25 0.0000e+00
      42791   1782.931    721.000     3.9624   3.275974     3.9628   3.277373      95.14     0.0134     2.7014     2.4151  1.9744151  1.1196684   48.64678  -45.52512    34.8991    34.9152     3.9091     3.9094    27.7155    27.7283    6.11119    6.25437         21 0.0000e+00
      42812   1783.797    720.000     3.9639   3.276084     3.9639   3.277456      95.63     0.0138     2.7015     2.4152  1.9746512  1.1198922   48.64678  -45.52512    34.8993    34.9155     3.9107     3.9107    27.7155    27.7284    6.10194    6.25225         21 0.0000e+00
      42833   1784.679    719.000     3.9674   3.276365     3.9657   3.277596      95.49     0.0145     2.7022     2.4154  1.9752960  1.1208144   48.64678  -45.52512    34.8994    34.9158     3.9143     3.9125    27.7152    27.7285    6.10297    6.24953         22 0.0000e+00
      42857   1785.660    718.000     3.9690   3.276501     3.9686   3.277831      94.10     0.0149     2.7024     2.4155  1.9748020  1.1206847   48.64678  -45.52512    34.8999    34.9160     3.9159     3.9155    27.7154    27.7283    6.10114    6.25474         25 0.0000e+00
      42883   1786.740    717.000     3.9695   3.276509     3.9694   3.277857      93.93     0.0158     2.7026     2.4163  1.9744493  1.1208812   48.64677  -45.52512    34.8999    34.9160     3.9165     3.9163    27.7154    27.7283    6.10735    6.25676         26 0.0000e+00
      42908   1787.809    716.000     3.9697   3.276471     3.9694   3.277801      95.18     0.0170     2.7037     2.4166  1.9745063  1.1208792   48.64676  -45.52512    34.8998    34.9159     3.9167     3.9164    27.7153    27.7281    6.11123    6.25323         25 0.0000e+00
      42931   1788.766    715.000     3.9690   3.276364     3.9687   3.277696      95.61     0.0169     2.7047     2.4169  1.9745253  1.1208792   48.64676  -45.52511    34.8997    34.9158     3.9162     3.9159    27.7153    27.7281    6.11120    6.25483         22 0.0000e+00
      42952   1789.632    714.000     3.9672   3.276107     3.9669   3.277462      95.40     0.0167     2.7047     2.4172  1.9743615  1.1208792   48.64675  -45.52510    34.8992    34.9155     3.9144     3.9141    27.7151    27.7281    6.10473    6.25361         20 0.0000e+00
      42972   1790.443    713.000     3.9655   3.275883     3.9654   3.277242      95.60     0.0183     2.7052     2.4172  1.9746112  1.1210053   48.64674  -45.52510    34.8989    34.9151     3.9128     3.9126    27.7149    27.7279    6.10661    6.25247         19 0.0000e+00
      42991   1791.250    712.000     3.9643   3.275698     3.9641   3.277055      95.03     0.0191     2.7053     2.4176  1.9744231  1.1210077   48.64674  -45.52510    34.8984    34.9147     3.9117     3.9115    27.7147    27.7277    6.10977    6.25822         19 0.0000e+00
      43011   1792.090    711.000     3.9639   3.275611     3.9637   3.276961      94.09     0.0149     2.7060     2.4182  1.9737724  1.1208781   48.64674  -45.52510    34.8983    34.9146     3.9114     3.9111    27.7147    27.7276    6.11677    6.26175         21 0.0000e+00
      43033   1792.996    710.000     3.9630   3.275479     3.9629   3.276828      95.63     0.0137     2.7069     2.4188  1.9731405  1.1208792   48.64674  -45.52510    34.8982    34.9144     3.9106     3.9104    27.7147    27.7275    6.11126    6.26437         23 0.0000e+00
      43057   1794.005    709.000     3.9628   3.275391     3.9622   3.276708      95.62     0.0120     2.7070     2.4196  1.9732362  1.1208792   48.64674  -45.52510    34.8980    34.9142     3.9104     3.9098    27.7145    27.7275    6.11343    6.26753         25 0.0000e+00
      43082   1795.062    708.000     3.9628   3.275340     3.9627   3.276681      95.62     0.0142     2.7078     2.4205  1.9731361  1.1208792   48.64674  -45.52510    34.8979    34.9139     3.9105     3.9104    27.7144    27.7272    6.10882    6.26498         25 0.0000e+00
      43106   1796.029    707.000     3.9639   3.275386     3.9651   3.276861      95.62     0.0121     2.7077     2.4209  1.9739213  1.1208792   48.64674  -45.52510    34.8978    34.9140     3.9117     3.9128    27.7142    27.7270    6.11216    6.26539         22 0.0000e+00
      43127   1796.909    706.000     3.9660   3.275546     3.9663   3.276939      95.58     0.0139     2.7081     2.4215  1.9743657  1.1208792   48.64673  -45.52509    34.8980    34.9142     3.9139     3.9141    27.7141    27.7270    6.10960    6.26735         20 0.0000e+00
      43147   1797.753    705.000     3.9660   3.275490     3.9648   3.276752      94.94     0.0151     2.7088     2.4221  1.9742422  1.1209375   48.64672  -45.52508    34.8979    34.9140     3.9139     3.9127    27.7141    27.7270    6.11696    6.26956         21 0.0000e+00
      43168   1798.631    704.000     3.9628   3.275102     3.9621   3.276405      95.51     0.0163     2.7095     2.4227  1.9739205  1.1212076   48.64672  -45.52508    34.8972    34.9133     3.9108     3.9101    27.7138    27.7267    6.11815    6.26828         22 0.0000e+00
      43193   1799.650    703.000     3.9608   3.274846     3.9592   3.276052      95.02     0.0133     2.7101     2.4229  1.9741737  1.1210625   48.64672  -45.52508    34.8967    34.9127     3.9089     3.9073    27.7137    27.7266    6.12025    6.26052         27 0.0000e+00
      43223   1800.897    702.000     3.9614   3.274835     3.9578   3.275856      95.02     0.0165     2.7109     2.4226  1.9744827  1.1208758   48.64671  -45.52508    34.8966    34.9124     3.9096     3.9060    27.7135    27.7264    6.11708    6.25572         31 0.0000e+00
      43251   1802.084    701.000     3.9595   3.274610     3.9567   3.275704      95.11     0.0144     2.7116     2.4221  1.9744558  1.1209804   48.64670  -45.52508    34.8964    34.9123     3.9078     3.9050    27.7135    27.7264    6.12224    6.25198         25 0.0000e+00
      43274   1803.021    700.000     3.9571   3.274321     3.9562   3.275586      95.55     0.0133     2.7121     2.4219  1.9744163  1.1208770   48.64670  -45.52508    34.8960    34.9120     3.9055     3.9045    27.7134    27.7262    6.12125    6.25908         21 0.0000e+00
      43293   1803.834    699.000     3.9565   3.274205     3.9561   3.275539      84.43     0.0138     2.7127     2.4223  1.9740372  1.1208792   48.64670  -45.52508    34.8958    34.9120     3.9050     3.9046    27.7133    27.7263    6.13001    6.26413         19 0.0000e+00
      43311   1804.604    698.000     3.9568   3.274178     3.9564   3.275515      76.90     0.0142     2.7136     2.4229  1.9731383  1.1208792   48.64670  -45.52508    34.8957    34.9120     3.9053     3.9049    27.7132    27.7262    6.13251    6.26677         18 0.0000e+00
      43331   1805.399    697.000     3.9571   3.274157     3.9567   3.275503      95.34     0.0158     2.7144     2.4231  1.9731380  1.1208792   48.64670  -45.52508    34.8957    34.9120     3.9057     3.9053    27.7132    27.7262    6.13209    6.26415         20 0.0000e+00
      43351   1806.264    696.000     3.9572   3.274129     3.9568   3.275471      95.44     0.0151     2.7155     2.4237  1.9719814  1.1208792   48.64670  -45.52506    34.8958    34.9120     3.9059     3.9055    27.7132    27.7262    6.12897    6.26419         22 0.0000e+00
      43374   1807.198    695.000     3.9572   3.274089     3.9569   3.275436      94.78     0.0155     2.7155     2.4238  1.9716917  1.1208792   48.64668  -45.52506    34.8958    34.9121     3.9060     3.9057    27.7132    27.7262    6.12389    6.26084         22 0.0000e+00
      43396   1808.118    694.000     3.9572   3.274037     3.9569   3.275384      95.33     0.0124     2.7160     2.4240  1.9733288  1.1208792   48.64668  -45.52506    34.8957    34.9119     3.9061     3.9058    27.7131    27.7261    6.12532    6.26043         22 0.0000e+00
      43417   1808.997    693.000     3.9571   3.273991     3.9569   3.275330      95.11     0.0172     2.7159     2.4241  1.9741232  1.1208792   48.64668  -45.52506    34.8957    34.9118     3.9061     3.9078    27.7131    27.7260    6.12007    6.25657         21 0.0000e+00
      43439   1809.905    692.000     3.9572   3.273951     3.9571   3.275303      95.29     0.0165     2.7163     2.4239  1.9738318  1.1208792   48.64668  -45.52506    34.8957    34.9118     3.9063     3.9062    27.7131    27.7259    6.12578    6.25545         23 0.0000e+00
      43464   1810.939    691.000     3.9574   3.273916     3.9575   3.275292      94.68     0.0149     2.7167     2.4239  1.9731510  1.1208792   48.64668  -45.52505    34.8956    34.9118     3.9065     3.9066    27.7130    27.7259    6.12468    6.25386         27 0.0000e+00
      43491   1812.065    690.000     3.9575   3.273877     3.9591   3.275398      95.30     0.0140     2.7173     2.4238  1.9729967  1.1208792   48.64668  -45.52504    34.8956    34.9119     3.9067     3.9083    27.7130    27.7258    6.12581    6.25462         26 0.0000e+00
      43515   1813.067    689.000     3.9594   3.273987     3.9637   3.275796      95.36     0.0132     2.7170     2.4239  1.9729713  1.1208792   48.64668  -45.52504    34.8954    34.9122     3.9086     3.9129    27.7126    27.7256    6.12147    6.25673         22 0.0000e+00
      43536   1813.976    688.000     3.9638   3.274395     3.9649   3.275896      95.60     0.0094     2.7174     2.4243  1.9730822  1.1208792   48.64666  -45.52504    34.8960    34.9127     3.9131     3.9142    27.7127    27.7258    6.11995    6.26035         22 0.0000e+00
      43560   1814.960    687.000     3.9647   3.274446     3.9646   3.275817      94.78     0.0127     2.7172     2.4249  1.9731369  1.1208792   48.64666  -45.52504    34.8963    34.9126     3.9140     3.9139    27.7128    27.7258    6.12101    6.26153         26 0.0000e+00
      43587   1816.103    686.000     3.9646   3.274399     3.9642   3.275722      95.15     0.0157     2.7179     2.4256  1.9712652  1.1210970   48.64666  -45.52504    34.8963    34.9125     3.9141     3.9136    27.7128    27.7257    6.12491    6.26335         28 0.0000e+00
      43615   1817.254    685.000     3.9641   3.274297     3.9629   3.275540      95.24     0.0144     2.7187     2.4260  1.9697719  1.1212103   48.64666  -45.52504    34.8961    34.9121     3.9137     3.9124    27.7127    27.7256    6.12634    6.25914         26 0.0000e+00
      43640   1818.280    684.000     3.9626   3.274101     3.9622   3.275414      45.89     0.0115     2.7186     2.4261  1.9722426  1.1215947   48.64664  -45.52504    34.8959    34.9120     3.9123     3.9118    27.7127    27.7255    6.12285    6.25925         24 0.0000e+00
      43662   1819.199    683.000     3.9619   3.273979     3.9617   3.275320      94.88     0.0097     2.7190     2.4265  1.9731294  1.1220378   48.64664  -45.52502    34.8957    34.9119     3.9116     3.9114    27.7126    27.7255    6.12690    6.26571         21 0.0000e+00
      43682   1820.052    682.000     3.9621   3.273924     3.9620   3.275286      95.19     0.0132     2.7196     2.4271  1.9713167  1.1219057   48.64664  -45.52502    34.8954    34.9117     3.9119     3.9118    27.7123    27.7253    6.12390    6.26364         19 0.0000e+00
      43701   1820.851    681.000     3.9625   3.273905     3.9622   3.275252      94.97     0.0135     2.7193     2.4273  1.9694980  1.1217759   48.64664  -45.52502    34.8953    34.9116     3.9123     3.9120    27.7122    27.7252    6.12082    6.26405         19 0.0000e+00
      43720   1821.619    680.000     3.9625   3.273857     3.9622   3.275197      94.95     0.0132     2.7200     2.4279  1.9696810  1.1218989   48.64664  -45.52502    34.8952    34.9114     3.9125     3.9121    27.7121    27.7250    6.12830    6.26764         18 0.0000e+00
      43738   1822.373    679.000     3.9626   3.273818     3.9623   3.275163      95.16     0.0129     2.7199     2.4282  1.9695396  1.1209462   48.64664  -45.52502    34.8952    34.9114     3.9127     3.9123    27.7120    27.7250    6.12256    6.26886         19 0.0000e+00
      43757   1823.169    678.000     3.9626   3.273773     3.9624   3.275121      95.12     0.0153     2.7202     2.4289  1.9694763  1.1211193   48.64664  -45.52502    34.8952    34.9114     3.9127     3.9125    27.7121    27.7250    6.12797    6.27228         20 0.0000e+00
      43781   1824.151    677.000     3.9626   3.273728     3.9624   3.275072      94.97     0.0146     2.7209     2.4297  1.9696010  1.1209301   48.64664  -45.52502    34.8952    34.9114     3.9128     3.9125    27.7120    27.7249    6.12516    6.27133         28 0.0000e+00
      43812   1825.453    676.000     3.9625   3.273675     3.9622   3.275008      94.93     0.0166     2.7215     2.4302  1.9695505  1.1209172   48.64664  -45.52500    34.8952    34.9113     3.9127     3.9125    27.7120    27.7249    6.12951    6.26541         32 0.0000e+00
      43840   1826.635    675.000     3.9625   3.273618     3.9623   3.274955      94.99     0.0156     2.7219     2.4305  1.9696712  1.1220112   48.64664  -45.52500    34.8950    34.9111     3.9128     3.9126    27.7119    27.7247    6.13030    6.27127         25 0.0000e+00
      43864   1827.610    674.000     3.9627   3.273579     3.9625   3.274928      94.92     0.0161     2.7229     2.4313  1.9694778  1.1218895   48.64664  -45.52500    34.8949    34.9110     3.9131     3.9129    27.7118    27.7246    6.13300    6.27769         23 0.0000e+00
      43888   1828.639    673.000     3.9633   3.273587     3.9629   3.274922      95.01     0.0135     2.7232     2.4323  1.9696510  1.1217864   48.64664  -45.52500    34.8949    34.9111     3.9138     3.9134    27.7117    27.7246    6.13050    6.27617         27 0.0000e+00
      43917   1829.854    672.000     3.9634   3.273547     3.9633   3.274910      95.62     0.0133     2.7238     2.4326  1.9696003  1.1217630   48.64663  -45.52500    34.8949    34.9111     3.9139     3.9139    27.7116    27.7245    6.12363    6.27103         29 0.0000e+00
      43943   1830.927    671.000     3.9637   3.273527     3.9637   3.274897      95.61     0.0098     2.7233     2.4331  1.9695283  1.1218244   48.64662  -45.52500    34.8948    34.9110     3.9143     3.9143    27.7116    27.7244    6.12870    6.27620         22 0.0000e+00
      43963   1831.743    670.000     3.9642   3.273535     3.9640   3.274877      91.45     0.0093     2.7240     2.4335  1.9697497  1.1220356   48.64662  -45.52499    34.8949    34.9110     3.9149     3.9147    27.7116    27.7244    6.13042    6.27248         18 0.0000e+00
      43980   1832.475    669.000     3.9649   3.273561     3.9646   3.274898      95.60     0.0090     2.7242     2.4335  1.9701513  1.1220998   48.64662  -45.52498    34.8950    34.9111     3.9157     3.9154    27.7115    27.7244    6.13346    6.26919         18 0.0000e+00
      43998   1833.214    668.000     3.9655   3.273572     3.9652   3.274909      95.60     0.0118     2.7253     2.4337  1.9696218  1.1220337   48.64662  -45.52498    34.8950    34.9112     3.9164     3.9160    27.7115    27.7244    6.13628    6.27036         18 0.0000e+00
