data/CTD/2013/CNV/U021A020.CNV
* Sea-Bird SBE 9 Data File:
* FileName = C:\CTD_ACQUISITION\2013021HUD\ctddata\021A020.hdr
* Software Version Seasave V 7.22.2
* Temperature SN = 5081
* Conductivity SN = 3561
* Number of Bytes Per Scan = 37
* Number of Voltage Words = 4
* Number of Scans Averaged by the Deck Unit = 1
* NMEA Latitude = 47 00.01 N
* NMEA Longitude = 046 33.55 W
* NMEA UTC (Time) = Jul 02 2013 06:15:01
* NMEA baud rate = 9600
** Ship: Hudson
** Cruise: HUD2013021
** Chief_Scientist: Greenan
** Organization: BIO
** Area_of_Operation: Sackville Spur
** Station: 20
** Sounding:  440
** Event_Comments: FC19.5  393127
# nquan = 25
# nvalues = 424                         
# units = specified
# name 0 = scan: Scan Count
# name 1 = timeS: Time, Elapsed [seconds]
# name 2 = prDM: Pressure, Digiquartz [db]
# name 3 = t068C: Temperature [ITS-68, deg C]
# name 4 = c0S/m: Conductivity [S/m]
# name 5 = t168C: Temperature, 2 [ITS-68, deg C]
# name 6 = c1S/m: Conductivity, 2 [S/m]
# name 7 = altM: Altimeter [m]
# name 8 = flCUVA: Fluorescence, Chelsea UV Aquatracka [ug/l]
# name 9 = sbeox0V: Oxygen raw, SBE 43 [V]
# name 10 = sbeox1V: Oxygen raw, SBE 43, 2 [V]
# name 11 = upoly0: Upoly 0, Optode 4330F - O2 D-Phase
# name 12 = upoly1: Upoly 1, Optode 4330F - O2 Temp
# name 13 = latitude: Latitude [deg]
# name 14 = longitude: Longitude [deg]
# name 15 = sal00: Salinity, Practical [PSU]
# name 16 = sal11: Salinity, Practical, 2 [PSU]
# name 17 = potemp068C: Potential Temperature [ITS-68, deg C]
# name 18 = potemp168C: Potential Temperature, 2 [ITS-68, deg C]
# name 19 = sigma-é00: Density [sigma-theta, Kg/m^3]
# name 20 = sigma-é11: Density, 2 [sigma-theta, Kg/m^3]
# name 21 = sbeox0ML/L: Oxygen, SBE 43 [ml/l], WS = 2
# name 22 = sbeox1ML/L: Oxygen, SBE 43, 2 [ml/l], WS = 2
# name 23 = nbin: number of scans per bin
# name 24 = flag: flag
# span 0 =      20977,      30949       
# span 1 =    873.997,   1289.491       
# span 2 =      1.000,    424.000       
# span 3 =     2.7522,     6.5154       
# span 4 =   3.064228,   3.347236       
# span 5 =     2.7392,     6.5150       
# span 6 =   3.063536,   3.348659       
# span 7 =       6.57,      98.90       
# span 8 =     0.0077,     0.2431       
# span 9 =     2.6243,     3.4271       
# span 10 =     2.3418,     3.0648      
# span 11 =  1.7181710,  2.0447426      
# span 12 =  0.9871145,  1.3956793      
# span 13 =   47.00131,   47.00190      
# span 14 =  -46.55840,  -46.55818      
# span 15 =    32.7674,    34.9248      
# span 16 =    32.7810,    34.9397      
# span 17 =     2.7461,     6.5153      
# span 18 =     2.7329,     6.5148      
# span 19 =    25.7245,    27.6715      
# span 20 =    25.7352,    27.6839      
# span 21 =    5.37874,    7.80754      
# span 22 =    5.50829,    7.86857      
# span 23 =         12,        134      
# span 24 = 0.0000e+00, 0.0000e+00      
# interval = decibars: 1                
# start_time = Jul 02 2013 06:15:01 [NMEA time, header]
# bad_flag = -9.990e-29
*END*
[from data line 290]
      27751   1156.266    134.000     3.2120   3.148941     3.1984   3.148783      96.16     0.0152     2.8825     2.5682  1.9852406  1.0528959   47.00152  -46.55826    34.4885    34.5011     3.2036     3.1900    27.4580    27.4693    6.32622    6.42468         22 0.0000e+00
      27773   1157.180    133.000     3.1895   3.146492     3.1629   3.145222      96.12     0.0170     2.8850     2.5705  1.9834214  1.0512961   47.00152  -46.55826    34.4834    34.4949     3.1812     3.1546    27.4560    27.4676    6.33064    6.44123         22 0.0000e+00
      27793   1158.011    132.000     3.1547   3.143087     3.1108   3.139720      96.47     0.0178     2.8874     2.5724  1.9835153  1.0512820   47.00154  -46.55826    34.4797    34.4856     3.1465     3.1027    27.4563    27.4650    6.33813    6.45952         18 0.0000e+00
      27811   1158.762    131.000     3.1086   3.138137     3.0710   3.135466      96.51     0.0212     2.8884     2.5747  1.9813625  1.0441265   47.00154  -46.55826    34.4692    34.4769     3.1005     3.0630    27.4522    27.4618    6.34610    6.47245         17 0.0000e+00
      27827   1159.431    130.000     3.0765   3.134614     3.0546   3.133666      96.27     0.0178     2.8898     2.5762  1.9814554  1.0439587   47.00154  -46.55826    34.4612    34.4730     3.0685     3.0466    27.4488    27.4602    6.35851    6.47820         16 0.0000e+00
      27843   1160.076    129.000     3.0582   3.132634     3.0469   3.132815      96.16     0.0155     2.8916     2.5781  1.9815214  1.0439560   47.00154  -46.55826    34.4572    34.4714     3.0503     3.0390    27.4473    27.4596    6.36802    6.49017         15 0.0000e+00
      27859   1160.740    128.000     3.0457   3.131278     3.0376   3.131800      96.52     0.0183     2.8929     2.5802  1.9807622  1.0393542   47.00154  -46.55826    34.4546    34.4696     3.0379     3.0298    27.4463    27.4590    6.37412    6.50078         17 0.0000e+00
      27878   1161.543    127.000     3.0325   3.129740     3.0038   3.128188      68.48     0.0182     2.8951     2.5828  1.9807417  1.0389690   47.00154  -46.55826    34.4505    34.4622     3.0247     2.9961    27.4442    27.4562    6.37890    6.50624         22 0.0000e+00
      27902   1162.535    126.000     3.0092   3.127604     2.9751   3.124875      66.07     0.0204     2.8973     2.5849  1.9797379  1.0321323   47.00154  -46.55826    34.4498    34.4530     3.0016     2.9675    27.4458    27.4515    6.39039    6.50787         25 0.0000e+00
      27928   1163.605    125.000     3.0017   3.126635     2.9771   3.124933      96.99     0.0182     2.8996     2.5866  1.9790334  1.0278504   47.00156  -46.55826    34.4466    34.4522     2.9941     2.9695    27.4439    27.4506    6.38723    6.51180         25 0.0000e+00
      27950   1164.521    124.000     2.9805   3.124167     2.9622   3.123184      94.68     0.0177     2.9007     2.5888  1.9774718  1.0248461   47.00156  -46.55826    34.4393    34.4472     2.9734     2.9547    27.4400    27.4480    6.38925    6.51584         20 0.0000e+00
      27968   1165.286    123.000     2.9687   3.122594     2.9651   3.123238      90.53     0.0195     2.9014     2.5892  1.9760214  1.0232110   47.00156  -46.55826    34.4337    34.4454     2.9612     2.9577    27.4366    27.4462    6.38479    6.49193         17 0.0000e+00
      27985   1166.002    122.000     2.9721   3.122592     2.9748   3.124014      96.09     0.0182     2.9014     2.5884  1.9763179  1.0231991   47.00156  -46.55826    34.4306    34.4451     2.9647     2.9674    27.4338    27.4451    6.37707    6.46782         18 0.0000e+00
      28003   1166.758    121.000     2.9784   3.122967     2.9815   3.124497      96.67     0.0196     2.9014     2.5863  1.9758595  1.0208660   47.00156  -46.55826    34.4289    34.4443     2.9711     2.9742    27.4319    27.4439    6.36777    6.45097         18 0.0000e+00
      28023   1167.567    120.000     2.9824   3.123199     2.9885   3.124971      96.66     0.0196     2.9000     2.5842  1.9761549  1.0207585   47.00156  -46.55826    34.4281    34.4433     2.9751     2.9812    27.4309    27.4424    6.33901    6.43502         21 0.0000e+00
      28046   1168.525    119.000     2.9854   3.123416     2.9953   3.125528      96.87     0.0195     2.8968     2.5808  1.9730963  1.0172077   47.00158  -46.55826    34.4281    34.4433     2.9782     2.9880    27.4306    27.4419    6.32056    6.41738         25 0.0000e+00
      28071   1169.597    118.000     2.9875   3.123585     3.0006   3.125697      96.87     0.0205     2.8925     2.5769  1.9713078  1.0150144   47.00158  -46.55826    34.4285    34.4401     2.9803     2.9934    27.4307    27.4388    6.30112    6.39147         25 0.0000e+00
      28094   1170.556    117.000     2.9913   3.123730     3.0069   3.125557      96.76     0.0221     2.8890     2.5717  1.9701552  1.0147642   47.00158  -46.55826    34.4267    34.4323     2.9842     2.9998    27.4289    27.4320    6.27246    6.36459         21 0.0000e+00
      28113   1171.344    116.000     3.0094   3.124513     3.0323   3.127016      96.04     0.0236     2.8833     2.5678  1.9694651  1.0148689   47.00158  -46.55826    34.4175    34.4237     3.0024     3.0252    27.4199    27.4228    6.24710    6.37229         17 0.0000e+00
      28130   1172.061    115.000     3.0287   3.125545     3.0474   3.128070      96.06     0.0228     2.8801     2.5663  1.9694749  1.0148555   47.00158  -46.55826    34.4101    34.4208     3.0217     3.0404    27.4122    27.4191    6.26031    6.39766         18 0.0000e+00
      28149   1172.814    114.000     3.0462   3.126716     3.0572   3.128760      57.66     0.0210     2.8778     2.5670  1.9687856  1.0134665   47.00159  -46.55826    34.4062    34.4194     3.0393     3.0502    27.4075    27.4170    6.28418    6.43303         19 0.0000e+00
      28170   1173.709    113.000     3.0529   3.127149     3.0724   3.129890      95.58     0.0185     2.8794     2.5704  1.9689119  1.0134311   47.00160  -46.55826    34.4049    34.4175     3.0460     3.0654    27.4059    27.4142    6.32789    6.46423         24 0.0000e+00
      28197   1174.817    112.000     3.0663   3.128088     3.0806   3.130539      96.25     0.0163     2.8841     2.5750  1.9667178  1.0144385   47.00160  -46.55826    34.4025    34.4172     3.0594     3.0737    27.4028    27.4132    6.36234    6.47725         28 0.0000e+00
      28223   1175.901    111.000     3.0644   3.127821     3.0723   3.129584      96.86     0.0177     2.8891     2.5797  1.9663877  1.0147117   47.00160  -46.55826    34.4020    34.4150     3.0576     3.0655    27.4025    27.4121    6.37446    6.49880         23 0.0000e+00
      28244   1176.783    110.000     3.0441   3.125471     2.9826   3.120014      96.85     0.0218     2.8937     2.5843  1.9669796  1.0168786   47.00161  -46.55826    34.3954    34.3946     3.0374     2.9759    27.3991    27.4040    6.40194    6.53809         20 0.0000e+00
      28262   1177.552    109.000     2.9286   3.113209     2.8446   3.104801      96.84     0.0220     2.8986     2.5886  1.9668982  1.0170909   47.00162  -46.55826    34.3696    34.3565     2.9220     2.8381    27.3890    27.3860    6.42677    6.57063         18 0.0000e+00
      28281   1178.332    108.000     2.8225   3.101498     2.7692   3.096069      96.84     0.0216     2.9013     2.5919  1.9685119  1.0162636   47.00162  -46.55826    34.3402    34.3306     2.8161     2.7628    27.3750    27.3720    6.44731    6.58063         20 0.0000e+00
      28303   1179.257    107.000     2.7869   3.096875     2.7392   3.092654      96.84     0.0186     2.9060     2.5949  1.9707582  1.0154632   47.00162  -46.55826    34.3221    34.3213     2.7806     2.7329    27.3636    27.3672    6.46747    6.57656         25 0.0000e+00
      28332   1180.440    106.000     2.7690   3.094682     2.7412   3.092849      49.16     0.0178     2.9103     2.5970  1.9701654  1.0057988   47.00162  -46.55828    34.3148    34.3221     2.7628     2.7350    27.3595    27.3676    6.46421    6.57512         30 0.0000e+00
      28358   1181.538    105.000     2.7618   3.093795     2.7474   3.093317      97.52     0.0194     2.9128     2.5990  1.9694637  0.9961829   47.00163  -46.55828    34.3123    34.3218     2.7556     2.7413    27.3580    27.3668    6.46351    6.56924         22 0.0000e+00
      28377   1182.347    104.000     2.7522   3.092249     2.7548   3.093535      96.82     0.0180     2.9144     2.5995  1.9704238  0.9945852   47.00164  -46.55826    34.3041    34.3172     2.7461     2.7487    27.3523    27.3625    6.46696    6.55812         17 0.0000e+00
      28394   1183.033    103.000     2.7775   3.094021     2.7910   3.096567      96.81     0.0159     2.9157     2.5995  1.9717876  0.9914762   47.00164  -46.55826    34.2994    34.3162     2.7715     2.7850    27.3463    27.3585    6.46041    6.55111         16 0.0000e+00
      28410   1183.725    102.000     2.8284   3.098273     2.8493   3.101899      85.99     0.0166     2.9164     2.5998  1.9718486  0.9916558   47.00164  -46.55827    34.2977    34.3199     2.8224     2.8432    27.3404    27.3563    6.44178    6.54951         18 0.0000e+00
      28428   1184.467    101.000     2.8675   3.101987     2.9037   3.106750      95.99     0.0176     2.9164     2.6008  1.9699128  0.9887186   47.00164  -46.55828    34.3020    34.3217     2.8615     2.8977    27.3404    27.3529    6.43660    6.55845         18 0.0000e+00
      28448   1185.280    100.000     2.8777   3.103148     2.9309   3.109153      95.95     0.0177     2.9178     2.6034  1.9684489  0.9871145   47.00164  -46.55828    34.3059    34.3226     2.8718     2.9249    27.3426    27.3512    6.45326    6.57425         21 0.0000e+00
      28468   1186.144     99.000     2.8987   3.104987     2.9493   3.110705      96.33     0.0190     2.9200     2.6064  1.9679750  0.9879990   47.00166  -46.55828    34.3066    34.3225     2.8928     2.9433    27.3412    27.3495    6.45557    6.58864         21 0.0000e+00
      28490   1187.040     98.000     2.9169   3.106731     2.9604   3.111311      96.78     0.0225     2.9220     2.6104  1.9658651  0.9913683   47.00166  -46.55828    34.3090    34.3186     2.9111     2.9545    27.3416    27.3453    6.47093    6.60275         22 0.0000e+00
      28513   1188.000     97.000     2.9295   3.107620     2.9587   3.110648      96.78     0.0191     2.9262     2.6145  1.9654638  0.9918509   47.00166  -46.55828    34.3070    34.3129     2.9237     2.9529    27.3388    27.3409    6.48979    6.61100         24 0.0000e+00
      28537   1189.001     96.000     2.9367   3.107847     2.9502   3.109342      96.34     0.0180     2.9304     2.6184  1.9634737  0.9963424   47.00166  -46.55828    34.3027    34.3066     2.9309     2.9444    27.3348    27.3366    6.50903    6.62508         23 0.0000e+00
      28561   1189.995     95.000     2.9408   3.107354     2.9415   3.107781      96.06     0.0236     2.9365     2.6226  1.9629817  0.9964342   47.00167  -46.55828    34.2928    34.2973     2.9351     2.9359    27.3265    27.3300    6.53195    6.63751         25 0.0000e+00
      28587   1191.074     94.000     2.9413   3.106788     2.9350   3.106478      74.92     0.0232     2.9418     2.6268  1.9610361  0.9976375   47.00168  -46.55828    34.2859    34.2889     2.9357     2.9294    27.3209    27.3238    6.53123    6.65080         27 0.0000e+00
      28614   1192.188     93.000     2.9427   3.107066     2.9322   3.105753      89.02     0.0228     2.9463     2.6312  1.9609760  0.9976558   47.00168  -46.55828    34.2885    34.2836     2.9371     2.9267    27.3228    27.3198    6.53497    6.66104         25 0.0000e+00
      28635   1193.086     92.000     2.9363   3.105239     2.9332   3.105456      96.77     0.0242     2.9491     2.6343  1.9610567  0.9975577   47.00168  -46.55828    34.2735    34.2795     2.9308     2.9277    27.3114    27.3165    6.54424    6.66086         19 0.0000e+00
      28652   1193.806     91.000     2.9350   3.104295     2.9344   3.105134      96.72     0.0237     2.9526     2.6361  1.9609290  0.9975580   47.00169  -46.55828    34.2638    34.2748     2.9296     2.9290    27.3038    27.3126    6.55982    6.66069         16 0.0000e+00
      28668   1194.446     90.000     2.9349   3.103691     2.9344   3.104783      96.75     0.0207     2.9550     2.6378  1.9593302  0.9969189   47.00170  -46.55828    34.2571    34.2710     2.9296     2.9291    27.2985    27.3096    6.55947    6.66205         15 0.0000e+00
      28683   1195.076     89.000     2.9349   3.103404     2.9346   3.104554      96.74     0.0189     2.9571     2.6389  1.9575298  0.9963436   47.00170  -46.55828    34.2542    34.2685     2.9296     2.9293    27.2961    27.3076    6.56015    6.66551         15 0.0000e+00
      28699   1195.766     88.000     2.9350   3.103218     2.9347   3.104385      96.73     0.0212     2.9597     2.6409  1.9576709  0.9963370   47.00170  -46.55828    34.2524    34.2669     2.9297     2.9295    27.2947    27.3063    6.56056    6.67608         18 0.0000e+00
      28720   1196.615     87.000     2.9351   3.103065     2.9351   3.104236      96.15     0.0238     2.9616     2.6434  1.9557567  0.9955021   47.00170  -46.55828    34.2510    34.2654     2.9299     2.9299    27.2935    27.3050    6.56094    6.67729         24 0.0000e+00
      28748   1197.774     86.000     2.9353   3.103095     2.9361   3.103945      95.84     0.0283     2.9639     2.6449  1.9547584  0.9951214   47.00170  -46.55828    34.2516    34.2612     2.9302     2.9311    27.2940    27.3016    6.55926    6.66105         31 0.0000e+00
      28777   1199.008     85.000     2.9357   3.103040     2.9355   3.103051      46.78     0.0318     2.9664     2.6461  1.9512653  0.9940097   47.00172  -46.55830    34.2511    34.2515     2.9306     2.9304    27.2936    27.2939    6.57431    6.68695         26 0.0000e+00
      28800   1199.969     84.000     2.9335   3.101803     2.9324   3.101731      87.23     0.0300     2.9693     2.6498  1.9511579  0.9940110   47.00172  -46.55828    34.2389    34.2392     2.9285     2.9274    27.2840    27.2843    6.59505    6.72581         21 0.0000e+00
      28820   1200.780     83.000     2.9261   3.099241     2.9255   3.100158      96.77     0.0299     2.9727     2.6542  1.9493766  0.9947854   47.00172  -46.55829    34.2160    34.2278     2.9212     2.9206    27.2664    27.2759    6.62377    6.75666         18 0.0000e+00
      28838   1201.538     82.000     2.9207   3.097993     2.9175   3.098783      96.46     0.0296     2.9771     2.6592  1.9493269  0.9944993   47.00172  -46.55830    34.2071    34.2201     2.9158     2.9126    27.2598    27.2704    6.64230    6.77767         18 0.0000e+00
      28856   1202.303     81.000     2.9138   3.096934     2.9112   3.097799      85.60     0.0282     2.9817     2.6637  1.9484234  0.9944451   47.00172  -46.55830    34.2020    34.2154     2.9090     2.9064    27.2563    27.2672    6.65443    6.77306         20 0.0000e+00
      28876   1203.130     80.000     2.9098   3.096343     2.9054   3.096951      95.81     0.0224     2.9857     2.6669  1.9466164  0.9939055   47.00174  -46.55830    34.1996    34.2117     2.9050     2.9006    27.2548    27.2648    6.63688    6.75434         20 0.0000e+00
      28898   1204.028     79.000     2.9006   3.095147     2.8851   3.094618      95.96     0.0244     2.9868     2.6679  1.9466650  0.9938390   47.00174  -46.55830    34.1953    34.2053     2.8960     2.8805    27.2521    27.2615    6.59463    6.73291         22 0.0000e+00
      28920   1204.960     78.000     2.8864   3.093274     2.8629   3.091960      95.97     0.0253     2.9840     2.6675  1.9450518  0.9926717   47.00174  -46.55830    34.1880    34.1970     2.8818     2.8583    27.2476    27.2568    6.60265    6.73464         23 0.0000e+00
