data/CTD/2013/CNV/U021A030.CNV
* Sea-Bird SBE 9 Data File:
* FileName = C:\CTD_ACQUISITION\2013021HUD\ctddata\021A030.hdr
* Software Version Seasave V 7.22.2
* Temperature SN = 5081
* Conductivity SN = 3561
* Number of Bytes Per Scan = 37
* Number of Voltage Words = 4
* Number of Scans Averaged by the Deck Unit = 1
* NMEA Latitude = 48 02.22 N
* NMEA Longitude = 046 13.89 W
* NMEA UTC (Time) = Jul 03 2013 03:47:18
* NMEA baud rate = 9600
** Ship: Hudson
** Cruise: HUD2013021
** Chief_Scientist: Greenan
** Organization: BIO
** Area_of_Operation: Sackville Spur
** Station: 30
** Sounding:  1179
** Event_Comments: SS16  393135
# nquan = 25
# nvalues = 1167                        
# units = specified
# name 0 = scan: Scan Count
# name 1 = timeS: Time, Elapsed [seconds]
# name 2 = prDM: Pressure, Digiquartz [db]
# name 3 = t068C: Temperature [ITS-68, deg C]
# name 4 = c0S/m: Conductivity [S/m]
# name 5 = t168C: Temperature, 2 [ITS-68, deg C]
# name 6 = c1S/m: Conductivity, 2 [S/m]
# name 7 = altM: Altimeter [m]
# name 8 = flCUVA: Fluorescence, Chelsea UV Aquatracka [ug/l]
# name 9 = sbeox0V: Oxygen raw, SBE 43 [V]
# name 10 = sbeox1V: Oxygen raw, SBE 43, 2 [V]
# name 11 = upoly0: Upoly 0, Optode 4330F - O2 D-Phase
# name 12 = upoly1: Upoly 1, Optode 4330F - O2 Temp
# name 13 = latitude: Latitude [deg]
# name 14 = longitude: Longitude [deg]
# name 15 = sal00: Salinity, Practical [PSU]
# name 16 = sal11: Salinity, Practical, 2 [PSU]
# name 17 = potemp068C: Potential Temperature [ITS-68, deg C]
# name 18 = potemp168C: Potential Temperature, 2 [ITS-68, deg C]
# name 19 = sigma-é00: Density [sigma-theta, Kg/m^3]
# name 20 = sigma-é11: Density, 2 [sigma-theta, Kg/m^3]
# name 21 = sbeox0ML/L: Oxygen, SBE 43 [ml/l], WS = 2
# name 22 = sbeox1ML/L: Oxygen, SBE 43, 2 [ml/l], WS = 2
# name 23 = nbin: number of scans per bin
# name 24 = flag: flag
# span 0 =      41029,      84061       
# span 1 =   1709.512,   3502.489       
# span 2 =      1.000,   1167.000       
# span 3 =    -0.0284,     5.8849       
# span 4 =   2.778573,   3.279145       
# span 5 =    -0.0289,     5.8844       
# span 6 =   2.779731,   3.280448       
# span 7 =       3.66,     108.20       
# span 8 =     0.0049,     0.1039       
# span 9 =     2.5290,     3.4403       
# span 10 =     2.2742,     3.1077      
# span 11 =  1.7329336,  2.0224489      
# span 12 =  0.6283562,  1.3610405      
# span 13 =   48.03648,   48.03748      
# span 14 =  -46.23270,  -46.23154      
# span 15 =    32.7518,    34.9093      
# span 16 =    32.7583,    34.9255      
# span 17 =    -0.0296,     5.8848      
# span 18 =    -0.0301,     5.8843      
# span 19 =    25.7916,    27.7466      
# span 20 =    25.8039,    27.7596      
# span 21 =    5.94513,    8.71378      
# span 22 =    6.15382,    9.02322      
# span 23 =          7,        548      
# span 24 = 0.0000e+00, 0.0000e+00      
# interval = decibars: 1                
# start_time = Jul 03 2013 03:47:18 [NMEA time, header]
# bad_flag = -9.990e-29
*END*
[from data line 870]
      70927   2955.243    297.000     3.8454   3.237110     3.8423   3.238122      95.45     0.0143     2.8599     2.5535  1.9474647  1.1096851   48.03692  -46.23208    34.7860    34.8015     3.8248     3.8216    27.6342    27.6468    6.24276    6.37996         18 0.0000e+00
      70944   2955.978    296.000     3.8345   3.235773     3.8289   3.236548      95.28     0.0150     2.8604     2.5537  1.9483093  1.1096189   48.03692  -46.23208    34.7823    34.7975     3.8139     3.8083    27.6323    27.6450    6.24794    6.37210         18 0.0000e+00
      70963   2956.760    295.000     3.8246   3.234620     3.8194   3.235388      94.55     0.0176     2.8606     2.5535  1.9482908  1.1092242   48.03692  -46.23208    34.7797    34.7942     3.8041     3.7989    27.6312    27.6434    6.25287    6.36820         20 0.0000e+00
      70985   2957.661    294.000     3.8173   3.233753     3.8131   3.234588      95.14     0.0164     2.8611     2.5534  1.9487154  1.1086724   48.03692  -46.23208    34.7775    34.7920     3.7969     3.7927    27.6303    27.6422    6.24636    6.36542         23 0.0000e+00
      71011   2958.762    293.000     3.8126   3.233143     3.8090   3.234080      95.83     0.0138     2.8611     2.5529  1.9487180  1.1083624   48.03692  -46.23208    34.7758    34.7908     3.7923     3.7887    27.6294    27.6416    6.24535    6.36853         31 0.0000e+00
      71052   2960.452    292.000     3.8079   3.232581     3.8080   3.233929      95.95     0.0140     2.8612     2.5532  1.9487180  1.1072516   48.03692  -46.23207    34.7746    34.7905     3.7877     3.7878    27.6289    27.6416    6.25057    6.37006         46 0.0000e+00
      71087   2961.903    291.000     3.8058   3.232282     3.8062   3.233666      95.91     0.0137     2.8619     2.5531  1.9487180  1.1061915   48.03692  -46.23206    34.7738    34.7899     3.7856     3.7860    27.6285    27.6412    6.24653    6.37296         24 0.0000e+00
      71107   2962.749    290.000     3.8026   3.231859     3.8024   3.233193      95.69     0.0149     2.8613     2.5539  1.9487180  1.1062272   48.03692  -46.23206    34.7727    34.7889     3.7825     3.7823    27.6279    27.6408    6.24576    6.37591         18 0.0000e+00
      71123   2963.423    289.000     3.8006   3.231589     3.8002   3.232900      95.17     0.0139     2.8615     2.5539  1.9468287  1.1054057   48.03692  -46.23206    34.7721    34.7882     3.7806     3.7802    27.6276    27.6405    6.24627    6.37053         15 0.0000e+00
      71138   2964.046    288.000     3.7995   3.231408     3.7992   3.232741      95.51     0.0146     2.8616     2.5537  1.9466819  1.1057409   48.03690  -46.23206    34.7717    34.7879     3.7796     3.7793    27.6274    27.6403    6.24250    6.36501         15 0.0000e+00
      71153   2964.678    287.000     3.7986   3.231266     3.7982   3.232587      95.66     0.0130     2.8613     2.5536  1.9464324  1.1050923   48.03691  -46.23206    34.7715    34.7876     3.7788     3.7784    27.6273    27.6402    6.23992    6.36207         16 0.0000e+00
      71171   2965.412    286.000     3.7967   3.231019     3.7953   3.232221      95.56     0.0141     2.8610     2.5531  1.9494640  1.1050087   48.03692  -46.23206    34.7711    34.7869     3.7769     3.7755    27.6272    27.6399    6.24682    6.36009         20 0.0000e+00
      71195   2966.430    285.000     3.7942   3.230718     3.7931   3.231931      95.65     0.0162     2.8620     2.5526  1.9496114  1.1050061   48.03692  -46.23206    34.7707    34.7864     3.7745     3.7734    27.6271    27.6397    6.25076    6.36105         30 0.0000e+00
      71229   2967.829    284.000     3.7938   3.230619     3.7932   3.231885      95.80     0.0129     2.8624     2.5525  1.9486923  1.1037502   48.03692  -46.23206    34.7705    34.7862     3.7742     3.7736    27.6270    27.6395    6.25038    6.36561         33 0.0000e+00
      71257   2968.990    283.000     3.7939   3.230565     3.7932   3.231839      95.90     0.0156     2.8630     2.5533  1.9478449  1.1033230   48.03690  -46.23206    34.7702    34.7862     3.7744     3.7737    27.6267    27.6395    6.25333    6.37615         24 0.0000e+00
      71279   2969.905    282.000     3.7920   3.230307     3.7911   3.231576      95.98     0.0172     2.8633     2.5542  1.9469277  1.1025740   48.03691  -46.23205    34.7698    34.7858     3.7725     3.7717    27.6266    27.6394    6.25475    6.37829         21 0.0000e+00
      71300   2970.786    281.000     3.7888   3.229918     3.7868   3.231065      82.82     0.0162     2.8647     2.5548  1.9470310  1.1025641   48.03692  -46.23204    34.7691    34.7849     3.7694     3.7674    27.6263    27.6391    6.26219    6.37673         21 0.0000e+00
      71322   2971.711    280.000     3.7858   3.229563     3.7846   3.230771      79.57     0.0149     2.8651     2.5554  1.9478180  1.1025641   48.03692  -46.23204    34.7685    34.7842     3.7665     3.7653    27.6262    27.6388    6.26367    6.37987         23 0.0000e+00
      71344   2972.615    279.000     3.7825   3.229144     3.7808   3.230298      95.59     0.0145     2.8663     2.5561  1.9481331  1.1025641   48.03692  -46.23204    34.7675    34.7832     3.7633     3.7615    27.6257    27.6384    6.25448    6.37928         21 0.0000e+00
      71364   2973.474    278.000     3.7769   3.228480     3.7725   3.229351      95.22     0.0147     2.8655     2.5564  1.9466519  1.1025641   48.03692  -46.23204    34.7660    34.7812     3.7578     3.7533    27.6251    27.6376    6.25012    6.37741         20 0.0000e+00
      71386   2974.361    277.000     3.7692   3.227573     3.7650   3.228438      95.77     0.0169     2.8657     2.5566  1.9467518  1.1025641   48.03692  -46.23204    34.7640    34.7788     3.7501     3.7460    27.6243    27.6365    6.25710    6.37208         23 0.0000e+00
      71411   2975.423    276.000     3.7638   3.226883     3.7620   3.228021      95.63     0.0194     2.8661     2.5560  1.9482868  1.1016684   48.03692  -46.23204    34.7621    34.7776     3.7448     3.7430    27.6233    27.6358    6.25904    6.37043         29 0.0000e+00
      71447   2976.934    275.000     3.7591   3.226308     3.7592   3.227659      95.53     0.0162     2.8675     2.5569  1.9477253  1.1013354   48.03692  -46.23202    34.7607    34.7767     3.7402     3.7403    27.6227    27.6354    6.27444    6.38749         40 0.0000e+00
      71478   2978.215    274.000     3.7532   3.225582     3.7532   3.226908      95.79     0.0110     2.8691     2.5580  1.9460392  1.1013432   48.03692  -46.23202    34.7589    34.7747     3.7344     3.7344    27.6217    27.6344    6.26676    6.38845         21 0.0000e+00
      71495   2978.899    273.000     3.7476   3.224893     3.7460   3.226093      29.27     0.0110     2.8686     2.5586  1.9473287  1.1011678   48.03692  -46.23202    34.7571    34.7731     3.7289     3.7273    27.6209    27.6338    6.26993    6.39273         14 0.0000e+00
      71507   2979.437    272.000     3.7387   3.223858     3.7349   3.224825      61.35     0.0121     2.8699     2.5590  1.9498343  1.1001233   48.03692  -46.23202    34.7547    34.7704     3.7201     3.7162    27.6199    27.6327    6.27060    6.39401         12 0.0000e+00
      71519   2979.927    271.000     3.7264   3.222449     3.7221   3.223366      95.15     0.0144     2.8693     2.5596  1.9499366  1.1001221   48.03692  -46.23202    34.7515    34.7671     3.7079     3.7035    27.6186    27.6314    6.26642    6.39479         12 0.0000e+00
      71531   2980.434    270.000     3.7140   3.221045     3.7091   3.221900      95.03     0.0153     2.8694     2.5597  1.9499389  1.1001221   48.03692  -46.23202    34.7485    34.7639     3.6955     3.6906    27.6174    27.6302    6.26227    6.39130         13 0.0000e+00
      71546   2981.056    269.000     3.7020   3.219729     3.6988   3.220737      95.35     0.0177     2.8691     2.5597  1.9492519  1.0990915   48.03692  -46.23202    34.7459    34.7615     3.6837     3.6804    27.6166    27.6293    6.26651    6.39019         17 0.0000e+00
      71598   2983.218    268.000     3.7099   3.220544     3.7164   3.222628      94.55     0.0161     2.8699     2.5598  1.9486867  1.0964036   48.03692  -46.23200    34.7479    34.7659     3.6916     3.6981    27.6173    27.6310    6.27637    6.38644         85 0.0000e+00
      71652   2985.464    267.000     3.7117   3.220706     3.7202   3.222979      95.98     0.0175     2.8717     2.5599  1.9496093  1.0920061   48.03692  -46.23200    34.7484    34.7666     3.6935     3.7019    27.6176    27.6312    6.28013    6.39426         21 0.0000e+00
      71669   2986.186    266.000     3.7186   3.221402     3.7212   3.223031      95.53     0.0143     2.8723     2.5610  1.9497098  1.0915762   48.03692  -46.23200    34.7499    34.7667     3.7005     3.7030    27.6181    27.6312    6.27348    6.39835         16 0.0000e+00
      71685   2986.827    265.000     3.7108   3.220540     3.7102   3.221797      95.19     0.0139     2.8717     2.5613  1.9494532  1.0915751   48.03692  -46.23200    34.7485    34.7642     3.6928     3.6921    27.6176    27.6302    6.26644    6.39550         15 0.0000e+00
      71700   2987.451    264.000     3.6926   3.218472     3.6907   3.219634      95.33     0.0163     2.8713     2.5615  1.9487269  1.0915751   48.03692  -46.23200    34.7436    34.7596     3.6746     3.6727    27.6156    27.6286    6.27171    6.40025         15 0.0000e+00
      71716   2988.133    263.000     3.6805   3.217109     3.6791   3.218334      95.85     0.0154     2.8719     2.5619  1.9487180  1.0915751   48.03692  -46.23198    34.7407    34.7569     3.6627     3.6613    27.6145    27.6275    6.27962    6.41273         18 0.0000e+00
      71735   2988.937    262.000     3.6706   3.215919     3.6685   3.217092      95.44     0.0157     2.8721     2.5637  1.9487180  1.0915751   48.03692  -46.23198    34.7376    34.7538     3.6528     3.6508    27.6130    27.6261    6.28761    6.42147         21 0.0000e+00
      71758   2989.861    261.000     3.6644   3.215235     3.6620   3.216316      65.29     0.0162     2.8733     2.5648  1.9487180  1.0915751   48.03692  -46.23198    34.7365    34.7520     3.6467     3.6443    27.6127    27.6253    6.29457    6.42060         23 0.0000e+00
      71781   2990.849    260.000     3.6613   3.214791     3.6547   3.215440      95.58     0.0149     2.8744     2.5659  1.9482119  1.0910691   48.03692  -46.23198    34.7351    34.7499     3.6436     3.6371    27.6119    27.6244    6.29350    6.41640         24 0.0000e+00
      71807   2991.932    259.000     3.6533   3.213965     3.6449   3.214309      95.50     0.0187     2.8747     2.5658  1.9471030  1.0894672   48.03692  -46.23198    34.7341    34.7472     3.6358     3.6274    27.6119    27.6232    6.28600    6.40624         29 0.0000e+00
      71842   2993.389    258.000     3.6409   3.212492     3.6357   3.213243      95.45     0.0168     2.8748     2.5655  1.9481022  1.0892258   48.03692  -46.23196    34.7302    34.7448     3.6235     3.6183    27.6101    27.6222    6.28878    6.41278         40 0.0000e+00
      71880   2994.952    257.000     3.6317   3.211425     3.6319   3.212785      95.64     0.0137     2.8753     2.5663  1.9487239  1.0882257   48.03692  -46.23196    34.7278    34.7440     3.6143     3.6145    27.6091    27.6219    6.29472    6.41737         34 0.0000e+00
      71911   2996.260    256.000     3.6258   3.210713     3.6260   3.212106      95.68     0.0162     2.8760     2.5671  1.9487180  1.0866536   48.03694  -46.23194    34.7261    34.7426     3.6086     3.6088    27.6082    27.6214    6.29446    6.42452         28 0.0000e+00
      71936   2997.307    255.000     3.6211   3.210169     3.6220   3.211616      55.81     0.0125     2.8762     2.5678  1.9487180  1.0866911   48.03694  -46.23194    34.7251    34.7415     3.6039     3.6048    27.6079    27.6209    6.29685    6.43142         22 0.0000e+00
      71956   2998.131    254.000     3.6153   3.209502     3.6151   3.210844      64.52     0.0170     2.8767     2.5692  1.9487180  1.0866911   48.03694  -46.23194    34.7238    34.7401     3.5982     3.5980    27.6075    27.6205    6.29208    6.43213         18 0.0000e+00
      71972   2998.795    253.000     3.6073   3.208570     3.6067   3.209887      94.71     0.0163     2.8761     2.5691  1.9486362  1.0866094   48.03694  -46.23194    34.7217    34.7382     3.5903     3.5897    27.6066    27.6198    6.29466    6.42385         15 0.0000e+00
      71986   2999.381    252.000     3.5980   3.207534     3.5966   3.208759      95.95     0.0137     2.8765     2.5693  1.9467245  1.0842230   48.03694  -46.23194    34.7197    34.7359     3.5811     3.5797    27.6059    27.6189    6.30036    6.42497         13 0.0000e+00
      72000   2999.940    251.000     3.5869   3.206304     3.5824   3.207181      95.47     0.0146     2.8769     2.5694  1.9462739  1.0842491   48.03694  -46.23194    34.7173    34.7327     3.5700     3.5655    27.6051    27.6178    6.30058    6.42812         14 0.0000e+00
      72013   3000.516    250.000     3.5775   3.205255     3.5743   3.206291      86.94     0.0173     2.8769     2.5695  1.9462759  1.0842491   48.03694  -46.23194    34.7153    34.7312     3.5607     3.5575    27.6044    27.6174    6.30181    6.42796         14 0.0000e+00
      72029   3001.180    249.000     3.5736   3.204805     3.5724   3.206033      92.73     0.0188     2.8774     2.5695  1.9482894  1.0827726   48.03694  -46.23194    34.7146    34.7305     3.5569     3.5558    27.6042    27.6170    6.30808    6.43124         18 0.0000e+00
      72067   3002.741    248.000     3.5748   3.204919     3.5746   3.206243      94.93     0.0181     2.8781     2.5694  1.9496025  1.0807415   48.03694  -46.23193    34.7152    34.7313     3.5582     3.5580    27.6045    27.6174    6.30657    6.42021         76 0.0000e+00
      72141   3005.831    247.000     3.5826   3.205765     3.5744   3.206185      95.55     0.0134     2.8808     2.5677  1.9488450  1.0767155   48.03694  -46.23192    34.7175    34.7313     3.5661     3.5579    27.6057    27.6175    6.32201    6.42107         33 0.0000e+00
      72157   3006.494    246.000     3.5816   3.205544     3.5797   3.206644      95.43     0.0182     2.8815     2.5685  1.9487139  1.0767810   48.03694  -46.23192    34.7166    34.7318     3.5651     3.5632    27.6050    27.6173    6.31511    6.42804         18 0.0000e+00
      72172   3007.130    245.000     3.5762   3.204917     3.5757   3.206217      96.04     0.0189     2.8820     2.5690  1.9487180  1.0761666   48.03694  -46.23192    34.7154    34.7314     3.5598     3.5593    27.6045    27.6174    6.30804    6.42971         13 0.0000e+00
      72185   3007.680    244.000     3.5717   3.204357     3.5699   3.205514      95.60     0.0156     2.8818     2.5693  1.9487180  1.0756905   48.03694  -46.23192    34.7139    34.7297     3.5554     3.5536    27.6039    27.6166    6.31044    6.43045         13 0.0000e+00
      72198   3008.209    243.000     3.5635   3.203368     3.5595   3.204311      68.03     0.0151     2.8816     2.5699  1.9487180  1.0756081   48.03694  -46.23192    34.7114    34.7270     3.5473     3.5432    27.6026    27.6154    6.30959    6.42729         13 0.0000e+00
      72211   3008.754    242.000     3.5519   3.202030     3.5476   3.202917      69.43     0.0148     2.8825     2.5698  1.9487180  1.0756992   48.03694  -46.23191    34.7081    34.7234     3.5358     3.5314    27.6011    27.6138    6.31061    6.42184         14 0.0000e+00
      72226   3009.363    241.000     3.5344   3.200110     3.5313   3.201063      95.28     0.0151     2.8818     2.5693  1.9487180  1.0757021   48.03694  -46.23190    34.7038    34.7190     3.5184     3.5153    27.5994    27.6119    6.30485    6.42008         15 0.0000e+00
