data/CTD/2013/CNV/U021A029.CNV
* Sea-Bird SBE 9 Data File:
* FileName = C:\CTD_ACQUISITION\2013021HUD\ctddata\021A029.hdr
* Software Version Seasave V 7.22.2
* Temperature SN = 5081
* Conductivity SN = 3561
* Number of Bytes Per Scan = 37
* Number of Voltage Words = 4
* Number of Scans Averaged by the Deck Unit = 1
* NMEA Latitude = 47 58.52 N
* NMEA Longitude = 046 09.24 W
* NMEA UTC (Time) = Jul 03 2013 02:14:03
* NMEA baud rate = 9600
** Ship: Hudson
** Cruise: HUD2013021
** Chief_Scientist: Greenan
** Organization: BIO
** Area_of_Operation: Sackville Spur
** Station: 29
** Sounding:  1088
** Event_Comments: SS17  393133
# nquan = 25
# nvalues = 1077                        
# units = specified
# name 0 = scan: Scan Count
# name 1 = timeS: Time, Elapsed [seconds]
# name 2 = prDM: Pressure, Digiquartz [db]
# name 3 = t068C: Temperature [ITS-68, deg C]
# name 4 = c0S/m: Conductivity [S/m]
# name 5 = t168C: Temperature, 2 [ITS-68, deg C]
# name 6 = c1S/m: Conductivity, 2 [S/m]
# name 7 = altM: Altimeter [m]
# name 8 = flCUVA: Fluorescence, Chelsea UV Aquatracka [ug/l]
# name 9 = sbeox0V: Oxygen raw, SBE 43 [V]
# name 10 = sbeox1V: Oxygen raw, SBE 43, 2 [V]
# name 11 = upoly0: Upoly 0, Optode 4330F - O2 D-Phase
# name 12 = upoly1: Upoly 1, Optode 4330F - O2 Temp
# name 13 = latitude: Latitude [deg]
# name 14 = longitude: Longitude [deg]
# name 15 = sal00: Salinity, Practical [PSU]
# name 16 = sal11: Salinity, Practical, 2 [PSU]
# name 17 = potemp068C: Potential Temperature [ITS-68, deg C]
# name 18 = potemp168C: Potential Temperature, 2 [ITS-68, deg C]
# name 19 = sigma-é00: Density [sigma-theta, Kg/m^3]
# name 20 = sigma-é11: Density, 2 [sigma-theta, Kg/m^3]
# name 21 = sbeox0ML/L: Oxygen, SBE 43 [ml/l], WS = 2
# name 22 = sbeox1ML/L: Oxygen, SBE 43, 2 [ml/l], WS = 2
# name 23 = nbin: number of scans per bin
# name 24 = flag: flag
# span 0 =      39720,      66027       
# span 1 =   1654.942,   2751.084       
# span 2 =      1.000,   1077.000       
# span 3 =     0.1934,     5.8243       
# span 4 =   2.813916,   3.292615       
# span 5 =     0.1686,     5.8237       
# span 6 =   2.810972,   3.293938       
# span 7 =      -1.83,     108.38       
# span 8 =     0.0055,     0.4209       
# span 9 =     2.5178,     3.3904       
# span 10 =     2.2645,     3.0302      
# span 11 =  1.7338214,  2.0391830      
# span 12 =  0.6935125,  1.3543339      
# span 13 =   47.97539,   47.97572      
# span 14 =  -46.15311,  -46.15226      
# span 15 =    32.5960,    34.9143      
# span 16 =    32.6110,    34.9304      
# span 17 =     0.1918,     5.8242      
# span 18 =     0.1670,     5.8236      
# span 19 =    25.6754,    27.7565      
# span 20 =    25.6873,    27.7695      
# span 21 =    5.84733,    8.55474      
# span 22 =    6.06334,    8.56757      
# span 23 =          8,        288      
# span 24 = 0.0000e+00, 0.0000e+00      
# interval = decibars: 1                
# start_time = Jul 03 2013 02:14:03 [NMEA time, header]
# bad_flag = -9.990e-29
*END*
[from data line 696]
      56389   2349.491    381.000     4.2469   3.285092     4.2464   3.286384      96.19     0.0137     2.8068     2.5010  1.9548229  1.1537445   47.97564  -46.15270    34.8847    34.9005     4.2188     4.2183    27.6714    27.6840    6.07623    6.18523         12 0.0000e+00
      56400   2349.970    380.000     4.2405   3.284355     4.2369   3.285321      87.22     0.0133     2.8061     2.5007  1.9548229  1.1538442   47.97564  -46.15270    34.8834    34.8986     4.2125     4.2089    27.6710    27.6835    6.06986    6.19285         12 0.0000e+00
      56413   2350.484    379.000     4.2277   3.282952     4.2197   3.283489      57.20     0.0128     2.8055     2.5001  1.9548229  1.1537551   47.97564  -46.15270    34.8809    34.8956     4.1999     4.1919    27.6704    27.6830    6.07490    6.20497         13 0.0000e+00
      56428   2351.117    378.000     4.2139   3.281446     4.1972   3.281100      93.83     0.0129     2.8051     2.5008  1.9548229  1.1538420   47.97564  -46.15270    34.8782    34.8917     4.1862     4.1696    27.6697    27.6823    6.08851    6.22413         18 0.0000e+00
      56459   2352.411    377.000     4.2049   3.280480     4.1999   3.281304      79.68     0.0165     2.8071     2.5028  1.9548472  1.1537006   47.97563  -46.15272    34.8768    34.8921     4.1773     4.1728    27.6696    27.6823    6.11387    6.23234         47 0.0000e+00
      56501   2354.181    376.000     4.2310   3.283102     4.2316   3.284575      86.75     0.0157     2.8111     2.5058  1.9550000  1.1533642   47.97562  -46.15272    34.8807    34.8975     4.2035     4.2039    27.6698    27.6832    6.12821    6.24562         29 0.0000e+00
      56524   2355.127    375.000     4.2275   3.282744     4.2176   3.283150      96.33     0.0125     2.8136     2.5081  1.9554431  1.1526085   47.97562  -46.15272    34.8805    34.8960     4.2000     4.1901    27.6701    27.6835    6.13299    6.24983         20 0.0000e+00
      56542   2355.857    374.000     4.2045   3.280437     4.1772   3.278939      96.13     0.0121     2.8153     2.5091  1.9552803  1.1526252   47.97562  -46.15272    34.8783    34.8896     4.1771     4.1499    27.6708    27.6827    6.13316    6.24814         16 0.0000e+00
      56558   2356.542    373.000     4.1720   3.276899     4.1563   3.276626      96.14     0.0138     2.8162     2.5096  1.9569054  1.1531996   47.97562  -46.15272    34.8715    34.8848     4.1448     4.1292    27.6688    27.6811    6.13542    6.24962         17 0.0000e+00
      56576   2357.303    372.000     4.1570   3.275267     4.1497   3.275828      96.12     0.0144     2.8172     2.5102  1.9584664  1.1538382   47.97564  -46.15272    34.8685    34.8830     4.1300     4.1226    27.6681    27.6803    6.13541    6.25206         20 0.0000e+00
      56599   2358.260    371.000     4.1473   3.274171     4.1439   3.275137      69.97     0.0174     2.8179     2.5110  1.9582391  1.1533524   47.97564  -46.15272    34.8664    34.8814     4.1204     4.1170    27.6674    27.6797    6.13197    6.25195         25 0.0000e+00
      56623   2359.253    370.000     4.1464   3.273988     4.1439   3.275041      96.38     0.0157     2.8177     2.5116  1.9573549  1.1512430   47.97562  -46.15274    34.8657    34.8809     4.1195     4.1170    27.6669    27.6792    6.13538    6.25096         22 0.0000e+00
      56642   2360.050    369.000     4.1463   3.273898     4.1473   3.275325      96.10     0.0196     2.8193     2.5117  1.9570463  1.1514052   47.97562  -46.15274    34.8653    34.8811     4.1195     4.1205    27.6665    27.6790    6.14563    6.24652         17 0.0000e+00
      56658   2360.728    368.000     4.1498   3.274158     4.1512   3.275667      96.12     0.0187     2.8197     2.5118  1.9553431  1.1495597   47.97562  -46.15274    34.8653    34.8815     4.1230     4.1245    27.6662    27.6790    6.13828    6.24519         15 0.0000e+00
      56673   2361.344    367.000     4.1536   3.274486     4.1545   3.275934      59.91     0.0183     2.8203     2.5120  1.9548957  1.1488680   47.97562  -46.15274    34.8656    34.8818     4.1269     4.1278    27.6660    27.6788    6.13242    6.24655         15 0.0000e+00
      56688   2361.953    366.000     4.1554   3.274646     4.1559   3.276050      74.10     0.0180     2.8198     2.5121  1.9548236  1.1489614   47.97562  -46.15274    34.8661    34.8821     4.1288     4.1293    27.6662    27.6789    6.12909    6.24605         15 0.0000e+00
      56703   2362.598    365.000     4.1569   3.274746     4.1571   3.276130      95.88     0.0168     2.8202     2.5125  1.9548229  1.1482067   47.97562  -46.15274    34.8663    34.8824     4.1304     4.1305    27.6662    27.6790    6.13172    6.24482         16 0.0000e+00
      56723   2363.409    364.000     4.1574   3.274789     4.1603   3.276402      69.25     0.0174     2.8202     2.5125  1.9551668  1.1477569   47.97562  -46.15276    34.8667    34.8827     4.1310     4.1338    27.6665    27.6789    6.12835    6.24245         24 0.0000e+00
      56761   2365.002    363.000     4.1577   3.274771     4.1601   3.276350      86.23     0.0178     2.8206     2.5136  1.9550127  1.1477412   47.97562  -46.15276    34.8668    34.8829     4.1313     4.1337    27.6665    27.6791    6.12834    6.25358         52 0.0000e+00
      56802   2366.709    362.000     4.1566   3.274600     4.1548   3.275777      69.29     0.0142     2.8207     2.5146  1.9548156  1.1470094   47.97560  -46.15276    34.8664    34.8823     4.1303     4.1285    27.6663    27.6791    6.12253    6.24892         26 0.0000e+00
      56823   2367.563    361.000     4.1583   3.274729     4.1650   3.276683      96.07     0.0114     2.8198     2.5146  1.9548229  1.1465201   47.97560  -46.15276    34.8667    34.8827     4.1321     4.1387    27.6663    27.6784    6.11801    6.24080         18 0.0000e+00
      56839   2368.261    360.000     4.1648   3.275301     4.1707   3.277225      64.87     0.0138     2.8200     2.5142  1.9548229  1.1465201   47.97560  -46.15276    34.8671    34.8836     4.1386     4.1445    27.6660    27.6785    6.12044    6.23616         15 0.0000e+00
      56855   2368.898    359.000     4.1722   3.275972     4.1745   3.277543      82.13     0.0163     2.8199     2.5141  1.9548229  1.1464357   47.97560  -46.15277    34.8677    34.8839     4.1461     4.1484    27.6657    27.6783    6.12077    6.23601         15 0.0000e+00
      56869   2369.507    358.000     4.1741   3.276093     4.1740   3.277441      96.24     0.0127     2.8200     2.5139  1.9548229  1.1465210   47.97560  -46.15278    34.8677    34.8837     4.1481     4.1480    27.6654    27.6782    6.11969    6.23833         15 0.0000e+00
      56883   2370.097    357.000     4.1737   3.275983     4.1731   3.277265      96.09     0.0118     2.8201     2.5142  1.9548229  1.1465201   47.97560  -46.15278    34.8673    34.8832     4.1478     4.1471    27.6652    27.6779    6.11804    6.23999         14 0.0000e+00
      56897   2370.677    356.000     4.1741   3.275959     4.1746   3.277346      70.96     0.0114     2.8199     2.5141  1.9539664  1.1472911   47.97560  -46.15278    34.8672    34.8830     4.1482     4.1487    27.6650    27.6776    6.12265    6.23824         14 0.0000e+00
      56911   2371.262    355.000     4.1761   3.276107     4.1780   3.277617      55.23     0.0114     2.8204     2.5143  1.9535211  1.1477349   47.97560  -46.15278    34.8674    34.8832     4.1502     4.1521    27.6650    27.6774    6.13354    6.23735         14 0.0000e+00
      56926   2371.891    354.000     4.1815   3.276571     4.1832   3.278094      82.00     0.0129     2.8216     2.5143  1.9536012  1.1477412   47.97560  -46.15279    34.8676    34.8838     4.1558     4.1575    27.6645    27.6773    6.13008    6.23059         16 0.0000e+00
      56944   2372.627    353.000     4.1850   3.276939     4.1926   3.278974      95.74     0.0153     2.8217     2.5138  1.9536020  1.1477412   47.97560  -46.15280    34.8688    34.8848     4.1593     4.1668    27.6651    27.6771    6.11455    6.21698         20 0.0000e+00
      56980   2374.108    352.000     4.1834   3.276713     4.1906   3.278743      96.10     0.0140     2.8200     2.5119  1.9540305  1.1481698   47.97560  -46.15280    34.8684    34.8848     4.1578     4.1649    27.6650    27.6772    6.09556    6.21009         60 0.0000e+00
      57032   2376.305    351.000     4.1758   3.275920     4.1805   3.277695      72.00     0.0062     2.8165     2.5099  1.9549052  1.1489922   47.97560  -46.15280    34.8676    34.8835     4.1503     4.1550    27.6651    27.6773    6.10085    6.21521         26 0.0000e+00
      57049   2376.990    350.000     4.1815   3.276394     4.1887   3.278383      60.08     0.0100     2.8170     2.5099  1.9548229  1.1476976   47.97558  -46.15280    34.8677    34.8838     4.1560     4.1632    27.6646    27.6766    6.10656    6.21533         15 0.0000e+00
      57062   2377.541    349.000     4.1934   3.277483     4.2022   3.279696      89.96     0.0111     2.8172     2.5098  1.9548229  1.1477412   47.97558  -46.15280    34.8685    34.8853     4.1680     4.1768    27.6640    27.6764    6.10074    6.20995         12 0.0000e+00
      57073   2378.021    348.000     4.2057   3.278658     4.2106   3.280470      96.09     0.0124     2.8172     2.5095  1.9548229  1.1477412   47.97558  -46.15282    34.8699    34.8861     4.1803     4.1852    27.6638    27.6761    6.09355    6.20825         12 0.0000e+00
      57085   2378.492    347.000     4.2117   3.279195     4.2137   3.280728      96.06     0.0100     2.8174     2.5095  1.9548229  1.1477412   47.97558  -46.15282    34.8704    34.8864     4.1864     4.1883    27.6635    27.6761    6.09106    6.21107         11 0.0000e+00
      57097   2378.989    346.000     4.2138   3.279348     4.2135   3.280658      83.50     0.0107     2.8161     2.5099  1.9548229  1.1477412   47.97560  -46.15282    34.8706    34.8863     4.1885     4.1883    27.6634    27.6760    6.08699    6.21610         13 0.0000e+00
      57111   2379.581    345.000     4.2125   3.279139     4.2091   3.280131      62.40     0.0155     2.8167     2.5102  1.9548229  1.1477412   47.97560  -46.15282    34.8700    34.8853     4.1873     4.1839    27.6631    27.6756    6.09064    6.22091         16 0.0000e+00
      57153   2381.321    344.000     4.2088   3.278736     4.2059   3.279831      85.61     0.0157     2.8167     2.5125  1.9539984  1.1495873   47.97560  -46.15282    34.8697    34.8855     4.1836     4.1811    27.6633    27.6761    6.09820    6.22956         67 0.0000e+00
      57197   2383.185    343.000     4.2063   3.278452     4.2016   3.279414      69.03     0.0174     2.8183     2.5133  1.9545275  1.1502165   47.97558  -46.15282    34.8695    34.8858     4.1813     4.1766    27.6633    27.6768    6.10170    6.20934         15 0.0000e+00
      57209   2383.667    342.000     4.2073   3.278503     4.2045   3.279591      83.84     0.0150     2.8186     2.5130  1.9546239  1.1503942   47.97558  -46.15282    34.8696    34.8854     4.1823     4.1796    27.6633    27.6762    6.09633    6.20892         12 0.0000e+00
      57220   2384.114    341.000     4.2070   3.278366     4.2051   3.279540      74.40     0.0132     2.8170     2.5126  1.9548273  1.1501788   47.97558  -46.15282    34.8688    34.8847     4.1822     4.1802    27.6627    27.6755    6.08792    6.21232         10 0.0000e+00
      57229   2384.517    340.000     4.2038   3.277919     4.2015   3.279027      49.65     0.0139     2.8191     2.5121  1.9542575  1.1501832   47.97558  -46.15282    34.8674    34.8829     4.1790     4.1767    27.6619    27.6745    6.08847    6.21528          9 0.0000e+00
      57238   2384.890    339.000     4.2012   3.277546     4.1998   3.278744      86.52     0.0133     2.8173     2.5130  1.9535748  1.1501832   47.97558  -46.15284    34.8664    34.8819     4.1765     4.1751    27.6614    27.6739    6.08829    6.22259          9 0.0000e+00
      57248   2385.275    338.000     4.1994   3.277299     4.1981   3.278508      95.98     0.0148     2.8167     2.5129  1.9536020  1.1501832   47.97558  -46.15284    34.8659    34.8814     4.1748     4.1735    27.6612    27.6737    6.08573    6.22254         10 0.0000e+00
      57258   2385.692    337.000     4.1970   3.276993     4.1945   3.278067      96.08     0.0154     2.8176     2.5134  1.9536020  1.1501832   47.97558  -46.15284    34.8653    34.8806     4.1725     4.1700    27.6609    27.6734    6.09463    6.22267         11 0.0000e+00
      57270   2386.221    336.000     4.1950   3.276723     4.1913   3.277656      96.03     0.0128     2.8176     2.5136  1.9536791  1.1501832   47.97558  -46.15284    34.8648    34.8797     4.1706     4.1668    27.6607    27.6730    6.10070    6.22144         15 0.0000e+00
      57327   2388.604    335.000     4.1952   3.276717     4.1971   3.278306      96.10     0.0155     2.8205     2.5142  1.9552112  1.1498860   47.97558  -46.15284    34.8650    34.8818     4.1708     4.1727    27.6609    27.6741    6.11217    6.21781         43 0.0000e+00
      57387   2391.080    334.000     4.1969   3.276847     4.2013   3.278709      96.10     0.0158     2.8233     2.5150  1.9548231  1.1489701   47.97558  -46.15284    34.8653    34.8826     4.1726     4.1770    27.6609    27.6743    6.11162    6.21446         10 0.0000e+00
      57396   2391.477    333.000     4.1957   3.276651     4.1996   3.278474      96.12     0.0179     2.8227     2.5149  1.9548229  1.1489621   47.97558  -46.15284    34.8648    34.8821     4.1715     4.1754    27.6606    27.6740    6.10828    6.21316          8 0.0000e+00
      57405   2391.837    332.000     4.1949   3.276505     4.1969   3.278114      96.11     0.0191     2.8237     2.5151  1.9548229  1.1489621   47.97558  -46.15284    34.8645    34.8813     4.1707     4.1728    27.6605    27.6736    6.10905    6.21490          9 0.0000e+00
      57414   2392.199    331.000     4.1921   3.276141     4.1914   3.277445      62.04     0.0191     2.8238     2.5146  1.9548229  1.1489621   47.97558  -46.15284    34.8636    34.8798     4.1680     4.1673    27.6601    27.6730    6.10858    6.21560          9 0.0000e+00
      57423   2392.574    330.000     4.1863   3.275466     4.1830   3.276475      50.03     0.0185     2.8234     2.5148  1.9549553  1.1489621   47.97558  -46.15284    34.8623    34.8777     4.1623     4.1591    27.6597    27.6722    6.10638    6.22111          9 0.0000e+00
      57433   2392.987    329.000     4.1803   3.274757     4.1771   3.275782      93.53     0.0188     2.8237     2.5152  1.9553652  1.1489621   47.97558  -46.15284    34.8608    34.8763     4.1564     4.1532    27.6591    27.6717    6.10575    6.22036         11 0.0000e+00
      57444   2393.478    328.000     4.1778   3.274441     4.1740   3.275401      96.04     0.0203     2.8237     2.5154  1.9557451  1.1489621   47.97558  -46.15284    34.8602    34.8756     4.1540     4.1502    27.6589    27.6715    6.10391    6.21513         13 0.0000e+00
      57463   2394.245    327.000     4.1771   3.274340     4.1741   3.275350      96.09     0.0144     2.8235     2.5147  1.9555694  1.1489621   47.97558  -46.15284    34.8603    34.8755     4.1534     4.1503    27.6590    27.6714    6.10108    6.21775         27 0.0000e+00
      57531   2397.077    326.000     4.1737   3.273943     4.1857   3.276618      61.17     0.0129     2.8263     2.5183  1.9549258  1.1483169   47.97557  -46.15284    34.8598    34.8787     4.1501     4.1620    27.6589    27.6727    6.13421    6.24625         74 0.0000e+00
      57560   2398.300    325.000     4.1683   3.273282     4.1756   3.275388      58.23     0.0143     2.8284     2.5199  1.9557340  1.1477462   47.97556  -46.15286    34.8582    34.8754     4.1447     4.1520    27.6583    27.6711    6.12604    6.23708         16 0.0000e+00
