data/CTD/2013/CNV/U021A043.CNV
* Sea-Bird SBE 9 Data File:
* FileName = C:\CTD_ACQUISITION\2013021HUD\ctddata\021A043.hdr
* Software Version Seasave V 7.22.2
* Temperature SN = 5081
* Conductivity SN = 3561
* Number of Bytes Per Scan = 37
* Number of Voltage Words = 4
* Number of Scans Averaged by the Deck Unit = 1
* NMEA Latitude = 48 24.11 N
* NMEA Longitude = 046 14.76 W
* NMEA UTC (Time) = Jul 04 2013 05:49:20
* NMEA baud rate = 9600
** Ship: Hudson
** Cruise: HUD2013021
** Chief_Scientist: Greenan
** Organization: BIO
** Area_of_Operation: Sackville Spur
** Station: 43
** Sounding:  1023
** Event_Comments: FP_BSR_3  393194
# nquan = 25
# nvalues = 1013                        
# units = specified
# name 0 = scan: Scan Count
# name 1 = timeS: Time, Elapsed [seconds]
# name 2 = prDM: Pressure, Digiquartz [db]
# name 3 = t068C: Temperature [ITS-68, deg C]
# name 4 = c0S/m: Conductivity [S/m]
# name 5 = t168C: Temperature, 2 [ITS-68, deg C]
# name 6 = c1S/m: Conductivity, 2 [S/m]
# name 7 = altM: Altimeter [m]
# name 8 = flCUVA: Fluorescence, Chelsea UV Aquatracka [ug/l]
# name 9 = sbeox0V: Oxygen raw, SBE 43 [V]
# name 10 = sbeox1V: Oxygen raw, SBE 43, 2 [V]
# name 11 = upoly0: Upoly 0, Optode 4330F - O2 D-Phase
# name 12 = upoly1: Upoly 1, Optode 4330F - O2 Temp
# name 13 = latitude: Latitude [deg]
# name 14 = longitude: Longitude [deg]
# name 15 = sal00: Salinity, Practical [PSU]
# name 16 = sal11: Salinity, Practical, 2 [PSU]
# name 17 = potemp068C: Potential Temperature [ITS-68, deg C]
# name 18 = potemp168C: Potential Temperature, 2 [ITS-68, deg C]
# name 19 = sigma-é00: Density [sigma-theta, Kg/m^3]
# name 20 = sigma-é11: Density, 2 [sigma-theta, Kg/m^3]
# name 21 = sbeox0ML/L: Oxygen, SBE 43 [ml/l], WS = 2
# name 22 = sbeox1ML/L: Oxygen, SBE 43, 2 [ml/l], WS = 2
# name 23 = nbin: number of scans per bin
# name 24 = flag: flag
# span 0 =      37084,      66669       
# span 1 =   1545.107,   2777.844       
# span 2 =      1.000,   1013.000       
# span 3 =     0.8571,     6.7558       
# span 4 =   2.880817,   3.336732       
# span 5 =     0.8538,     6.7574       
# span 6 =   2.881826,   3.338797       
# span 7 =       5.27,     103.21       
# span 8 =     0.0041,     0.3057       
# span 9 =     2.5894,     3.4953       
# span 10 =     2.3281,     3.1368      
# span 11 =  1.7229366,  2.0056010      
# span 12 =  0.7533274,  1.4460723      
# span 13 =   48.40399,   48.40496      
# span 14 =  -46.24142,  -46.23450      
# span 15 =    31.1647,    34.9041      
# span 16 =    31.3399,    34.9205      
# span 17 =     0.8560,     6.7557      
# span 18 =     0.8527,     6.7573      
# span 19 =    24.4313,    27.7381      
# span 20 =    24.5690,    27.7510      
# span 21 =    6.01684,    9.16813      
# span 22 =    6.22246,    9.43298      
# span 23 =         11,        677      
# span 24 = 0.0000e+00, 0.0000e+00      
# interval = decibars: 1                
# start_time = Jul 04 2013 05:49:20 [NMEA time, header]
# bad_flag = -9.990e-29
*END*
[from data line 174]
      43352   1806.303    839.000     3.7831   3.263670     3.7832   3.265061      83.61     0.0099     2.6997     2.4190  1.9661503  1.0989022   48.40426  -46.23996    34.8816    34.8981     3.7215     3.7215    27.7208    27.7339    6.22481    6.39639         25 0.0000e+00
      43377   1807.329    838.000     3.7835   3.263646     3.7840   3.265084      89.16     0.0105     2.7005     2.4191  1.9659592  1.0989012   48.40426  -46.23996    34.8814    34.8979     3.7220     3.7225    27.7206    27.7337    6.23495    6.39016         25 0.0000e+00
      43401   1808.350    837.000     3.7841   3.263640     3.7856   3.265158      93.97     0.0146     2.7017     2.4191  1.9664714  1.0989012   48.40426  -46.23996    34.8812    34.8977     3.7227     3.7241    27.7203    27.7334    6.24171    6.38742         24 0.0000e+00
      43424   1809.295    836.000     3.7848   3.263650     3.7864   3.265181      89.96     0.0177     2.7031     2.4189  1.9663931  1.0989012   48.40426  -46.23996    34.8811    34.8976     3.7234     3.7251    27.7202    27.7332    6.23626    6.38713         21 0.0000e+00
      43443   1810.092    835.000     3.7855   3.263662     3.7864   3.265134      90.38     0.0162     2.7032     2.4192  1.9660960  1.0989012   48.40426  -46.23996    34.8811    34.8976     3.7242     3.7251    27.7201    27.7331    6.22656    6.39249         17 0.0000e+00
      43460   1810.807    834.000     3.7863   3.263686     3.7867   3.265117      96.26     0.0138     2.7034     2.4195  1.9660993  1.0989012   48.40427  -46.23995    34.8810    34.8976     3.7251     3.7255    27.7199    27.7331    6.22859    6.39403         17 0.0000e+00
      43478   1811.530    833.000     3.7868   3.263687     3.7873   3.265131      89.19     0.0122     2.7033     2.4199  1.9661328  1.0989012   48.40428  -46.23994    34.8810    34.8976     3.7257     3.7262    27.7199    27.7331    6.22881    6.39298         19 0.0000e+00
      43498   1812.377    832.000     3.7872   3.263679     3.7876   3.265108      73.69     0.0116     2.7039     2.4199  1.9651134  1.0989012   48.40428  -46.23994    34.8810    34.8976     3.7262     3.7265    27.7198    27.7330    6.23334    6.38076         22 0.0000e+00
      43523   1813.411    831.000     3.7875   3.263660     3.7875   3.265061      94.30     0.0134     2.7049     2.4195  1.9649647  1.0989012   48.40428  -46.23994    34.8810    34.8976     3.7265     3.7265    27.7198    27.7330    6.23530    6.38711         26 0.0000e+00
      43547   1814.400    830.000     3.7876   3.263618     3.7876   3.265019      96.10     0.0156     2.7047     2.4200  1.9645894  1.0989012   48.40428  -46.23992    34.8809    34.8975     3.7267     3.7267    27.7197    27.7329    6.22430    6.39325         22 0.0000e+00
      43567   1815.243    829.000     3.7880   3.263604     3.7881   3.265024      96.13     0.0176     2.7052     2.4205  1.9645909  1.0989012   48.40428  -46.23992    34.8808    34.8976     3.7272     3.7273    27.7196    27.7329    6.23221    6.39623         19 0.0000e+00
      43586   1816.025    828.000     3.7886   3.263610     3.7894   3.265088      96.13     0.0199     2.7052     2.4212  1.9638405  1.0989012   48.40428  -46.23992    34.8808    34.8975     3.7278     3.7286    27.7195    27.7328    6.23059    6.40073         18 0.0000e+00
      43605   1816.813    827.000     3.7893   3.263633     3.7900   3.265109      96.13     0.0182     2.7057     2.4219  1.9637363  1.0989012   48.40428  -46.23992    34.8808    34.8976     3.7286     3.7293    27.7194    27.7327    6.23227    6.40060         20 0.0000e+00
      43625   1817.656    826.000     3.7900   3.263661     3.7907   3.265128      79.79     0.0150     2.7061     2.4224  1.9637190  1.0989586   48.40428  -46.23992    34.8810    34.8976     3.7294     3.7301    27.7195    27.7326    6.23371    6.39709         21 0.0000e+00
      43647   1818.570    825.000     3.7904   3.263651     3.7914   3.265145      79.15     0.0138     2.7065     2.4229  1.9629562  1.0989020   48.40428  -46.23991    34.8809    34.8976     3.7299     3.7308    27.7194    27.7326    6.22680    6.39647         23 0.0000e+00
      43670   1819.551    824.000     3.7909   3.263654     3.7922   3.265170      95.91     0.0146     2.7064     2.4233  1.9631135  1.0991526   48.40428  -46.23990    34.8809    34.8975     3.7305     3.7317    27.7193    27.7325    6.22521    6.39687         24 0.0000e+00
      43695   1820.575    823.000     3.7917   3.263675     3.7926   3.265158      85.42     0.0131     2.7063     2.4236  1.9628063  1.0999800   48.40428  -46.23990    34.8809    34.8975     3.7313     3.7322    27.7192    27.7324    6.22492    6.39451         24 0.0000e+00
      43718   1821.548    822.000     3.7925   3.263703     3.7929   3.265138      96.45     0.0091     2.7067     2.4239  1.9632715  1.0999552   48.40428  -46.23990    34.8808    34.8975     3.7322     3.7326    27.7191    27.7323    6.22333    6.39867         22 0.0000e+00
      43739   1822.403    821.000     3.7925   3.263675     3.7928   3.265092      86.99     0.0104     2.7064     2.4246  1.9635556  1.1001235   48.40428  -46.23990    34.8811    34.8976     3.7323     3.7325    27.7193    27.7324    6.22217    6.40309         20 0.0000e+00
      43757   1823.175    820.000     3.7927   3.263636     3.7927   3.265048      91.74     0.0141     2.7067     2.4251  1.9637733  1.1001221   48.40428  -46.23988    34.8809    34.8977     3.7326     3.7325    27.7191    27.7325    6.22316    6.40008         18 0.0000e+00
      43776   1823.945    819.000     3.7927   3.263594     3.7926   3.264994      87.97     0.0157     2.7062     2.4254  1.9635664  1.1001221   48.40428  -46.23988    34.8809    34.8976     3.7327     3.7325    27.7191    27.7324    6.23200    6.39810         19 0.0000e+00
      43798   1824.861    818.000     3.7927   3.263556     3.7925   3.264949      81.97     0.0147     2.7080     2.4255  1.9635128  1.1001221   48.40428  -46.23988    34.8810    34.8977     3.7327     3.7325    27.7192    27.7325    6.23665    6.39663         26 0.0000e+00
      43828   1826.123    817.000     3.7927   3.263513     3.7925   3.264897      88.68     0.0096     2.7083     2.4261  1.9618946  1.1001221   48.40428  -46.23986    34.8810    34.8977     3.7328     3.7326    27.7192    27.7325    6.23011    6.39859         32 0.0000e+00
      43855   1827.248    816.000     3.7928   3.263467     3.7926   3.264856      95.96     0.0090     2.7088     2.4263  1.9607986  1.1001221   48.40428  -46.23986    34.8809    34.8975     3.7329     3.7328    27.7191    27.7324    6.23429    6.39562         22 0.0000e+00
      43874   1828.038    815.000     3.7928   3.263426     3.7926   3.264814      96.07     0.0109     2.7097     2.4263  1.9625003  1.1001221   48.40428  -46.23986    34.8809    34.8976     3.7330     3.7329    27.7191    27.7324    6.23365    6.39444         17 0.0000e+00
      43891   1828.746    814.000     3.7928   3.263384     3.7926   3.264769      96.11     0.0107     2.7096     2.4264  1.9630795  1.1001221   48.40428  -46.23986    34.8810    34.8976     3.7331     3.7329    27.7191    27.7324    6.22910    6.39600         17 0.0000e+00
      43908   1829.464    813.000     3.7927   3.263338     3.7925   3.264723      96.10     0.0119     2.7097     2.4267  1.9628991  1.1001221   48.40428  -46.23986    34.8810    34.8977     3.7331     3.7329    27.7191    27.7324    6.22679    6.39465         18 0.0000e+00
      43927   1830.250    812.000     3.7930   3.263317     3.7928   3.264707      82.21     0.0086     2.7097     2.4266  1.9615736  1.1001221   48.40428  -46.23986    34.8809    34.8977     3.7335     3.7333    27.7190    27.7324    6.22498    6.38825         20 0.0000e+00
      43948   1831.137    811.000     3.7939   3.263355     3.7936   3.264745      84.06     0.0124     2.7098     2.4264  1.9613737  1.1001221   48.40428  -46.23985    34.8809    34.8978     3.7345     3.7342    27.7190    27.7324    6.22422    6.38517         22 0.0000e+00
      43972   1832.108    810.000     3.7938   3.263310     3.7949   3.264805      96.10     0.0112     2.7095     2.4259  1.9618965  1.1001221   48.40428  -46.23984    34.8810    34.8977     3.7345     3.7375    27.7190    27.7322    6.22159    6.38374         24 0.0000e+00
      43996   1833.117    809.000     3.7939   3.263279     3.7978   3.265011      91.73     0.0112     2.7097     2.4261  1.9621521  1.1001221   48.40428  -46.23984    34.8811    34.8975     3.7347     3.7385    27.7190    27.7318    6.22352    6.39052         24 0.0000e+00
      44019   1834.092    808.000     3.7966   3.263450     3.7998   3.265156      88.25     0.0159     2.7099     2.4263  1.9616668  1.1001221   48.40428  -46.23984    34.8810    34.8976     3.7374     3.7406    27.7187    27.7316    6.22263    6.39232         23 0.0000e+00
      44040   1834.947    807.000     3.7981   3.263556     3.8016   3.265281      95.79     0.0164     2.7096     2.4270  1.9616354  1.1001221   48.40428  -46.23983    34.8810    34.8977     3.7389     3.7425    27.7186    27.7315    6.21780    6.38952         19 0.0000e+00
      44058   1835.706    806.000     3.8007   3.263746     3.8028   3.265349      95.58     0.0191     2.7095     2.4266  1.9615746  1.1001221   48.40428  -46.23982    34.8810    34.8978     3.7416     3.7437    27.7183    27.7315    6.22289    6.38341         17 0.0000e+00
      44075   1836.430    805.000     3.8027   3.263893     3.8034   3.265370      95.45     0.0158     2.7100     2.4268  1.9621429  1.1001221   48.40428  -46.23982    34.8812    34.8979     3.7437     3.7444    27.7182    27.7315    6.22737    6.38333         18 0.0000e+00
      44094   1837.191    804.000     3.8035   3.263935     3.8039   3.265375      89.81     0.0112     2.7106     2.4265  1.9621489  1.1001221   48.40428  -46.23982    34.8813    34.8980     3.7446     3.7450    27.7182    27.7315    6.22249    6.38328         19 0.0000e+00
      44116   1838.144    803.000     3.8041   3.263942     3.8042   3.265354      88.93     0.0139     2.7105     2.4269  1.9619724  1.1008726   48.40428  -46.23982    34.8813    34.8979     3.7452     3.7453    27.7181    27.7314    6.22235    6.38733         27 0.0000e+00
      44148   1839.460    802.000     3.8041   3.263901     3.8046   3.265339      95.78     0.0150     2.7114     2.4271  1.9622539  1.1013088   48.40428  -46.23981    34.8813    34.8979     3.7453     3.7458    27.7182    27.7313    6.23155    6.38458         35 0.0000e+00
      44210   1842.055    801.000     3.8035   3.263799     3.8036   3.265208      83.40     0.0157     2.7117     2.4278  1.9626020  1.1013454   48.40428  -46.23980    34.8813    34.8978     3.7448     3.7449    27.7182    27.7314    6.21173    6.38871         82 0.0000e+00
      44560   1856.613    800.000     3.8068   3.264057     3.8061   3.265396      87.19     0.0156     2.7104     2.4279  1.9628532  1.1008905   48.40428  -46.23974    34.8813    34.8980     3.7482     3.7474    27.7179    27.7313    6.22036    6.38339        157 0.0000e+00
      44705   1862.651    799.000     3.8069   3.264004     3.8074   3.265460      95.96     0.0145     2.7134     2.4289  1.9612349  1.1013393   48.40428  -46.23972    34.8812    34.8979     3.7483     3.7488    27.7177    27.7310    6.22745    6.38562         17 0.0000e+00
      44728   1863.628    798.000     3.8082   3.264091     3.8084   3.265516      81.62     0.0150     2.7137     2.4291  1.9617805  1.1013432   48.40428  -46.23971    34.8812    34.8981     3.7498     3.7499    27.7177    27.7310    6.22145    6.38705         24 0.0000e+00
      44755   1864.752    797.000     3.8098   3.264193     3.8093   3.265557      96.10     0.0149     2.7133     2.4291  1.9633728  1.1013432   48.40428  -46.23970    34.8813    34.8980     3.7514     3.7509    27.7176    27.7309    6.22389    6.38328         29 0.0000e+00
      44782   1865.863    796.000     3.8105   3.264214     3.8100   3.265570      95.73     0.0134     2.7135     2.4289  1.9628246  1.1014522   48.40428  -46.23970    34.8814    34.8980     3.7522     3.7516    27.7175    27.7308    6.22887    6.38392         23 0.0000e+00
      44802   1866.701    795.000     3.8114   3.264259     3.8118   3.265689      95.68     0.0125     2.7144     2.4293  1.9620272  1.1018538   48.40428  -46.23970    34.8815    34.8981     3.7531     3.7535    27.7175    27.7307    6.22818    6.38718         19 0.0000e+00
      44821   1867.497    794.000     3.8128   3.264350     3.8132   3.265785      95.15     0.0110     2.7145     2.4294  1.9620204  1.1019853   48.40428  -46.23970    34.8816    34.8982     3.7546     3.7550    27.7174    27.7306    6.23240    6.39108         19 0.0000e+00
      44841   1868.342    793.000     3.8144   3.264436     3.8145   3.265851      85.05     0.0143     2.7156     2.4301  1.9617977  1.1025702   48.40428  -46.23970    34.8814    34.8982     3.7563     3.7563    27.7171    27.7305    6.22955    6.39049         21 0.0000e+00
      44863   1869.252    792.000     3.8163   3.264536     3.8161   3.265926      90.06     0.0148     2.7155     2.4302  1.9614580  1.1025641   48.40428  -46.23968    34.8811    34.8979     3.7582     3.7580    27.7167    27.7301    6.22355    6.38336         23 0.0000e+00
      44885   1870.166    791.000     3.8169   3.264548     3.8168   3.265937      96.07     0.0150     2.7156     2.4302  1.9616835  1.1025060   48.40428  -46.23968    34.8811    34.8978     3.7589     3.7588    27.7166    27.7299    6.22118    6.38399         21 0.0000e+00
      44906   1871.054    790.000     3.8174   3.264542     3.8174   3.265947      93.15     0.0166     2.7157     2.4305  1.9615070  1.1025649   48.40428  -46.23968    34.8811    34.8978     3.7595     3.7595    27.7165    27.7298    6.22721    6.39045         21 0.0000e+00
      44927   1871.919    789.000     3.8177   3.264529     3.8176   3.265923      81.11     0.0143     2.7161     2.4312  1.9616259  1.1025641   48.40428  -46.23967    34.8811    34.8978     3.7599     3.7597    27.7165    27.7298    6.22449    6.39158         21 0.0000e+00
      44947   1872.745    788.000     3.8177   3.264478     3.8176   3.265871      95.98     0.0115     2.7161     2.4314  1.9615071  1.1025641   48.40428  -46.23966    34.8810    34.8977     3.7600     3.7598    27.7164    27.7298    6.22396    6.38695         19 0.0000e+00
      44967   1873.597    787.000     3.8174   3.264411     3.8171   3.265791      82.24     0.0091     2.7165     2.4316  1.9614280  1.1025641   48.40428  -46.23966    34.8811    34.8978     3.7597     3.7594    27.7166    27.7298    6.22530    6.38793         22 0.0000e+00
      44992   1874.634    786.000     3.8171   3.264342     3.8167   3.265703      71.45     0.0123     2.7170     2.4319  1.9621408  1.1025641   48.40428  -46.23966    34.8811    34.8977     3.7595     3.7591    27.7166    27.7298    6.22787    6.37885         28 0.0000e+00
      45020   1875.784    785.000     3.8170   3.264272     3.8166   3.265637      97.14     0.0140     2.7171     2.4311  1.9619352  1.1025641   48.40428  -46.23966    34.8810    34.8975     3.7594     3.7591    27.7164    27.7297    6.22445    6.38004         24 0.0000e+00
      45040   1876.616    784.000     3.8169   3.264217     3.8166   3.265589      95.87     0.0120     2.7178     2.4317  1.9614111  1.1025641   48.40428  -46.23966    34.8809    34.8975     3.7595     3.7591    27.7164    27.7296    6.23295    6.39438         17 0.0000e+00
      45055   1877.262    783.000     3.8167   3.264155     3.8164   3.265536      88.30     0.0140     2.7185     2.4325  1.9613333  1.1025641   48.40428  -46.23966    34.8808    34.8975     3.7594     3.7591    27.7163    27.7297    6.23265    6.39323         15 0.0000e+00
