data/CTD/2013/CNV/U021A053.CNV
* Sea-Bird SBE 9 Data File:
* FileName = C:\CTD_ACQUISITION\2013021HUD\ctddata\021A053.hdr
* Software Version Seasave V 7.22.2
* Temperature SN = 5081
* Conductivity SN = 3561
* Number of Bytes Per Scan = 37
* Number of Voltage Words = 4
* Number of Scans Averaged by the Deck Unit = 1
* NMEA Latitude = 48 45.35 N
* NMEA Longitude = 045 38.39 W
* NMEA UTC (Time) = Jul 05 2013 05:32:39
* NMEA baud rate = 9600
** Ship: Hudson
** Cruise: HUD2013021
** Chief_Scientist: Greenan
** Organization: BIO
** Area_of_Operation: Sackville Spur
** Station: 53
** Sounding:  1400
** Event_Comments: SS24  393215
# nquan = 25
# nvalues = 1369                        
# units = specified
# name 0 = scan: Scan Count
# name 1 = timeS: Time, Elapsed [seconds]
# name 2 = prDM: Pressure, Digiquartz [db]
# name 3 = t068C: Temperature [ITS-68, deg C]
# name 4 = c0S/m: Conductivity [S/m]
# name 5 = t168C: Temperature, 2 [ITS-68, deg C]
# name 6 = c1S/m: Conductivity, 2 [S/m]
# name 7 = altM: Altimeter [m]
# name 8 = flCUVA: Fluorescence, Chelsea UV Aquatracka [ug/l]
# name 9 = sbeox0V: Oxygen raw, SBE 43 [V]
# name 10 = sbeox1V: Oxygen raw, SBE 43, 2 [V]
# name 11 = upoly0: Upoly 0, Optode 4330F - O2 D-Phase
# name 12 = upoly1: Upoly 1, Optode 4330F - O2 Temp
# name 13 = latitude: Latitude [deg]
# name 14 = longitude: Longitude [deg]
# name 15 = sal00: Salinity, Practical [PSU]
# name 16 = sal11: Salinity, Practical, 2 [PSU]
# name 17 = potemp068C: Potential Temperature [ITS-68, deg C]
# name 18 = potemp168C: Potential Temperature, 2 [ITS-68, deg C]
# name 19 = sigma-é00: Density [sigma-theta, Kg/m^3]
# name 20 = sigma-é11: Density, 2 [sigma-theta, Kg/m^3]
# name 21 = sbeox0ML/L: Oxygen, SBE 43 [ml/l], WS = 2
# name 22 = sbeox1ML/L: Oxygen, SBE 43, 2 [ml/l], WS = 2
# name 23 = nbin: number of scans per bin
# name 24 = flag: flag
# span 0 =      39528,      66456       
# span 1 =   1646.974,   2768.939       
# span 2 =      1.000,   1369.000       
# span 3 =     2.1033,     8.0347       
# span 4 =   3.022965,   3.521845       
# span 5 =     2.0957,     8.0892       
# span 6 =   3.023609,   3.529214       
# span 7 =       2.95,      97.65       
# span 8 =     0.0045,     0.4553       
# span 9 =     2.4548,     3.4126       
# span 10 =     2.2063,     3.0463      
# span 11 =  1.7156118,  2.0435107      
# span 12 =  0.8997491,  1.5610654      
# span 13 =   48.75826,   48.75942      
# span 14 =  -45.64160,  -45.63994      
# span 15 =    33.6864,    34.9182      
# span 16 =    33.6864,    34.9344      
# span 17 =     2.1002,     8.0331      
# span 18 =     2.0926,     8.0873      
# span 19 =    26.3608,    27.7652      
# span 20 =    26.3713,    27.7783      
# span 21 =    5.88124,    7.64599      
# span 22 =    6.07652,    7.79539      
# span 23 =         11,        136      
# span 24 = 0.0000e+00, 0.0000e+00      
# interval = decibars: 1                
# start_time = Jul 05 2013 05:32:39 [NMEA time, header]
# bad_flag = -9.990e-29
*END*
[from data line 696]
      53206   2216.873    673.000     3.8058   3.258386     3.8057   3.259734      95.76     0.0084     2.7525     2.4542  1.9584860  1.1013432   48.75868  -45.64087    34.8814    34.8975     3.7571     3.7570    27.7170    27.7298    6.23887    6.36295         21 0.0000e+00
      53227   2217.747    672.000     3.8058   3.258338     3.8059   3.259701      95.77     0.0083     2.7517     2.4540  1.9584860  1.1013432   48.75868  -45.64088    34.8813    34.8974     3.7572     3.7573    27.7169    27.7298    6.23136    6.36464         21 0.0000e+00
      53247   2218.586    671.000     3.8059   3.258295     3.8060   3.259669      95.76     0.0129     2.7521     2.4542  1.9585505  1.1013432   48.75868  -45.64088    34.8812    34.8975     3.7574     3.7575    27.7168    27.7298    6.23620    6.36814         19 0.0000e+00
      53265   2219.343    670.000     3.8062   3.258267     3.8062   3.259640      67.91     0.0119     2.7516     2.4546  1.9584851  1.1013432   48.75868  -45.64088    34.8811    34.8974     3.7578     3.7578    27.7167    27.7297    6.23933    6.37469         17 0.0000e+00
      53282   2220.042    669.000     3.8065   3.258251     3.8070   3.259653      30.63     0.0138     2.7530     2.4554  1.9574076  1.1013432   48.75868  -45.64088    34.8811    34.8972     3.7581     3.7587    27.7167    27.7295    6.24846    6.37710         17 0.0000e+00
      53298   2220.722    668.000     3.8074   3.258286     3.8084   3.259748      79.55     0.0159     2.7529     2.4557  1.9567380  1.1013432   48.75868  -45.64088    34.8811    34.8975     3.7591     3.7600    27.7166    27.7295    6.23944    6.37560         16 0.0000e+00
      53315   2221.421    667.000     3.8078   3.258298     3.8098   3.259829      95.86     0.0176     2.7536     2.4564  1.9573410  1.1013432   48.75868  -45.64088    34.8813    34.8975     3.7596     3.7615    27.7167    27.7294    6.23949    6.37497         17 0.0000e+00
      53334   2222.189    666.000     3.8091   3.258366     3.8103   3.259836      80.44     0.0162     2.7536     2.4565  1.9581443  1.1013432   48.75868  -45.64090    34.8813    34.8975     3.7610     3.7621    27.7165    27.7294    6.23704    6.37562         19 0.0000e+00
      53355   2223.079    665.000     3.8097   3.258371     3.8104   3.259805      43.16     0.0155     2.7536     2.4575  1.9584316  1.1013432   48.75868  -45.64090    34.8813    34.8975     3.7616     3.7640    27.7165    27.7293    6.23262    6.37926         23 0.0000e+00
      53379   2224.104    664.000     3.8101   3.258366     3.8103   3.259743      84.04     0.0147     2.7532     2.4580  1.9566926  1.1013432   48.75868  -45.64090    34.8813    34.8974     3.7621     3.7623    27.7164    27.7293    6.24227    6.37235         25 0.0000e+00
      53403   2225.086    663.000     3.8102   3.258329     3.8107   3.259709      39.66     0.0158     2.7554     2.4583  1.9564821  1.1013432   48.75868  -45.64090    34.8812    34.8972     3.7623     3.7627    27.7164    27.7290    6.25268    6.37528         22 0.0000e+00
      53423   2225.912    662.000     3.8107   3.258298     3.8109   3.259690      96.14     0.0158     2.7556     2.4586  1.9567268  1.1014123   48.75868  -45.64090    34.8810    34.8972     3.7628     3.7630    27.7161    27.7290    6.24360    6.37568         18 0.0000e+00
      53440   2226.621    661.000     3.8109   3.258282     3.8116   3.259717      69.19     0.0148     2.7560     2.4588  1.9572779  1.1018103   48.75868  -45.64090    34.8810    34.8973     3.7631     3.7688    27.7161    27.7290    6.24512    6.37439         16 0.0000e+00
      53456   2227.275    660.000     3.8117   3.258323     3.8129   3.259801      75.20     0.0178     2.7562     2.4592  1.9571112  1.1016474   48.75868  -45.64090    34.8812    34.8975     3.7640     3.7651    27.7162    27.7290    6.23759    6.37423         16 0.0000e+00
      53471   2227.928    659.000     3.8127   3.258372     3.8138   3.259849      20.55     0.0142     2.7560     2.4593  1.9571123  1.1020248   48.75868  -45.64090    34.8812    34.8977     3.7651     3.7661    27.7161    27.7291    6.23690    6.37404         16 0.0000e+00
      53488   2228.634    658.000     3.8134   3.258400     3.8149   3.259912      94.39     0.0121     2.7564     2.4597  1.9577296  1.1025554   48.75868  -45.64091    34.8813    34.8977     3.7659     3.7674    27.7161    27.7290    6.23482    6.37542         18 0.0000e+00
      53507   2229.437    657.000     3.8143   3.258445     3.8155   3.259918      94.71     0.0112     2.7557     2.4601  1.9578753  1.1025641   48.75868  -45.64092    34.8815    34.8978     3.7668     3.7680    27.7161    27.7289    6.23051    6.37375         20 0.0000e+00
      53528   2230.304    656.000     3.8146   3.258432     3.8164   3.259958      95.19     0.0125     2.7565     2.4602  1.9584359  1.1025051   48.75868  -45.64092    34.8816    34.8978     3.7672     3.7690    27.7161    27.7288    6.23895    6.37336         21 0.0000e+00
      53548   2231.120    655.000     3.8156   3.258485     3.8173   3.259965      95.76     0.0150     2.7561     2.4606  1.9584856  1.1025637   48.75868  -45.64092    34.8816    34.8975     3.7683     3.7699    27.7161    27.7285    6.23303    6.37507         19 0.0000e+00
      53566   2231.862    654.000     3.8170   3.258537     3.8174   3.259934      95.77     0.0163     2.7564     2.4608  1.9581332  1.1025641   48.75868  -45.64092    34.8812    34.8975     3.7698     3.7701    27.7156    27.7285    6.23915    6.37735         17 0.0000e+00
      53583   2232.565    653.000     3.8173   3.258517     3.8175   3.259891      38.40     0.0125     2.7570     2.4615  1.9571855  1.1025641   48.75868  -45.64092    34.8812    34.8973     3.7701     3.7703    27.7156    27.7283    6.24297    6.37738         16 0.0000e+00
      53600   2233.271    652.000     3.8176   3.258495     3.8180   3.259877      61.82     0.0121     2.7575     2.4617  1.9564506  1.1025641   48.75868  -45.64092    34.8812    34.8972     3.7705     3.7708    27.7155    27.7282    6.24409    6.36766         18 0.0000e+00
      53618   2234.021    651.000     3.8179   3.258473     3.8181   3.259832      94.34     0.0146     2.7581     2.4611  1.9580559  1.1025641   48.75868  -45.64092    34.8811    34.8971     3.7709     3.7710    27.7154    27.7281    6.24213    6.36435         19 0.0000e+00
      53637   2234.832    650.000     3.8182   3.258443     3.8182   3.259789      95.56     0.0137     2.7585     2.4613  1.9584852  1.1025641   48.75868  -45.64093    34.8810    34.8970     3.7712     3.7712    27.7153    27.7280    6.24611    6.36873         19 0.0000e+00
      53657   2235.666    649.000     3.8186   3.258417     3.8188   3.259774      30.56     0.0129     2.7596     2.4613  1.9583609  1.1025641   48.75868  -45.64094    34.8808    34.8967     3.7717     3.7719    27.7150    27.7277    6.24069    6.36239         20 0.0000e+00
      53677   2236.481    648.000     3.8189   3.258376     3.8193   3.259772      61.57     0.0144     2.7589     2.4609  1.9566503  1.1025641   48.75868  -45.64094    34.8805    34.8966     3.7721     3.7725    27.7148    27.7276    6.23078    6.35946         20 0.0000e+00
      53696   2237.286    647.000     3.8198   3.258409     3.8201   3.259796      70.24     0.0160     2.7592     2.4608  1.9568777  1.1025641   48.75868  -45.64094    34.8805    34.8966     3.7731     3.7734    27.7147    27.7275    6.23230    6.35748         19 0.0000e+00
      53716   2238.124    646.000     3.8203   3.258410     3.8208   3.259817      45.21     0.0142     2.7588     2.4604  1.9577873  1.1025641   48.75868  -45.64094    34.8805    34.8966     3.7736     3.7741    27.7146    27.7274    6.23586    6.36100         21 0.0000e+00
      53737   2239.003    645.000     3.8208   3.258413     3.8221   3.259890      73.90     0.0167     2.7593     2.4610  1.9584880  1.1025641   48.75868  -45.64094    34.8805    34.8967     3.7742     3.7755    27.7146    27.7273    6.24175    6.37725         21 0.0000e+00
      53757   2239.852    644.000     3.8215   3.258430     3.8234   3.259961      95.77     0.0174     2.7602     2.4622  1.9579378  1.1025641   48.75867  -45.64094    34.8805    34.8967     3.7750     3.7769    27.7144    27.7272    6.24883    6.38354         20 0.0000e+00
      53777   2240.654    643.000     3.8228   3.258497     3.8237   3.259951      29.18     0.0144     2.7611     2.4633  1.9577814  1.1025641   48.75866  -45.64094    34.8804    34.8967     3.7764     3.7773    27.7143    27.7272    6.25067    6.38789         19 0.0000e+00
      53796   2241.458    642.000     3.8233   3.258497     3.8238   3.259909      81.18     0.0134     2.7621     2.4645  1.9580358  1.1025641   48.75866  -45.64094    34.8804    34.8967     3.7770     3.7774    27.7142    27.7271    6.25710    6.38844         19 0.0000e+00
      53816   2242.291    641.000     3.8235   3.258480     3.8236   3.259836      71.26     0.0119     2.7633     2.4656  1.9564958  1.1031269   48.75866  -45.64094    34.8805    34.8965     3.7773     3.7773    27.7143    27.7270    6.25445    6.39001         20 0.0000e+00
      53836   2243.112    640.000     3.8237   3.258450     3.8236   3.259783      41.63     0.0149     2.7639     2.4666  1.9569020  1.1036066   48.75866  -45.64096    34.8805    34.8965     3.7775     3.7773    27.7142    27.7270    6.24358    6.38768         20 0.0000e+00
      53854   2243.869    639.000     3.8237   3.258390     3.8236   3.259735      95.12     0.0127     2.7637     2.4671  1.9559790  1.1032847   48.75866  -45.64096    34.8803    34.8964     3.7776     3.7774    27.7141    27.7269    6.24957    6.38369         17 0.0000e+00
      53871   2244.575    638.000     3.8234   3.258311     3.8230   3.259626      95.75     0.0141     2.7650     2.4674  1.9548018  1.1037167   48.75866  -45.64096    34.8802    34.8963     3.7773     3.7769    27.7140    27.7269    6.25894    6.38622         16 0.0000e+00
      53887   2245.261    637.000     3.8224   3.258145     3.8206   3.259326      54.29     0.0151     2.7651     2.4680  1.9548229  1.1037863   48.75866  -45.64096    34.8798    34.8958     3.7765     3.7746    27.7138    27.7267    6.25341    6.39006         17 0.0000e+00
      53904   2245.965    636.000     3.8215   3.258007     3.8186   3.259058      21.34     0.0153     2.7660     2.4687  1.9555477  1.1037852   48.75866  -45.64096    34.8797    34.8952     3.7756     3.7727    27.7138    27.7264    6.25530    6.39112         17 0.0000e+00
      53922   2246.696    635.000     3.8198   3.257780     3.8181   3.258953      96.49     0.0146     2.7664     2.4693  1.9567360  1.1037852   48.75866  -45.64096    34.8792    34.8950     3.7740     3.7723    27.7136    27.7263    6.25187    6.39169         18 0.0000e+00
      53940   2247.457    634.000     3.8190   3.257635     3.8180   3.258888      95.31     0.0150     2.7669     2.4697  1.9570074  1.1037852   48.75866  -45.64096    34.8789    34.8949     3.7733     3.7722    27.7134    27.7263    6.25382    6.39215         19 0.0000e+00
      53959   2248.243    633.000     3.8187   3.257559     3.8182   3.258874      95.69     0.0137     2.7672     2.4705  1.9554151  1.1037852   48.75866  -45.64096    34.8788    34.8950     3.7731     3.7725    27.7134    27.7263    6.26374    6.39333         19 0.0000e+00
      53978   2249.058    632.000     3.8186   3.257499     3.8188   3.258872      95.73     0.0144     2.7690     2.4711  1.9554332  1.1036638   48.75866  -45.64096    34.8788    34.8950     3.7731     3.7732    27.7133    27.7262    6.27451    6.39177         20 0.0000e+00
      53999   2249.898    631.000     3.8184   3.257432     3.8184   3.258796      95.76     0.0111     2.7702     2.4713  1.9551275  1.1036018   48.75866  -45.64097    34.8788    34.8950     3.7729     3.7729    27.7133    27.7262    6.26612    6.39044         20 0.0000e+00
      54019   2250.758    630.000     3.8184   3.257388     3.8181   3.258719      22.67     0.0088     2.7704     2.4718  1.9548199  1.1034347   48.75866  -45.64098    34.8787    34.8949     3.7730     3.7727    27.7133    27.7262    6.25366    6.39095         21 0.0000e+00
      54040   2251.625    629.000     3.8184   3.257350     3.8180   3.258663      73.39     0.0081     2.7704     2.4721  1.9548229  1.1035525   48.75866  -45.64098    34.8788    34.8949     3.7731     3.7726    27.7133    27.7262    6.26091    6.39140         21 0.0000e+00
      54060   2252.466    628.000     3.8183   3.257281     3.8179   3.258612      95.91     0.0100     2.7713     2.4727  1.9548229  1.1032684   48.75866  -45.64098    34.8786    34.8949     3.7730     3.7726    27.7132    27.7262    6.26578    6.39784         19 0.0000e+00
      54079   2253.257    627.000     3.8183   3.257237     3.8181   3.258590      74.24     0.0112     2.7718     2.4736  1.9548229  1.1034007   48.75866  -45.64098    34.8786    34.8949     3.7731     3.7729    27.7132    27.7262    6.26201    6.40230         19 0.0000e+00
      54097   2253.997    626.000     3.8185   3.257207     3.8190   3.258628      26.06     0.0133     2.7723     2.4741  1.9548944  1.1032112   48.75864  -45.64098    34.8785    34.8949     3.7734     3.7782    27.7131    27.7261    6.26113    6.39969         17 0.0000e+00
      54114   2254.705    625.000     3.8189   3.257201     3.8202   3.258689      95.36     0.0150     2.7724     2.4747  1.9548233  1.1030675   48.75864  -45.64098    34.8786    34.8949     3.7739     3.7752    27.7131    27.7260    6.25627    6.39825         17 0.0000e+00
      54131   2255.416    624.000     3.8197   3.257236     3.8213   3.258742      56.04     0.0174     2.7724     2.4751  1.9548229  1.1029952   48.75864  -45.64098    34.8787    34.8950     3.7748     3.7763    27.7131    27.7259    6.25701    6.39421         17 0.0000e+00
      54150   2256.189    623.000     3.8209   3.257297     3.8223   3.258799      49.65     0.0186     2.7727     2.4751  1.9538447  1.1035417   48.75864  -45.64098    34.8787    34.8951     3.7760     3.7774    27.7130    27.7259    6.25736    6.38733         20 0.0000e+00
      54171   2257.103    622.000     3.8214   3.257301     3.8233   3.258825      87.08     0.0183     2.7729     2.4749  1.9536022  1.1037341   48.75864  -45.64098    34.8787    34.8948     3.7766     3.7785    27.7129    27.7256    6.25983    6.38033         24 0.0000e+00
      54195   2258.102    621.000     3.8219   3.257303     3.8241   3.258865      72.01     0.0206     2.7735     2.4742  1.9543594  1.1037861   48.75866  -45.64098    34.8788    34.8950     3.7772     3.7794    27.7129    27.7256    6.26781    6.37936         23 0.0000e+00
      54217   2259.001    620.000     3.8232   3.257374     3.8247   3.258863      24.55     0.0179     2.7748     2.4743  1.9548348  1.1037226   48.75866  -45.64100    34.8787    34.8949     3.7785     3.7800    27.7127    27.7254    6.25870    6.38947         20 0.0000e+00
      54236   2259.778    619.000     3.8245   3.257428     3.8250   3.258840      96.29     0.0155     2.7736     2.4748  1.9546175  1.1037858   48.75865  -45.64100    34.8785    34.8948     3.7799     3.7804    27.7124    27.7254    6.25591    6.39263         18 0.0000e+00
      54253   2260.480    618.000     3.8250   3.257432     3.8252   3.258815      95.44     0.0124     2.7751     2.4752  1.9539827  1.1037852   48.75864  -45.64100    34.8786    34.8949     3.7805     3.7829    27.7124    27.7254    6.26551    6.39319         16 0.0000e+00
      54269   2261.159    617.000     3.8251   3.257404     3.8252   3.258782      93.20     0.0132     2.7749     2.4755  1.9539057  1.1037852   48.75864  -45.64100    34.8786    34.8950     3.7807     3.7807    27.7124    27.7254    6.25982    6.39973         16 0.0000e+00
