data/CTD/2013/CNV/U021A030.CNV
* Sea-Bird SBE 9 Data File:
* FileName = C:\CTD_ACQUISITION\2013021HUD\ctddata\021A030.hdr
* Software Version Seasave V 7.22.2
* Temperature SN = 5081
* Conductivity SN = 3561
* Number of Bytes Per Scan = 37
* Number of Voltage Words = 4
* Number of Scans Averaged by the Deck Unit = 1
* NMEA Latitude = 48 02.22 N
* NMEA Longitude = 046 13.89 W
* NMEA UTC (Time) = Jul 03 2013 03:47:18
* NMEA baud rate = 9600
** Ship: Hudson
** Cruise: HUD2013021
** Chief_Scientist: Greenan
** Organization: BIO
** Area_of_Operation: Sackville Spur
** Station: 30
** Sounding:  1179
** Event_Comments: SS16  393135
# nquan = 25
# nvalues = 1167                        
# units = specified
# name 0 = scan: Scan Count
# name 1 = timeS: Time, Elapsed [seconds]
# name 2 = prDM: Pressure, Digiquartz [db]
# name 3 = t068C: Temperature [ITS-68, deg C]
# name 4 = c0S/m: Conductivity [S/m]
# name 5 = t168C: Temperature, 2 [ITS-68, deg C]
# name 6 = c1S/m: Conductivity, 2 [S/m]
# name 7 = altM: Altimeter [m]
# name 8 = flCUVA: Fluorescence, Chelsea UV Aquatracka [ug/l]
# name 9 = sbeox0V: Oxygen raw, SBE 43 [V]
# name 10 = sbeox1V: Oxygen raw, SBE 43, 2 [V]
# name 11 = upoly0: Upoly 0, Optode 4330F - O2 D-Phase
# name 12 = upoly1: Upoly 1, Optode 4330F - O2 Temp
# name 13 = latitude: Latitude [deg]
# name 14 = longitude: Longitude [deg]
# name 15 = sal00: Salinity, Practical [PSU]
# name 16 = sal11: Salinity, Practical, 2 [PSU]
# name 17 = potemp068C: Potential Temperature [ITS-68, deg C]
# name 18 = potemp168C: Potential Temperature, 2 [ITS-68, deg C]
# name 19 = sigma-é00: Density [sigma-theta, Kg/m^3]
# name 20 = sigma-é11: Density, 2 [sigma-theta, Kg/m^3]
# name 21 = sbeox0ML/L: Oxygen, SBE 43 [ml/l], WS = 2
# name 22 = sbeox1ML/L: Oxygen, SBE 43, 2 [ml/l], WS = 2
# name 23 = nbin: number of scans per bin
# name 24 = flag: flag
# span 0 =      41029,      84061       
# span 1 =   1709.512,   3502.489       
# span 2 =      1.000,   1167.000       
# span 3 =    -0.0284,     5.8849       
# span 4 =   2.778573,   3.279145       
# span 5 =    -0.0289,     5.8844       
# span 6 =   2.779731,   3.280448       
# span 7 =       3.66,     108.20       
# span 8 =     0.0049,     0.1039       
# span 9 =     2.5290,     3.4403       
# span 10 =     2.2742,     3.1077      
# span 11 =  1.7329336,  2.0224489      
# span 12 =  0.6283562,  1.3610405      
# span 13 =   48.03648,   48.03748      
# span 14 =  -46.23270,  -46.23154      
# span 15 =    32.7518,    34.9093      
# span 16 =    32.7583,    34.9255      
# span 17 =    -0.0296,     5.8848      
# span 18 =    -0.0301,     5.8843      
# span 19 =    25.7916,    27.7466      
# span 20 =    25.8039,    27.7596      
# span 21 =    5.94513,    8.71378      
# span 22 =    6.15382,    9.02322      
# span 23 =          7,        548      
# span 24 = 0.0000e+00, 0.0000e+00      
# interval = decibars: 1                
# start_time = Jul 03 2013 03:47:18 [NMEA time, header]
# bad_flag = -9.990e-29
*END*
[from data line 696]
      65338   2722.375    471.000     4.0199   3.268007     4.0198   3.269332      97.45     0.0105     2.8068     2.5050  1.9499389  1.1270628   48.03662  -46.23238    34.8752    34.8910     3.9858     3.9856    27.6885    27.7011    6.19766    6.32508         16 0.0000e+00
      65354   2723.053    470.000     4.0238   3.268332     4.0250   3.269795      33.80     0.0112     2.8069     2.5049  1.9499389  1.1270559   48.03664  -46.23236    34.8755    34.8915     3.9897     3.9909    27.6883    27.7010    6.19887    6.31603         17 0.0000e+00
      65374   2723.855    469.000     4.0278   3.268685     4.0292   3.270150      82.14     0.0095     2.8071     2.5037  1.9495242  1.1271932   48.03664  -46.23236    34.8759    34.8918     3.9938     3.9952    27.6882    27.7008    6.19235    6.30294         23 0.0000e+00
      65411   2725.420    468.000     4.0293   3.268762     4.0293   3.270110      74.42     0.0139     2.8069     2.5019  1.9490277  1.1277992   48.03664  -46.23236    34.8758    34.8918     3.9954     3.9953    27.6880    27.7007    6.19121    6.30211         49 0.0000e+00
      65446   2726.882    467.000     4.0313   3.268872     4.0274   3.269862      81.55     0.0201     2.8063     2.5015  1.9489583  1.1282256   48.03664  -46.23236    34.8755    34.8914     3.9974     3.9936    27.6876    27.7006    6.18769    6.32455         20 0.0000e+00
      65462   2727.562    466.000     4.0349   3.269186     4.0354   3.270606      96.45     0.0196     2.8063     2.5029  1.9499663  1.1282052   48.03664  -46.23236    34.8759    34.8922     4.0011     4.0016    27.6875    27.7004    6.20092    6.33481         15 0.0000e+00
      65477   2728.158    465.000     4.0424   3.269883     4.0440   3.271378      96.05     0.0174     2.8073     2.5038  1.9499389  1.1282052   48.03664  -46.23234    34.8767    34.8928     4.0087     4.0102    27.6874    27.7000    6.20857    6.32936         14 0.0000e+00
      65490   2728.724    464.000     4.0479   3.270399     4.0485   3.271794      72.00     0.0146     2.8083     2.5042  1.9499389  1.1282052   48.03665  -46.23234    34.8776    34.8935     4.0142     4.0148    27.6874    27.7000    6.20185    6.32017         14 0.0000e+00
      65506   2729.368    463.000     4.0509   3.270648     4.0513   3.272020      41.12     0.0107     2.8086     2.5043  1.9462333  1.1282052   48.03666  -46.23234    34.8779    34.8937     4.0172     4.0176    27.6874    27.6999    6.19204    6.31904         18 0.0000e+00
      65542   2730.873    462.000     4.0499   3.270518     4.0499   3.271858      71.43     0.0122     2.8084     2.5056  1.9471557  1.1287580   48.03666  -46.23233    34.8779    34.8937     4.0164     4.0168    27.6874    27.7000    6.18714    6.32714         59 0.0000e+00
      65588   2732.774    461.000     4.0480   3.270269     4.0426   3.271085      67.25     0.0145     2.8081     2.5072  1.9489102  1.1296331   48.03666  -46.23232    34.8775    34.8930     4.0146     4.0091    27.6874    27.7002    6.18676    6.33089         22 0.0000e+00
      65606   2733.543    460.000     4.0494   3.270346     4.0477   3.271526      96.05     0.0163     2.8079     2.5077  1.9499409  1.1294258   48.03666  -46.23232    34.8775    34.8933     4.0160     4.0143    27.6872    27.6999    6.18458    6.32711         19 0.0000e+00
      65624   2734.290    459.000     4.0523   3.270572     4.0521   3.271895      95.97     0.0153     2.8079     2.5078  1.9499389  1.1294261   48.03666  -46.23232    34.8776    34.8935     4.0190     4.0187    27.6870    27.6997    6.18239    6.31623         17 0.0000e+00
      65641   2735.017    458.000     4.0551   3.270773     4.0551   3.272125      37.23     0.0135     2.8074     2.5072  1.9499389  1.1298308   48.03666  -46.23232    34.8775    34.8936     4.0219     4.0218    27.6866    27.6994    6.18245    6.31292         18 0.0000e+00
      65660   2735.797    457.000     4.0576   3.270943     4.0575   3.272294      79.78     0.0106     2.8080     2.5072  1.9499389  1.1304514   48.03667  -46.23232    34.8775    34.8935     4.0244     4.0243    27.6863    27.6991    6.18648    6.32455         20 0.0000e+00
      65682   2736.692    456.000     4.0585   3.270973     4.0587   3.272331      95.72     0.0088     2.8081     2.5084  1.9499389  1.1304874   48.03668  -46.23231    34.8774    34.8933     4.0254     4.0256    27.6861    27.6988    6.17911    6.33021         23 0.0000e+00
      65708   2737.782    455.000     4.0593   3.271007     4.0600   3.272408      59.46     0.0119     2.8077     2.5089  1.9499389  1.1307292   48.03668  -46.23229    34.8775    34.8934     4.0263     4.0269    27.6861    27.6987    6.18111    6.32322         29 0.0000e+00
      65737   2738.992    454.000     4.0616   3.271156     4.0642   3.272763      51.57     0.0119     2.8080     2.5090  1.9493536  1.1312749   48.03668  -46.23228    34.8773    34.8936     4.0286     4.0312    27.6857    27.6984    6.17627    6.31685         29 0.0000e+00
      65763   2740.070    453.000     4.0640   3.271331     4.0682   3.273083      96.28     0.0132     2.8072     2.5089  1.9487137  1.1318722   48.03668  -46.23228    34.8774    34.8937     4.0311     4.0353    27.6855    27.6980    6.18019    6.31210         22 0.0000e+00
      65783   2740.909    452.000     4.0672   3.271602     4.0717   3.273387      48.10     0.0118     2.8087     2.5084  1.9488453  1.1318681   48.03668  -46.23227    34.8778    34.8941     4.0343     4.0388    27.6855    27.6980    6.19073    6.31155         19 0.0000e+00
      65802   2741.714    451.000     4.0719   3.272015     4.0743   3.273587      70.96     0.0161     2.8087     2.5086  1.9494293  1.1318681   48.03668  -46.23226    34.8783    34.8943     4.0391     4.0415    27.6854    27.6979    6.18578    6.31520         19 0.0000e+00
      65822   2742.561    450.000     4.0746   3.272228     4.0759   3.273689      95.94     0.0201     2.8099     2.5087  1.9496057  1.1318681   48.03668  -46.23226    34.8785    34.8943     4.0418     4.0432    27.6852    27.6977    6.18771    6.31411         22 0.0000e+00
      65847   2743.592    449.000     4.0774   3.272422     4.0775   3.273782      72.14     0.0180     2.8101     2.5088  1.9496764  1.1329886   48.03669  -46.23226    34.8783    34.8942     4.0447     4.0449    27.6848    27.6975    6.18042    6.30895         28 0.0000e+00
      65879   2744.905    448.000     4.0790   3.272498     4.0820   3.274109      74.19     0.0154     2.8098     2.5082  1.9493771  1.1331669   48.03670  -46.23226    34.8780    34.8939     4.0464     4.0494    27.6844    27.6968    6.17449    6.30537         33 0.0000e+00
      65908   2746.117    447.000     4.0810   3.272630     4.0854   3.274373      96.53     0.0167     2.8097     2.5087  1.9485489  1.1333381   48.03670  -46.23224    34.8780    34.8939     4.0485     4.0529    27.6841    27.6964    6.17929    6.31873         25 0.0000e+00
      65930   2747.057    446.000     4.0849   3.272951     4.0876   3.274527      35.67     0.0166     2.8100     2.5096  1.9492139  1.1336976   48.03670  -46.23224    34.8782    34.8939     4.0525     4.0552    27.6839    27.6961    6.17362    6.31898         22 0.0000e+00
      65952   2747.940    445.000     4.0879   3.273160     4.0888   3.274588      91.01     0.0194     2.8100     2.5101  1.9499239  1.1342975   48.03671  -46.23224    34.8780    34.8940     4.0555     4.0564    27.6834    27.6961    6.17322    6.31561         21 0.0000e+00
      65973   2748.843    444.000     4.0895   3.273265     4.0902   3.274677      54.29     0.0179     2.8097     2.5102  1.9487882  1.1343101   48.03672  -46.23223    34.8780    34.8940     4.0572     4.0591    27.6833    27.6959    6.17073    6.30845         22 0.0000e+00
      65995   2749.762    443.000     4.0914   3.273386     4.0918   3.274776      74.32     0.0162     2.8101     2.5101  1.9458905  1.1343101   48.03672  -46.23222    34.8780    34.8940     4.0592     4.0596    27.6831    27.6957    6.17260    6.30831         23 0.0000e+00
      66020   2750.805    442.000     4.0929   3.273479     4.0944   3.274945      96.69     0.0116     2.8097     2.5103  1.9463454  1.1345208   48.03672  -46.23222    34.8781    34.8939     4.0607     4.0622    27.6830    27.6954    6.16841    6.30753         24 0.0000e+00
      66042   2751.695    441.000     4.0954   3.273662     4.0965   3.275101      69.69     0.0138     2.8099     2.5101  1.9487364  1.1355391   48.03672  -46.23222    34.8782    34.8939     4.0633     4.0644    27.6828    27.6952    6.17250    6.30617         20 0.0000e+00
      66061   2752.516    440.000     4.0975   3.273820     4.0994   3.275321      51.05     0.0150     2.8103     2.5104  1.9487180  1.1355312   48.03672  -46.23222    34.8783    34.8940     4.0655     4.0674    27.6826    27.6949    6.17821    6.31148         20 0.0000e+00
      66083   2753.428    439.000     4.0997   3.273962     4.1003   3.275352      95.50     0.0118     2.8111     2.5109  1.9489696  1.1355312   48.03672  -46.23220    34.8781    34.8940     4.0678     4.0694    27.6823    27.6948    6.17522    6.31217         24 0.0000e+00
      66111   2754.563    438.000     4.1005   3.273973     4.1006   3.275314      71.56     0.0136     2.8110     2.5113  1.9488386  1.1356086   48.03674  -46.23220    34.8780    34.8938     4.0686     4.0687    27.6821    27.6946    6.17205    6.30939         31 0.0000e+00
      66143   2755.930    437.000     4.1006   3.273925     4.1001   3.275215      63.56     0.0143     2.8118     2.5116  1.9487205  1.1366941   48.03674  -46.23219    34.8778    34.8936     4.0688     4.0683    27.6819    27.6945    6.17245    6.31074         35 0.0000e+00
      66179   2757.408    436.000     4.1003   3.273843     4.0992   3.275075      83.06     0.0137     2.8120     2.5120  1.9496267  1.1367530   48.03674  -46.23218    34.8777    34.8934     4.0686     4.0675    27.6819    27.6945    6.17028    6.30426         33 0.0000e+00
      66207   2758.600    435.000     4.0997   3.273723     4.0993   3.275013      53.58     0.0123     2.8112     2.5114  1.9499494  1.1367521   48.03675  -46.23218    34.8775    34.8931     4.0680     4.0677    27.6817    27.6942    6.16037    6.29386         24 0.0000e+00
      66228   2759.446    434.000     4.1001   3.273700     4.1020   3.275182      97.43     0.0144     2.8113     2.5104  1.9499389  1.1368264   48.03676  -46.23218    34.8773    34.8929     4.0686     4.0704    27.6815    27.6937    6.16885    6.28844         17 0.0000e+00
      66244   2760.105    433.000     4.1048   3.274071     4.1065   3.275573      95.52     0.0168     2.8111     2.5099  1.9499389  1.1367499   48.03676  -46.23216    34.8772    34.8932     4.0733     4.0750    27.6810    27.6935    6.17410    6.28475         15 0.0000e+00
      66258   2760.690    432.000     4.1103   3.274542     4.1113   3.276005      95.30     0.0172     2.8127     2.5093  1.9499389  1.1367521   48.03676  -46.23216    34.8776    34.8937     4.0788     4.0798    27.6806    27.6934    6.17977    6.28384         14 0.0000e+00
      66271   2761.260    431.000     4.1145   3.274908     4.1157   3.276378      96.02     0.0138     2.8125     2.5089  1.9489971  1.1367521   48.03676  -46.23216    34.8779    34.8940     4.0831     4.0843    27.6805    27.6932    6.17276    6.29042         14 0.0000e+00
      66285   2761.853    430.000     4.1177   3.275184     4.1183   3.276582      51.18     0.0120     2.8130     2.5095  1.9487274  1.1367521   48.03676  -46.23216    34.8783    34.8943     4.0864     4.0869    27.6804    27.6931    6.17812    6.30305         15 0.0000e+00
      66303   2762.573    429.000     4.1196   3.275333     4.1200   3.276706      57.43     0.0146     2.8139     2.5102  1.9487180  1.1368107   48.03676  -46.23216    34.8786    34.8945     4.0883     4.0887    27.6805    27.6931    6.17479    6.30838         20 0.0000e+00
      66348   2764.460    428.000     4.1195   3.275275     4.1177   3.276451      75.25     0.0144     2.8135     2.5121  1.9490775  1.1382093   48.03677  -46.23214    34.8786    34.8944     4.0883     4.0865    27.6805    27.6932    6.15845    6.30461         74 0.0000e+00
      66402   2766.714    427.000     4.1181   3.275074     4.1155   3.276173      96.65     0.0141     2.8117     2.5123  1.9495785  1.1391754   48.03678  -46.23212    34.8783    34.8940     4.0869     4.0844    27.6803    27.6931    6.15895    6.29884         26 0.0000e+00
      66423   2767.583    426.000     4.1179   3.275008     4.1165   3.276206      81.31     0.0131     2.8125     2.5126  1.9487185  1.1388088   48.03678  -46.23212    34.8782    34.8938     4.0868     4.0854    27.6803    27.6929    6.16076    6.30113         19 0.0000e+00
      66440   2768.308    425.000     4.1205   3.275215     4.1201   3.276513      21.79     0.0120     2.8121     2.5126  1.9487180  1.1390401   48.03678  -46.23212    34.8784    34.8942     4.0896     4.0891    27.6802    27.6928    6.15753    6.29768         16 0.0000e+00
      66456   2768.953    424.000     4.1225   3.275347     4.1230   3.276735      95.51     0.0110     2.8122     2.5129  1.9491214  1.1389507   48.03678  -46.23212    34.8784    34.8943     4.0916     4.0921    27.6800    27.6925    6.16375    6.29375         15 0.0000e+00
      66471   2769.578    423.000     4.1239   3.275411     4.1240   3.276769      96.00     0.0117     2.8124     2.5124  1.9499321  1.1391921   48.03678  -46.23212    34.8782    34.8942     4.0931     4.0931    27.6796    27.6923    6.16846    6.28636         15 0.0000e+00
      66486   2770.223    422.000     4.1245   3.275410     4.1244   3.276759      96.00     0.0162     2.8136     2.5118  1.9499389  1.1391941   48.03678  -46.23212    34.8781    34.8941     4.0937     4.0936    27.6795    27.6923    6.16650    6.28667         16 0.0000e+00
      66504   2770.954    421.000     4.1250   3.275410     4.1249   3.276755      41.05     0.0171     2.8136     2.5121  1.9498209  1.1391941   48.03680  -46.23211    34.8781    34.8940     4.0943     4.0942    27.6794    27.6921    6.16128    6.29283         20 0.0000e+00
      66529   2772.020    420.000     4.1252   3.275398     4.1248   3.276703      82.23     0.0183     2.8137     2.5120  1.9497637  1.1391941   48.03680  -46.23210    34.8783    34.8941     4.0946     4.0942    27.6795    27.6921    6.15508    6.28591         34 0.0000e+00
      66572   2773.777    419.000     4.1247   3.275301     4.1247   3.276639      96.53     0.0177     2.8133     2.5116  1.9499515  1.1402780   48.03680  -46.23209    34.8782    34.8940     4.0941     4.0942    27.6795    27.6920    6.16181    6.29358         41 0.0000e+00
      66604   2775.141    418.000     4.1249   3.275259     4.1245   3.276570      41.39     0.0201     2.8140     2.5132  1.9492682  1.1404204   48.03680  -46.23208    34.8780    34.8939     4.0945     4.0940    27.6793    27.6921    6.15694    6.30749         28 0.0000e+00
      66628   2776.123    417.000     4.1251   3.275222     4.1248   3.276534      96.97     0.0223     2.8141     2.5142  1.9487076  1.1402286   48.03682  -46.23208    34.8779    34.8937     4.0947     4.0944    27.6792    27.6918    6.16104    6.30304         20 0.0000e+00
      66646   2776.895    416.000     4.1250   3.275160     4.1249   3.276478      95.11     0.0192     2.8142     2.5145  1.9489212  1.1401440   48.03682  -46.23208    34.8778    34.8935     4.0947     4.0946    27.6791    27.6916    6.15980    6.29619         18 0.0000e+00
      66664   2777.634    415.000     4.1252   3.275097     4.1251   3.276421      78.07     0.0142     2.8145     2.5144  1.9492242  1.1404184   48.03682  -46.23208    34.8774    34.8931     4.0949     4.0948    27.6788    27.6913    6.16743    6.28672         17 0.0000e+00
