data/CTD/2013/CNV/U021A056.CNV
* Sea-Bird SBE 9 Data File:
* FileName = C:\CTD_ACQUISITION\2013021HUD\ctddata\021A056.hdr
* Software Version Seasave V 7.22.2
* Temperature SN = 5081
* Conductivity SN = 3561
* Number of Bytes Per Scan = 37
* Number of Voltage Words = 4
* Number of Scans Averaged by the Deck Unit = 1
* NMEA Latitude = 48 36.11 N
* NMEA Longitude = 045 27.91 W
* NMEA UTC (Time) = Jul 05 2013 09:14:21
* NMEA baud rate = 9600
** Ship: Hudson
** Cruise: HUD2013021
** Chief_Scientist: Greenan
** Organization: BIO
** Area_of_Operation: Sackville Spur
** Station: 56
** Sounding:  1028
** Event_Comments: SS21   393221
# nquan = 25
# nvalues = 1032                        
# units = specified
# name 0 = scan: Scan Count
# name 1 = timeS: Time, Elapsed [seconds]
# name 2 = prDM: Pressure, Digiquartz [db]
# name 3 = t068C: Temperature [ITS-68, deg C]
# name 4 = c0S/m: Conductivity [S/m]
# name 5 = t168C: Temperature, 2 [ITS-68, deg C]
# name 6 = c1S/m: Conductivity, 2 [S/m]
# name 7 = altM: Altimeter [m]
# name 8 = flCUVA: Fluorescence, Chelsea UV Aquatracka [ug/l]
# name 9 = sbeox0V: Oxygen raw, SBE 43 [V]
# name 10 = sbeox1V: Oxygen raw, SBE 43, 2 [V]
# name 11 = upoly0: Upoly 0, Optode 4330F - O2 D-Phase
# name 12 = upoly1: Upoly 1, Optode 4330F - O2 Temp
# name 13 = latitude: Latitude [deg]
# name 14 = longitude: Longitude [deg]
# name 15 = sal00: Salinity, Practical [PSU]
# name 16 = sal11: Salinity, Practical, 2 [PSU]
# name 17 = potemp068C: Potential Temperature [ITS-68, deg C]
# name 18 = potemp168C: Potential Temperature, 2 [ITS-68, deg C]
# name 19 = sigma-é00: Density [sigma-theta, Kg/m^3]
# name 20 = sigma-é11: Density, 2 [sigma-theta, Kg/m^3]
# name 21 = sbeox0ML/L: Oxygen, SBE 43 [ml/l], WS = 2
# name 22 = sbeox1ML/L: Oxygen, SBE 43, 2 [ml/l], WS = 2
# name 23 = nbin: number of scans per bin
# name 24 = flag: flag
# span 0 =      35241,      60295       
# span 1 =   1468.318,   2512.253       
# span 2 =      1.000,   1032.000       
# span 3 =     1.5119,     6.4149       
# span 4 =   2.956466,   3.322228       
# span 5 =     1.5036,     6.4140       
# span 6 =   2.956319,   3.323191       
# span 7 =       5.76,      97.35       
# span 8 =     0.0066,     0.6474       
# span 9 =     2.5311,     3.3911       
# span 10 =     2.2739,     3.0322      
# span 11 =  1.7122679,  2.0378511      
# span 12 =  0.8350076,  1.4187750      
# span 13 =   48.60130,   48.60230      
# span 14 =  -45.46044,  -45.45938      
# span 15 =    33.2451,    34.9148      
# span 16 =    33.2607,    34.9306      
# span 17 =     1.5101,     6.4142      
# span 18 =     1.5017,     6.4131      
# span 19 =    26.1158,    27.7582      
# span 20 =    26.1284,    27.7708      
# span 21 =    5.77026,    8.53963      
# span 22 =    5.89246,    8.55161      
# span 23 =         14,        959      
# span 24 = 0.0000e+00, 0.0000e+00      
# interval = decibars: 1                
# start_time = Jul 05 2013 09:14:21 [NMEA time, header]
# bad_flag = -9.990e-29
*END*
[from data line 754]
      53330   2222.042    278.000     4.2566   3.280031     4.2616   3.281833      94.97     0.0188     2.8273     2.5212  1.9548883  1.1514041   48.60168  -45.45977    34.8696    34.8856     4.2364     4.2413    27.6575    27.6697    6.05652    6.17783         31 0.0000e+00
      53362   2223.363    277.000     4.2546   3.279777     4.2592   3.281556      89.78     0.0157     2.8266     2.5200  1.9548219  1.1544638   48.60168  -45.45978    34.8693    34.8854     4.2344     4.2391    27.6575    27.6698    6.05412    6.16646         29 0.0000e+00
      53386   2224.391    276.000     4.2598   3.280209     4.2630   3.281837      92.35     0.0147     2.8262     2.5192  1.9548229  1.1550772   48.60168  -45.45978    34.8694    34.8853     4.2397     4.2429    27.6570    27.6693    6.04833    6.17235         21 0.0000e+00
      53405   2225.180    275.000     4.2658   3.280745     4.2687   3.282305      95.73     0.0161     2.8250     2.5196  1.9548229  1.1560165   48.60168  -45.45978    34.8700    34.8856     4.2457     4.2496    27.6568    27.6690    6.04178    6.17617         17 0.0000e+00
      53423   2225.898    274.000     4.2723   3.281280     4.2777   3.283103      95.08     0.0136     2.8246     2.5195  1.9548229  1.1562892   48.60167  -45.45978    34.8703    34.8857     4.2519     4.2577    27.6564    27.6680    6.03969    6.17130         18 0.0000e+00
      53441   2226.651    273.000     4.2787   3.281853     4.2807   3.283346      84.88     0.0135     2.8239     2.5197  1.9548858  1.1562881   48.60166  -45.45978    34.8704    34.8859     4.2588     4.2608    27.6557    27.6679    6.03941    6.17513         19 0.0000e+00
      53461   2227.517    272.000     4.2821   3.282096     4.2835   3.283555      90.52     0.0121     2.8240     2.5200  1.9553922  1.1563398   48.60166  -45.45978    34.8703    34.8859     4.2622     4.2637    27.6553    27.6676    6.04717    6.17367         23 0.0000e+00
      53486   2228.547    271.000     4.2846   3.282255     4.2865   3.283770      86.52     0.0081     2.8242     2.5202  1.9557106  1.1565665   48.60166  -45.45978    34.8700    34.8858     4.2648     4.2667    27.6548    27.6672    6.04179    6.16917         26 0.0000e+00
      53513   2229.676    270.000     4.2849   3.282245     4.2872   3.283779      95.36     0.0109     2.8235     2.5201  1.9553173  1.1583371   48.60166  -45.45978    34.8701    34.8857     4.2652     4.2675    27.6548    27.6670    6.03855    6.16816         27 0.0000e+00
      53538   2230.728    269.000     4.2860   3.282279     4.2861   3.283570      95.47     0.0120     2.8237     2.5202  1.9554626  1.1584133   48.60166  -45.45979    34.8699    34.8850     4.2663     4.2665    27.6545    27.6665    6.04523    6.16888         23 0.0000e+00
      53561   2231.647    268.000     4.2857   3.282176     4.2836   3.283240      83.50     0.0146     2.8244     2.5202  1.9554626  1.1587379   48.60166  -45.45980    34.8695    34.8842     4.2662     4.2641    27.6542    27.6662    6.05028    6.16785         21 0.0000e+00
      53580   2232.474    267.000     4.2840   3.281918     4.2824   3.283024      94.41     0.0170     2.8247     2.5202  1.9554336  1.1587301   48.60166  -45.45980    34.8688    34.8836     4.2645     4.2629    27.6539    27.6658    6.04003    6.15879         20 0.0000e+00
      53600   2233.294    266.000     4.2826   3.281689     4.2820   3.282927      95.67     0.0163     2.8241     2.5191  1.9551947  1.1598639   48.60166  -45.45978    34.8681    34.8834     4.2632     4.2626    27.6534    27.6657    6.02895    6.14774         20 0.0000e+00
      53622   2234.220    265.000     4.2823   3.281587     4.2825   3.282922      80.91     0.0169     2.8228     2.5179  1.9560642  1.1599020   48.60166  -45.45980    34.8678    34.8833     4.2630     4.2632    27.6532    27.6655    6.01365    6.13589         25 0.0000e+00
      53652   2235.440    264.000     4.2826   3.281558     4.2830   3.282910      83.04     0.0191     2.8201     2.5152  1.9563727  1.1599505   48.60166  -45.45980    34.8676    34.8832     4.2633     4.2637    27.6531    27.6654    6.00257    6.12477         33 0.0000e+00
      53682   2236.701    263.000     4.2832   3.281546     4.2840   3.282949      96.05     0.0155     2.8169     2.5131  1.9570389  1.1599512   48.60165  -45.45980    34.8674    34.8831     4.2641     4.2648    27.6528    27.6652    5.99282    6.12613         25 0.0000e+00
      53704   2237.611    262.000     4.2869   3.281828     4.2929   3.283742      84.70     0.0184     2.8153     2.5120  1.9585304  1.1599512   48.60164  -45.45980    34.8673    34.8834     4.2678     4.2746    27.6523    27.6645    5.99653    6.12371         19 0.0000e+00
      53721   2238.344    261.000     4.2963   3.282692     4.3029   3.284701      92.31     0.0197     2.8145     2.5113  1.9584131  1.1599512   48.60164  -45.45980    34.8682    34.8849     4.2772     4.2838    27.6520    27.6646    6.00307    6.12301         17 0.0000e+00
      53738   2239.035    260.000     4.3074   3.283752     4.3125   3.285595      95.67     0.0187     2.8148     2.5110  1.9584852  1.1599512   48.60164  -45.45980    34.8693    34.8858     4.2885     4.2935    27.6517    27.6642    6.00209    6.12748         17 0.0000e+00
      53756   2239.785    259.000     4.3140   3.284386     4.3182   3.286122      95.71     0.0178     2.8143     2.5112  1.9584860  1.1599512   48.60164  -45.45980    34.8704    34.8864     4.2951     4.2993    27.6518    27.6641    6.00104    6.13280         20 0.0000e+00
      53779   2240.751    258.000     4.3185   3.284782     4.3191   3.286131      86.07     0.0157     2.8144     2.5119  1.9585727  1.1603849   48.60164  -45.45980    34.8709    34.8861     4.2996     4.3002    27.6518    27.6638    6.00476    6.13917         27 0.0000e+00
      53809   2242.009    257.000     4.3187   3.284731     4.3158   3.285745      67.50     0.0184     2.8152     2.5132  1.9584837  1.1611916   48.60164  -45.45980    34.8706    34.8856     4.2999     4.2970    27.6515    27.6637    6.00617    6.14409         30 0.0000e+00
      53836   2243.114    256.000     4.3162   3.284410     4.3129   3.285375      66.14     0.0227     2.8152     2.5143  1.9593042  1.1624268   48.60164  -45.45980    34.8700    34.8849     4.2975     4.2942    27.6513    27.6635    6.00897    6.14651         23 0.0000e+00
      53856   2243.973    255.000     4.3132   3.284007     4.3094   3.284920      82.87     0.0219     2.8162     2.5151  1.9597138  1.1629157   48.60164  -45.45980    34.8690    34.8838     4.2945     4.2908    27.6508    27.6629    6.01825    6.14463         19 0.0000e+00
      53875   2244.747    254.000     4.3100   3.283614     4.3084   3.284764      95.64     0.0194     2.8171     2.5152  1.9597709  1.1630994   48.60164  -45.45980    34.8683    34.8835     4.2914     4.2899    27.6505    27.6628    6.02276    6.14389         19 0.0000e+00
      53894   2245.561    253.000     4.3085   3.283396     4.3075   3.284622      80.99     0.0164     2.8186     2.5160  1.9598218  1.1636006   48.60164  -45.45980    34.8678    34.8833     4.2900     4.2891    27.6504    27.6627    6.02677    6.14782         21 0.0000e+00
      53917   2246.511    252.000     4.3073   3.283232     4.3061   3.284410      92.17     0.0143     2.8198     2.5165  1.9597106  1.1636142   48.60164  -45.45980    34.8677    34.8829     4.2889     4.2877    27.6503    27.6625    6.01875    6.14639         25 0.0000e+00
      53944   2247.617    251.000     4.3064   3.283064     4.3042   3.284130      94.78     0.0136     2.8192     2.5172  1.9597518  1.1636142   48.60164  -45.45980    34.8672    34.8821     4.2880     4.2858    27.6501    27.6621    6.01020    6.14476         27 0.0000e+00
      53969   2248.667    250.000     4.3057   3.282923     4.3030   3.283925      29.21     0.0119     2.8197     2.5170  1.9597069  1.1636142   48.60165  -45.45980    34.8668    34.8815     4.2874     4.2847    27.6498    27.6618    6.01320    6.13650         23 0.0000e+00
      53990   2249.561    249.000     4.3038   3.282643     4.3028   3.283800      95.63     0.0131     2.8196     2.5166  1.9603165  1.1636142   48.60166  -45.45980    34.8660    34.8807     4.2856     4.2854    27.6494    27.6612    6.01969    6.13422         20 0.0000e+00
      54010   2250.380    248.000     4.3033   3.282492     4.3044   3.283858      95.69     0.0156     2.8209     2.5165  1.9602851  1.1636142   48.60166  -45.45980    34.8653    34.8803     4.2852     4.2862    27.6489    27.6607    6.01690    6.13339         19 0.0000e+00
      54030   2251.214    247.000     4.3047   3.282506     4.3062   3.283951      92.33     0.0163     2.8202     2.5161  1.9628043  1.1636142   48.60166  -45.45982    34.8646    34.8800     4.2866     4.2882    27.6481    27.6602    6.00921    6.13064         21 0.0000e+00
      54051   2252.097    246.000     4.3064   3.282567     4.3076   3.283976      85.52     0.0153     2.8204     2.5159  1.9633657  1.1636142   48.60166  -45.45982    34.8640    34.8793     4.2885     4.2897    27.6474    27.6595    6.00890    6.12958         22 0.0000e+00
      54074   2253.043    245.000     4.3073   3.282562     4.3077   3.283899      95.50     0.0158     2.8199     2.5154  1.9633700  1.1636142   48.60166  -45.45982    34.8635    34.8789     4.2894     4.2898    27.6470    27.6591    5.99962    6.12401         24 0.0000e+00
      54098   2254.057    244.000     4.3069   3.282452     4.3069   3.283739      94.46     0.0194     2.8189     2.5148  1.9633700  1.1636142   48.60166  -45.45982    34.8632    34.8784     4.2891     4.2890    27.6468    27.6589    5.99568    6.11708         24 0.0000e+00
      54123   2255.074    243.000     4.3063   3.282317     4.3053   3.283504      84.25     0.0195     2.8185     2.5137  1.9618256  1.1636142   48.60166  -45.45982    34.8627    34.8778     4.2886     4.2876    27.6465    27.6585    5.99582    6.11297         24 0.0000e+00
      54145   2255.998    242.000     4.3057   3.282162     4.3064   3.283482      95.70     0.0182     2.8173     2.5127  1.9614521  1.1636142   48.60166  -45.45982    34.8621    34.8769     4.2881     4.2888    27.6460    27.6577    5.98414    6.10416         21 0.0000e+00
      54165   2256.851    241.000     4.3056   3.282058     4.3066   3.283393      95.74     0.0177     2.8164     2.5112  1.9618422  1.1636142   48.60166  -45.45982    34.8616    34.8762     4.2880     4.2890    27.6456    27.6571    5.98588    6.09069         20 0.0000e+00
      54186   2257.710    240.000     4.3064   3.282019     4.3082   3.283465      80.89     0.0170     2.8156     2.5093  1.9633733  1.1636142   48.60166  -45.45982    34.8608    34.8759     4.2889     4.2907    27.6448    27.6567    5.96771    6.08262         21 0.0000e+00
      54207   2258.599    239.000     4.3163   3.282827     4.3265   3.285289      91.26     0.0167     2.8123     2.5074  1.9633148  1.1636142   48.60166  -45.45982    34.8604    34.8786     4.2989     4.3090    27.6434    27.6568    5.94946    6.06986         22 0.0000e+00
      54230   2259.531    238.000     4.3335   3.284551     4.3488   3.287530      83.74     0.0157     2.8103     2.5048  1.9633694  1.1636142   48.60166  -45.45982    34.8631    34.8820     4.3161     4.3313    27.6437    27.6571    5.94959    6.06387         23 0.0000e+00
      54253   2260.507    237.000     4.3495   3.286061     4.3700   3.289581      93.36     0.0144     2.8086     2.5037  1.9631693  1.1637144   48.60166  -45.45982    34.8644    34.8842     4.3322     4.3526    27.6431    27.6566    5.95248    6.06110         24 0.0000e+00
      54277   2261.516    236.000     4.3673   3.287917     4.3977   3.292275      95.74     0.0133     2.8080     2.5016  1.9604322  1.1648300   48.60166  -45.45982    34.8681    34.8872     4.3500     4.3804    27.6440    27.6559    5.94553    6.04131         24 0.0000e+00
      54301   2262.520    235.000     4.3947   3.290369     4.4262   3.295008      84.55     0.0095     2.8063     2.4995  1.9614357  1.1649877   48.60166  -45.45982    34.8685    34.8898     4.3774     4.4088    27.6414    27.6549    5.92587    6.03142         24 0.0000e+00
      54326   2263.537    234.000     4.4091   3.292035     4.4323   3.295522      93.57     0.0103     2.8037     2.4972  1.9619024  1.1672660   48.60167  -45.45982    34.8734    34.8900     4.3919     4.4150    27.6437    27.6543    5.91138    6.01209         25 0.0000e+00
      54352   2264.619    233.000     4.4261   3.293514     4.4297   3.295124      94.87     0.0123     2.8012     2.4936  1.9620126  1.1681318   48.60168  -45.45982    34.8734    34.8886     4.4089     4.4125    27.6418    27.6535    5.91013    6.00591         27 0.0000e+00
      54377   2265.680    232.000     4.4270   3.293508     4.4291   3.294956      55.57     0.0142     2.7996     2.4918  1.9633876  1.1716222   48.60167  -45.45982    34.8729    34.8878     4.4099     4.4119    27.6413    27.6529    5.89931    6.01838         23 0.0000e+00
      54399   2266.584    231.000     4.4383   3.294557     4.4580   3.297715      95.51     0.0138     2.7976     2.4912  1.9633075  1.1716126   48.60167  -45.45982    34.8744    34.8902     4.4212     4.4409    27.6413    27.6517    5.89641    6.01455         20 0.0000e+00
      54418   2267.362    230.000     4.4706   3.297701     4.4842   3.300295      95.35     0.0157     2.7960     2.4907  1.9623430  1.1733998   48.60168  -45.45982    34.8772    34.8933     4.4536     4.4671    27.6400    27.6513    5.88074    6.00553         18 0.0000e+00
      54435   2268.065    229.000     4.4888   3.299444     4.4920   3.301073      95.71     0.0137     2.7945     2.4898  1.9629141  1.1733822   48.60168  -45.45984    34.8791    34.8948     4.4718     4.4750    27.6394    27.6516    5.87144    5.99960         16 0.0000e+00
      54451   2268.756    228.000     4.4972   3.300250     4.5010   3.301977      76.41     0.0121     2.7930     2.4892  1.9633015  1.1738169   48.60168  -45.45984    34.8802    34.8964     4.4802     4.4841    27.6394    27.6519    5.86170    5.99654         17 0.0000e+00
      54469   2269.481    227.000     4.5067   3.301131     4.5094   3.302752      94.84     0.0138     2.7906     2.4887  1.9645945  1.1755576   48.60168  -45.45984    34.8810    34.8972     4.4898     4.4925    27.6390    27.6516    5.85407    5.99481         18 0.0000e+00
      54488   2270.303    226.000     4.5097   3.301380     4.5117   3.302840      95.03     0.0143     2.7893     2.4880  1.9645909  1.1757114   48.60168  -45.45984    34.8813    34.8964     4.4929     4.4948    27.6389    27.6506    5.86880    5.98925         22 0.0000e+00
      54511   2271.254    225.000     4.5111   3.301438     4.5118   3.302762      89.62     0.0141     2.7890     2.4868  1.9645909  1.1787716   48.60168  -45.45984    34.8811    34.8958     4.4943     4.4951    27.6386    27.6502    5.87009    5.98519         24 0.0000e+00
      54535   2272.253    224.000     4.5113   3.301371     4.5120   3.302693      87.29     0.0181     2.7884     2.4862  1.9645909  1.1794891   48.60168  -45.45984    34.8806    34.8954     4.4947     4.4953    27.6381    27.6498    5.86877    5.99002         23 0.0000e+00
      54559   2273.254    223.000     4.5110   3.301257     4.5116   3.302568      46.24     0.0117     2.7884     2.4863  1.9648851  1.1813995   48.60168  -45.45984    34.8801    34.8949     4.4944     4.4950    27.6377    27.6494    5.87389    5.99447         25 0.0000e+00
      54587   2274.426    222.000     4.5110   3.301168     4.5089   3.302207      74.05     0.0096     2.7883     2.4862  1.9657148  1.1820587   48.60168  -45.45984    34.8797    34.8940     4.4944     4.4924    27.6374    27.6490    5.86345    5.99203         33 0.0000e+00
