data/CTD/2013/CNV/U021A054.CNV
* Sea-Bird SBE 9 Data File:
* FileName = C:\CTD_ACQUISITION\2013021HUD\ctddata\021A054.hdr
* Software Version Seasave V 7.22.2
* Temperature SN = 5081
* Conductivity SN = 3561
* Number of Bytes Per Scan = 37
* Number of Voltage Words = 4
* Number of Scans Averaged by the Deck Unit = 1
* NMEA Latitude = 48 42.08 N
* NMEA Longitude = 045 35.44 W
* NMEA UTC (Time) = Jul 05 2013 06:47:39
* NMEA baud rate = 9600
** Ship: Hudson
** Cruise: HUD2013021
** Chief_Scientist: Greenan
** Organization: BIO
** Area_of_Operation: Sackville Spur
** Station: 54
** Sounding:  1200
** Event_Comments: SS23  393217
# nquan = 25
# nvalues = 1114                        
# units = specified
# name 0 = scan: Scan Count
# name 1 = timeS: Time, Elapsed [seconds]
# name 2 = prDM: Pressure, Digiquartz [db]
# name 3 = t068C: Temperature [ITS-68, deg C]
# name 4 = c0S/m: Conductivity [S/m]
# name 5 = t168C: Temperature, 2 [ITS-68, deg C]
# name 6 = c1S/m: Conductivity, 2 [S/m]
# name 7 = altM: Altimeter [m]
# name 8 = flCUVA: Fluorescence, Chelsea UV Aquatracka [ug/l]
# name 9 = sbeox0V: Oxygen raw, SBE 43 [V]
# name 10 = sbeox1V: Oxygen raw, SBE 43, 2 [V]
# name 11 = upoly0: Upoly 0, Optode 4330F - O2 D-Phase
# name 12 = upoly1: Upoly 1, Optode 4330F - O2 Temp
# name 13 = latitude: Latitude [deg]
# name 14 = longitude: Longitude [deg]
# name 15 = sal00: Salinity, Practical [PSU]
# name 16 = sal11: Salinity, Practical, 2 [PSU]
# name 17 = potemp068C: Potential Temperature [ITS-68, deg C]
# name 18 = potemp168C: Potential Temperature, 2 [ITS-68, deg C]
# name 19 = sigma-é00: Density [sigma-theta, Kg/m^3]
# name 20 = sigma-é11: Density, 2 [sigma-theta, Kg/m^3]
# name 21 = sbeox0ML/L: Oxygen, SBE 43 [ml/l], WS = 2
# name 22 = sbeox1ML/L: Oxygen, SBE 43, 2 [ml/l], WS = 2
# name 23 = nbin: number of scans per bin
# name 24 = flag: flag
# span 0 =      34084,      57535       
# span 1 =   1420.138,   2397.239       
# span 2 =      1.000,   1114.000       
# span 3 =     1.3010,     6.9018       
# span 4 =   2.914696,   3.381934       
# span 5 =     1.1994,     6.8916       
# span 6 =   2.906219,   3.382613       
# span 7 =       6.03,      98.16       
# span 8 =     0.0045,     0.5419       
# span 9 =     2.5227,     3.4310       
# span 10 =     2.2682,     3.0833      
# span 11 =  1.7212008,  2.0325383      
# span 12 =  0.8253969,  1.4493769      
# span 13 =   48.70238,   48.70426      
# span 14 =  -45.59200,  -45.59074      
# span 15 =    33.4518,    34.9146      
# span 16 =    33.5025,    34.9309      
# span 17 =     1.3001,     6.9017      
# span 18 =     1.1984,     6.8915      
# span 19 =    26.2394,    27.7566      
# span 20 =    26.2540,    27.7696      
# span 21 =    5.89553,    8.36314      
# span 22 =    6.07223,    8.52356      
# span 23 =         12,        200      
# span 24 = 0.0000e+00, 0.0000e+00      
# interval = decibars: 1                
# start_time = Jul 05 2013 06:47:39 [NMEA time, header]
# bad_flag = -9.990e-29
*END*
[from data line 696]
      48398   2016.552    418.000     3.9596   3.259667     3.9607   3.261125      93.38     0.0166     2.8238     2.5210  1.9462140  1.1194201   48.70286  -45.59158    34.8684    34.8845     3.9297     3.9308    27.6889    27.7017    6.20741    6.35462         25 0.0000e+00
      48422   2017.524    417.000     3.9601   3.259662     3.9608   3.261088      95.84     0.0140     2.8231     2.5214  1.9467540  1.1196643   48.70286  -45.59158    34.8684    34.8845     3.9303     3.9310    27.6889    27.7016    6.20833    6.34506         21 0.0000e+00
      48441   2018.322    416.000     3.9606   3.259658     3.9610   3.261053      92.44     0.0124     2.8238     2.5213  1.9487419  1.1196581   48.70286  -45.59156    34.8683    34.8844     3.9308     3.9312    27.6887    27.7016    6.21783    6.34184         18 0.0000e+00
      48458   2019.022    415.000     3.9611   3.259644     3.9613   3.261044      84.64     0.0128     2.8239     2.5213  1.9487180  1.1196581   48.70286  -45.59156    34.8681    34.8845     3.9314     3.9316    27.6885    27.7016    6.22058    6.34505         16 0.0000e+00
      48474   2019.691    414.000     3.9617   3.259661     3.9621   3.261066      95.83     0.0125     2.8245     2.5216  1.9477975  1.1196581   48.70286  -45.59156    34.8682    34.8845     3.9321     3.9325    27.6885    27.7015    6.22293    6.34453         16 0.0000e+00
      48490   2020.388    413.000     3.9621   3.259662     3.9622   3.261031      95.78     0.0108     2.8254     2.5216  1.9470309  1.1197252   48.70286  -45.59156    34.8684    34.8844     3.9326     3.9327    27.6886    27.7014    6.22240    6.33988         18 0.0000e+00
      48509   2021.158    412.000     3.9622   3.259628     3.9621   3.260974      94.81     0.0110     2.8260     2.5214  1.9464746  1.1197224   48.70286  -45.59154    34.8684    34.8845     3.9327     3.9326    27.6886    27.7015    6.22046    6.33552         19 0.0000e+00
      48530   2022.024    411.000     3.9622   3.259580     3.9621   3.260929      80.85     0.0131     2.8260     2.5210  1.9487255  1.1197135   48.70286  -45.59154    34.8683    34.8844     3.9328     3.9327    27.6886    27.7014    6.21793    6.33438         22 0.0000e+00
      48552   2022.955    410.000     3.9621   3.259524     3.9621   3.260887      95.60     0.0116     2.8269     2.5210  1.9487180  1.1196584   48.70286  -45.59153    34.8683    34.8845     3.9328     3.9328    27.6885    27.7014    6.22522    6.33841         23 0.0000e+00
      48574   2023.877    409.000     3.9621   3.259467     3.9620   3.260826      83.89     0.0146     2.8276     2.5214  1.9465616  1.1205906   48.70286  -45.59152    34.8682    34.8844     3.9328     3.9328    27.6884    27.7013    6.22117    6.34564         21 0.0000e+00
      48595   2024.766    408.000     3.9620   3.259418     3.9623   3.260795      95.99     0.0135     2.8276     2.5221  1.9457378  1.1208844   48.70286  -45.59151    34.8682    34.8843     3.9329     3.9342    27.6885    27.7013    6.22110    6.34951         21 0.0000e+00
      48617   2025.646    407.000     3.9622   3.259388     3.9625   3.260774      95.78     0.0089     2.8283     2.5228  1.9458319  1.1208792   48.70287  -45.59150    34.8682    34.8843     3.9331     3.9334    27.6884    27.7012    6.22207    6.34498         22 0.0000e+00
      48638   2026.541    406.000     3.9628   3.259391     3.9636   3.260818      87.04     0.0106     2.8284     2.5229  1.9461011  1.1208792   48.70288  -45.59150    34.8681    34.8842     3.9338     3.9345    27.6883    27.7010    6.21666    6.34028         21 0.0000e+00
      48659   2027.401    405.000     3.9640   3.259451     3.9649   3.260894      91.97     0.0108     2.8285     2.5230  1.9460312  1.1208792   48.70288  -45.59150    34.8681    34.8843     3.9351     3.9359    27.6881    27.7010    6.21978    6.33669         20 0.0000e+00
      48678   2028.221    404.000     3.9653   3.259504     3.9664   3.260969      95.72     0.0103     2.8291     2.5227  1.9458228  1.1208792   48.70288  -45.59148    34.8679    34.8841     3.9365     3.9375    27.6879    27.7007    6.21582    6.33774         19 0.0000e+00
      48697   2029.020    403.000     3.9662   3.259551     3.9671   3.260975      95.49     0.0135     2.8288     2.5231  1.9457875  1.1208792   48.70288  -45.59148    34.8680    34.8839     3.9374     3.9383    27.6878    27.7004    6.22110    6.34507         20 0.0000e+00
      48717   2029.824    402.000     3.9671   3.259556     3.9677   3.260950      49.19     0.0146     2.8300     2.5239  1.9459527  1.1208792   48.70288  -45.59147    34.8677    34.8835     3.9383     3.9390    27.6875    27.7000    6.22212    6.34963         19 0.0000e+00
      48737   2030.648    401.000     3.9677   3.259544     3.9683   3.260931      95.79     0.0157     2.8295     2.5244  1.9456034  1.1208792   48.70288  -45.59146    34.8674    34.8832     3.9391     3.9397    27.6872    27.6997    6.20979    6.34632         20 0.0000e+00
      48757   2031.491    400.000     3.9682   3.259525     3.9686   3.260896      95.64     0.0165     2.8294     2.5249  1.9459814  1.1208792   48.70288  -45.59146    34.8671    34.8830     3.9397     3.9400    27.6869    27.6995    6.21364    6.34863         21 0.0000e+00
      48777   2032.352    399.000     3.9686   3.259489     3.9688   3.260839      90.62     0.0129     2.8294     2.5255  1.9459099  1.1210618   48.70288  -45.59144    34.8668    34.8827     3.9401     3.9403    27.6866    27.6992    6.21781    6.34836         20 0.0000e+00
      48798   2033.224    398.000     3.9687   3.259434     3.9688   3.260773      87.78     0.0138     2.8303     2.5259  1.9458681  1.1210535   48.70288  -45.59144    34.8666    34.8824     3.9403     3.9404    27.6864    27.6990    6.21786    6.34116         21 0.0000e+00
      48819   2034.099    397.000     3.9690   3.259375     3.9689   3.260708      95.33     0.0167     2.8301     2.5255  1.9459873  1.1216456   48.70288  -45.59144    34.8662    34.8821     3.9406     3.9406    27.6860    27.6987    6.21276    6.33682         21 0.0000e+00
      48840   2034.955    396.000     3.9689   3.259313     3.9688   3.260653      95.78     0.0183     2.8303     2.5257  1.9463328  1.1218668   48.70288  -45.59142    34.8660    34.8821     3.9406     3.9405    27.6859    27.6987    6.21799    6.32949         21 0.0000e+00
      48860   2035.808    395.000     3.9689   3.259250     3.9688   3.260596      81.91     0.0184     2.8310     2.5242  1.9457906  1.1220988   48.70288  -45.59142    34.8658    34.8820     3.9407     3.9405    27.6857    27.6986    6.21732    6.32365         20 0.0000e+00
      48880   2036.645    394.000     3.9689   3.259185     3.9687   3.260534      95.55     0.0138     2.8308     2.5244  1.9454215  1.1221001   48.70288  -45.59141    34.8656    34.8818     3.9407     3.9406    27.6856    27.6985    6.20795    6.33181         20 0.0000e+00
      48900   2037.438    393.000     3.9687   3.259124     3.9686   3.260467      25.34     0.0138     2.8303     2.5241  1.9458015  1.1221001   48.70288  -45.59140    34.8656    34.8817     3.9407     3.9418    27.6856    27.6984    6.20948    6.33060         18 0.0000e+00
      48917   2038.175    392.000     3.9686   3.259057     3.9683   3.260384      77.28     0.0145     2.8308     2.5242  1.9456276  1.1221001   48.70288  -45.59140    34.8655    34.8815     3.9406     3.9403    27.6855    27.6983    6.21580    6.34085         17 0.0000e+00
      48934   2038.892    391.000     3.9684   3.258976     3.9681   3.260296      79.88     0.0151     2.8313     2.5252  1.9455978  1.1221001   48.70289  -45.59139    34.8653    34.8812     3.9404     3.9402    27.6854    27.6981    6.21255    6.34962         18 0.0000e+00
      48953   2039.658    390.000     3.9682   3.258893     3.9679   3.260216      95.60     0.0116     2.8309     2.5260  1.9478561  1.1221001   48.70290  -45.59138    34.8650    34.8810     3.9403     3.9401    27.6852    27.6979    6.21798    6.34028         19 0.0000e+00
      48974   2040.559    389.000     3.9681   3.258822     3.9677   3.260140      80.18     0.0098     2.8321     2.5258  1.9493133  1.1221001   48.70290  -45.59137    34.8649    34.8808     3.9403     3.9400    27.6850    27.6978    6.21750    6.33162         25 0.0000e+00
      49001   2041.669    388.000     3.9679   3.258770     3.9676   3.260071      94.79     0.0099     2.8323     2.5257  1.9474930  1.1221001   48.70290  -45.59136    34.8649    34.8807     3.9402     3.9399    27.6851    27.6977    6.21677    6.33121         27 0.0000e+00
      49026   2042.724    387.000     3.9679   3.258702     3.9674   3.260003      95.71     0.0149     2.8328     2.5254  1.9461502  1.1221001   48.70290  -45.59136    34.8647    34.8806     3.9403     3.9398    27.6849    27.6976    6.21887    6.32919         23 0.0000e+00
      49047   2043.564    386.000     3.9677   3.258624     3.9673   3.259939      34.44     0.0129     2.8338     2.5256  1.9472274  1.1221001   48.70290  -45.59135    34.8645    34.8806     3.9401     3.9397    27.6848    27.6976    6.21942    6.33839         18 0.0000e+00
      49064   2044.285    385.000     3.9673   3.258525     3.9670   3.259857      67.05     0.0140     2.8330     2.5263  1.9487048  1.1221001   48.70290  -45.59134    34.8643    34.8804     3.9398     3.9395    27.6846    27.6975    6.21587    6.33978         17 0.0000e+00
      49080   2044.962    384.000     3.9670   3.258437     3.9666   3.259774      95.02     0.0144     2.8343     2.5264  1.9487180  1.1221001   48.70290  -45.59134    34.8641    34.8804     3.9396     3.9392    27.6845    27.6975    6.22897    6.33915         16 0.0000e+00
      49096   2045.638    383.000     3.9665   3.258334     3.9661   3.259661      95.43     0.0146     2.8352     2.5270  1.9484918  1.1221001   48.70290  -45.59133    34.8639    34.8801     3.9392     3.9388    27.6844    27.6973    6.22395    6.34423         16 0.0000e+00
      49114   2046.367    382.000     3.9660   3.258223     3.9655   3.259531      88.49     0.0151     2.8349     2.5278  1.9481434  1.1221001   48.70290  -45.59132    34.8636    34.8797     3.9388     3.9383    27.6842    27.6971    6.20907    6.34842         19 0.0000e+00
      49134   2047.189    381.000     3.9656   3.258123     3.9651   3.259422      85.20     0.0149     2.8344     2.5286  1.9479662  1.1221001   48.70290  -45.59132    34.8634    34.8794     3.9385     3.9380    27.6841    27.6968    6.20675    6.35344         21 0.0000e+00
      49155   2048.081    380.000     3.9653   3.258040     3.9646   3.259310      95.18     0.0165     2.8341     2.5299  1.9459909  1.1221001   48.70292  -45.59130    34.8633    34.8791     3.9383     3.9375    27.6840    27.6967    6.21503    6.35537         21 0.0000e+00
      49176   2048.974    379.000     3.9649   3.257944     3.9643   3.259210      95.14     0.0133     2.8349     2.5310  1.9458668  1.1221001   48.70292  -45.59130    34.8631    34.8788     3.9379     3.9373    27.6839    27.6964    6.21795    6.35226         21 0.0000e+00
      49197   2049.848    378.000     3.9646   3.257835     3.9645   3.259157      79.93     0.0121     2.8350     2.5313  1.9464011  1.1221001   48.70292  -45.59129    34.8627    34.8785     3.9377     3.9376    27.6836    27.6961    6.21344    6.34265         21 0.0000e+00
      49218   2050.694    377.000     3.9645   3.257762     3.9644   3.259074      95.65     0.0120     2.8351     2.5311  1.9467670  1.1221001   48.70292  -45.59128    34.8624    34.8782     3.9377     3.9375    27.6834    27.6959    6.21641    6.33485         20 0.0000e+00
      49237   2051.511    376.000     3.9644   3.257667     3.9640   3.258962      95.16     0.0140     2.8359     2.5304  1.9478320  1.1221001   48.70292  -45.59128    34.8619    34.8777     3.9376     3.9372    27.6830    27.6956    6.21862    6.32994         19 0.0000e+00
      49256   2052.304    375.000     3.9642   3.257557     3.9639   3.258853      90.91     0.0172     2.8359     2.5300  1.9484057  1.1221001   48.70292  -45.59126    34.8614    34.8771     3.9375     3.9372    27.6826    27.6951    6.20609    6.32708         19 0.0000e+00
      49275   2053.103    374.000     3.9639   3.257433     3.9635   3.258698      78.53     0.0188     2.8350     2.5293  1.9484127  1.1221001   48.70292  -45.59126    34.8608    34.8763     3.9372     3.9368    27.6821    27.6945    6.19923    6.32708         20 0.0000e+00
      49295   2053.936    373.000     3.9636   3.257298     3.9632   3.258588      95.31     0.0159     2.8346     2.5292  1.9464449  1.1221001   48.70292  -45.59125    34.8601    34.8758     3.9370     3.9366    27.6816    27.6942    6.20079    6.33141         21 0.0000e+00
      49317   2054.825    372.000     3.9634   3.257208     3.9634   3.258542      80.44     0.0197     2.8341     2.5292  1.9464498  1.1221001   48.70292  -45.59124    34.8597    34.8756     3.9369     3.9369    27.6813    27.6939    6.20204    6.33246         21 0.0000e+00
      49338   2055.708    371.000     3.9635   3.257147     3.9635   3.258488      95.20     0.0230     2.8341     2.5294  1.9469732  1.1221001   48.70293  -45.59123    34.8594    34.8754     3.9371     3.9371    27.6810    27.6937    6.20846    6.34126         21 0.0000e+00
      49358   2056.562    370.000     3.9635   3.257082     3.9633   3.258390      83.80     0.0221     2.8347     2.5305  1.9486549  1.1221001   48.70294  -45.59122    34.8592    34.8749     3.9372     3.9370    27.6808    27.6934    6.21624    6.34563         20 0.0000e+00
      49378   2057.370    369.000     3.9635   3.256989     3.9634   3.258302      90.74     0.0194     2.8357     2.5310  1.9477600  1.1221001   48.70294  -45.59122    34.8587    34.8743     3.9372     3.9371    27.6804    27.6929    6.21997    6.33923         19 0.0000e+00
      49397   2058.150    368.000     3.9635   3.256897     3.9633   3.258227      95.70     0.0156     2.8366     2.5311  1.9457225  1.1221001   48.70294  -45.59120    34.8581    34.8741     3.9373     3.9371    27.6799    27.6927    6.22100    6.33614         18 0.0000e+00
      49415   2058.902    367.000     3.9634   3.256809     3.9631   3.258142      84.45     0.0142     2.8375     2.5313  1.9457332  1.1221001   48.70294  -45.59120    34.8577    34.8738     3.9373     3.9369    27.6796    27.6925    6.22665    6.34079         18 0.0000e+00
      49433   2059.664    366.000     3.9630   3.256721     3.9627   3.258064      71.59     0.0152     2.8384     2.5319  1.9455056  1.1221001   48.70294  -45.59120    34.8576    34.8738     3.9370     3.9367    27.6796    27.6925    6.22285    6.34014         19 0.0000e+00
      49452   2060.458    365.000     3.9625   3.256628     3.9616   3.257896      92.75     0.0159     2.8390     2.5319  1.9451195  1.1221001   48.70294  -45.59120    34.8576    34.8735     3.9365     3.9356    27.6796    27.6924    6.21505    6.34016         19 0.0000e+00
      49472   2061.306    364.000     3.9613   3.256430     3.9588   3.257531      95.51     0.0123     2.8386     2.5326  1.9454678  1.1221001   48.70294  -45.59118    34.8569    34.8727     3.9354     3.9329    27.6793    27.6921    6.21823    6.34399         21 0.0000e+00
      49494   2062.192    363.000     3.9595   3.256168     3.9579   3.257338      95.67     0.0091     2.8398     2.5331  1.9475063  1.1221001   48.70294  -45.59118    34.8563    34.8720     3.9337     3.9320    27.6789    27.6916    6.21713    6.34537         22 0.0000e+00
      49515   2063.066    362.000     3.9584   3.255955     3.9579   3.257246      95.80     0.0109     2.8394     2.5337  1.9484162  1.1221001   48.70294  -45.59116    34.8554    34.8713     3.9327     3.9322    27.6783    27.6910    6.20788    6.34439         20 0.0000e+00
