data/CTD/2013/CNV/U021A033.CNV
* Sea-Bird SBE 9 Data File:
* FileName = C:\CTD_ACQUISITION\2013021HUD\ctddata\021A033.hdr
* Software Version Seasave V 7.22.2
* Temperature SN = 5081
* Conductivity SN = 3561
* Number of Bytes Per Scan = 37
* Number of Voltage Words = 4
* Number of Scans Averaged by the Deck Unit = 1
* NMEA Latitude = 48 13.60 N
* NMEA Longitude = 046 27.66 W
* NMEA UTC (Time) = Jul 03 2013 09:29:10
* NMEA baud rate = 9600
** Ship: Hudson
** Cruise: HUD2013021
** Chief_Scientist: Greenan
** Organization: BIO
** Area_of_Operation: Sackville Spur
** Station: 33
** Sounding:  1150
** Event_Comments: SS13   393161
# nquan = 25
# nvalues = 982                         
# units = specified
# name 0 = scan: Scan Count
# name 1 = timeS: Time, Elapsed [seconds]
# name 2 = prDM: Pressure, Digiquartz [db]
# name 3 = t068C: Temperature [ITS-68, deg C]
# name 4 = c0S/m: Conductivity [S/m]
# name 5 = t168C: Temperature, 2 [ITS-68, deg C]
# name 6 = c1S/m: Conductivity, 2 [S/m]
# name 7 = altM: Altimeter [m]
# name 8 = flCUVA: Fluorescence, Chelsea UV Aquatracka [ug/l]
# name 9 = sbeox0V: Oxygen raw, SBE 43 [V]
# name 10 = sbeox1V: Oxygen raw, SBE 43, 2 [V]
# name 11 = upoly0: Upoly 0, Optode 4330F - O2 D-Phase
# name 12 = upoly1: Upoly 1, Optode 4330F - O2 Temp
# name 13 = latitude: Latitude [deg]
# name 14 = longitude: Longitude [deg]
# name 15 = sal00: Salinity, Practical [PSU]
# name 16 = sal11: Salinity, Practical, 2 [PSU]
# name 17 = potemp068C: Potential Temperature [ITS-68, deg C]
# name 18 = potemp168C: Potential Temperature, 2 [ITS-68, deg C]
# name 19 = sigma-é00: Density [sigma-theta, Kg/m^3]
# name 20 = sigma-é11: Density, 2 [sigma-theta, Kg/m^3]
# name 21 = sbeox0ML/L: Oxygen, SBE 43 [ml/l], WS = 2
# name 22 = sbeox1ML/L: Oxygen, SBE 43, 2 [ml/l], WS = 2
# name 23 = nbin: number of scans per bin
# name 24 = flag: flag
# span 0 =      34383,      61040       
# span 1 =   1432.588,   2543.312       
# span 2 =      1.000,    982.000       
# span 3 =    -0.2051,     5.5051       
# span 4 =   2.762027,   3.272556       
# span 5 =    -0.2044,     5.5054       
# span 6 =   2.763585,   3.273901       
# span 7 =     -12.13,      99.90       
# span 8 =     0.0052,     0.1086       
# span 9 =     2.5953,     3.4241       
# span 10 =     2.3342,     3.0714      
# span 11 =  1.7396194,  2.0055459      
# span 12 =  0.6259456,  1.3137414      
# span 13 =   48.21666,   48.22097      
# span 14 =  -46.45955,  -46.45796      
# span 15 =    32.5610,    34.9050      
# span 16 =    32.6002,    34.9214      
# span 17 =    -0.2064,     5.5050      
# span 18 =    -0.2057,     5.5053      
# span 19 =    25.6848,    27.7398      
# span 20 =    25.7159,    27.7529      
# span 21 =    6.00207,    8.65322      
# span 22 =    6.20844,    8.79164      
# span 23 =         10,        542      
# span 24 = 0.0000e+00, 0.0000e+00      
# interval = decibars: 1                
# start_time = Jul 03 2013 09:29:10 [NMEA time, header]
# bad_flag = -9.990e-29
*END*
[from data line 464]
      47342   1972.535    518.000     3.9002   3.258831     3.8998   3.260177      28.54     0.0166     2.7997     2.5026  1.9487180  1.1135532   48.21889  -46.45848    34.8683    34.8848     3.8630     3.8625    27.6957    27.7089    6.23873    6.37258         17 0.0000e+00
      47360   1973.302    517.000     3.9001   3.258783     3.8998   3.260128      95.51     0.0179     2.8003     2.5020  1.9487180  1.1135532   48.21888  -46.45848    34.8683    34.8847     3.8630     3.8626    27.6958    27.7089    6.24631    6.37176         20 0.0000e+00
      47383   1974.243    516.000     3.9000   3.258727     3.8996   3.260078      48.33     0.0140     2.8012     2.5021  1.9487180  1.1135532   48.21888  -46.45848    34.8683    34.8848     3.8630     3.8626    27.6958    27.7089    6.24346    6.37743         25 0.0000e+00
      47408   1975.308    515.000     3.9000   3.258673     3.8996   3.260022      93.48     0.0163     2.8015     2.5024  1.9473782  1.1135532   48.21886  -46.45850    34.8683    34.8847     3.8630     3.8626    27.6957    27.7088    6.24930    6.38082         25 0.0000e+00
      47431   1976.245    514.000     3.8999   3.258620     3.8995   3.259972      65.12     0.0191     2.8029     2.5029  1.9476120  1.1135532   48.21886  -46.45850    34.8683    34.8848     3.8629     3.8625    27.6957    27.7089    6.24943    6.38388         21 0.0000e+00
      47452   1977.104    513.000     3.8998   3.258579     3.8993   3.259917      56.96     0.0181     2.8029     2.5036  1.9486921  1.1135532   48.21885  -46.45850    34.8684    34.8848     3.8630     3.8625    27.6958    27.7089    6.24040    6.37983         21 0.0000e+00
      47475   1978.066    512.000     3.8998   3.258530     3.8992   3.259866      20.58     0.0172     2.8031     2.5032  1.9487180  1.1135532   48.21884  -46.45850    34.8684    34.8848     3.8630     3.8625    27.6958    27.7090    6.24543    6.37181         26 0.0000e+00
      47505   1979.323    511.000     3.9000   3.258499     3.8994   3.259827      86.59     0.0144     2.8039     2.5037  1.9487180  1.1135532   48.21884  -46.45850    34.8682    34.8847     3.8634     3.8627    27.6957    27.7089    6.24940    6.38528         32 0.0000e+00
      47534   1980.555    510.000     3.9001   3.258458     3.8997   3.259804      93.66     0.0144     2.8044     2.5045  1.9482832  1.1135532   48.21884  -46.45850    34.8682    34.8846     3.8635     3.8631    27.6957    27.7088    6.23705    6.38751         26 0.0000e+00
      47556   1981.475    509.000     3.9001   3.258415     3.8998   3.259758      25.09     0.0161     2.8036     2.5053  1.9474829  1.1135532   48.21884  -46.45850    34.8682    34.8845     3.8636     3.8632    27.6956    27.7087    6.23989    6.38818         19 0.0000e+00
      47574   1982.227    508.000     3.8998   3.258343     3.8994   3.259692      98.17     0.0162     2.8044     2.5056  1.9470552  1.1135532   48.21882  -46.45850    34.8683    34.8846     3.8633     3.8630    27.6957    27.7088    6.24779    6.38056         17 0.0000e+00
      47591   1982.902    507.000     3.8991   3.258237     3.8987   3.259598      96.25     0.0131     2.8047     2.5057  1.9486569  1.1135532   48.21882  -46.45850    34.8682    34.8848     3.8628     3.8624    27.6957    27.7090    6.23986    6.37108         16 0.0000e+00
      47606   1983.561    506.000     3.8988   3.258177     3.8983   3.259523      96.34     0.0149     2.8042     2.5049  1.9488701  1.1135532   48.21881  -46.45850    34.8684    34.8849     3.8625     3.8620    27.6959    27.7091    6.23378    6.36330         16 0.0000e+00
      47623   1984.251    505.000     3.8985   3.258113     3.8982   3.259461      42.06     0.0152     2.8041     2.5042  1.9487177  1.1135532   48.21880  -46.45850    34.8685    34.8848     3.8623     3.8619    27.6960    27.7090    6.23680    6.36261         17 0.0000e+00
      47642   1985.047    504.000     3.8982   3.258050     3.8979   3.259398      76.90     0.0178     2.8042     2.5038  1.9487180  1.1135532   48.21880  -46.45850    34.8686    34.8849     3.8620     3.8617    27.6961    27.7091    6.24149    6.36550         22 0.0000e+00
      47669   1986.170    503.000     3.8981   3.257985     3.8977   3.259331      95.99     0.0180     2.8045     2.5037  1.9487180  1.1135532   48.21880  -46.45850    34.8685    34.8849     3.8620     3.8616    27.6960    27.7091    6.23390    6.37122         32 0.0000e+00
      47700   1987.478    502.000     3.8993   3.258027     3.8980   3.259300      44.35     0.0143     2.8041     2.5044  1.9487654  1.1135532   48.21878  -46.45850    34.8682    34.8848     3.8633     3.8619    27.6957    27.7090    6.23438    6.38075         27 0.0000e+00
      47724   1988.449    501.000     3.9003   3.258081     3.8993   3.259365      70.81     0.0111     2.8046     2.5052  1.9488297  1.1135532   48.21878  -46.45852    34.8683    34.8846     3.8644     3.8633    27.6956    27.7087    6.24166    6.38100         22 0.0000e+00
      47745   1989.327    500.000     3.9017   3.258161     3.9005   3.259432      89.82     0.0125     2.8044     2.5056  1.9489497  1.1135532   48.21878  -46.45852    34.8683    34.8847     3.8658     3.8646    27.6955    27.7086    6.23282    6.37806         21 0.0000e+00
      47768   1990.309    499.000     3.9036   3.258297     3.9026   3.259575      44.57     0.0169     2.8049     2.5060  1.9489995  1.1135532   48.21876  -46.45852    34.8684    34.8847     3.8679     3.8668    27.6953    27.7084    6.23585    6.37458         26 0.0000e+00
      47794   1991.356    498.000     3.9059   3.258442     3.9044   3.259686      97.60     0.0185     2.8047     2.5060  1.9487116  1.1135532   48.21876  -46.45852    34.8682    34.8846     3.8702     3.8687    27.6950    27.7082    6.23344    6.37404         23 0.0000e+00
      47814   1992.203    497.000     3.9087   3.258656     3.9071   3.259886      96.33     0.0175     2.8052     2.5063  1.9487180  1.1135532   48.21876  -46.45852    34.8684    34.8846     3.8730     3.8714    27.6948    27.7079    6.23427    6.37456         18 0.0000e+00
      47831   1992.906    496.000     3.9101   3.258757     3.9092   3.260045      82.34     0.0173     2.8048     2.5064  1.9484082  1.1135532   48.21876  -46.45852    34.8685    34.8848     3.8745     3.8736    27.6948    27.7078    6.22945    6.37511         16 0.0000e+00
      47847   1993.587    495.000     3.9113   3.258823     3.9107   3.260146      29.25     0.0173     2.8053     2.5068  1.9484308  1.1135532   48.21876  -46.45852    34.8686    34.8850     3.8758     3.8752    27.6947    27.7078    6.22817    6.37221         17 0.0000e+00
      47866   1994.354    494.000     3.9123   3.258867     3.9117   3.260192      94.59     0.0171     2.8046     2.5067  1.9481442  1.1136098   48.21874  -46.45852    34.8686    34.8850     3.8768     3.8762    27.6946    27.7077    6.22333    6.36848         21 0.0000e+00
      47892   1995.446    493.000     3.9127   3.258846     3.9120   3.260175      93.66     0.0197     2.8048     2.5067  1.9470718  1.1137030   48.21874  -46.45852    34.8685    34.8850     3.8773     3.8766    27.6945    27.7076    6.23103    6.36944         32 0.0000e+00
      47922   1996.727    492.000     3.9139   3.258898     3.9129   3.260191      39.56     0.0140     2.8053     2.5069  1.9471239  1.1143242   48.21873  -46.45852    34.8684    34.8848     3.8786     3.8776    27.6942    27.7074    6.23115    6.36827         26 0.0000e+00
      47944   1997.628    491.000     3.9144   3.258913     3.9136   3.260209      96.43     0.0157     2.8053     2.5069  1.9468535  1.1147109   48.21872  -46.45852    34.8685    34.8848     3.8792     3.8783    27.6943    27.7073    6.23120    6.36512         19 0.0000e+00
      47963   1998.401    490.000     3.9161   3.259022     3.9145   3.260264      96.35     0.0121     2.8060     2.5066  1.9468184  1.1147746   48.21872  -46.45852    34.8686    34.8850     3.8809     3.8794    27.6941    27.7074    6.23426    6.36320         18 0.0000e+00
      47983   1999.249    489.000     3.9180   3.259167     3.9168   3.260433      44.76     0.0108     2.8063     2.5066  1.9468846  1.1147741   48.21870  -46.45854    34.8688    34.8851     3.8829     3.8817    27.6941    27.7072    6.22912    6.36064         24 0.0000e+00
      48014   2000.560    488.000     3.9215   3.259411     3.9186   3.260556      92.67     0.0132     2.8059     2.5064  1.9466556  1.1147741   48.21870  -46.45854    34.8685    34.8852     3.8864     3.8836    27.6935    27.7071    6.21998    6.36261         39 0.0000e+00
      48049   2001.988    487.000     3.9256   3.259766     3.9209   3.260717      69.95     0.0140     2.8055     2.5065  1.9466159  1.1147741   48.21870  -46.45854    34.8689    34.8851     3.8907     3.8860    27.6934    27.7068    6.22535    6.35984         25 0.0000e+00
      48069   2002.853    486.000     3.9307   3.260192     3.9255   3.261086      56.36     0.0147     2.8064     2.5063  1.9485667  1.1147741   48.21869  -46.45854    34.8691    34.8852     3.8958     3.8906    27.6930    27.7064    6.23205    6.35460         19 0.0000e+00
      48086   2003.556    485.000     3.9321   3.260296     3.9296   3.261441      95.98     0.0132     2.8061     2.5060  1.9498515  1.1147741   48.21868  -46.45854    34.8693    34.8857     3.8973     3.8947    27.6931    27.7063    6.22613    6.35021         16 0.0000e+00
      48102   2004.199    484.000     3.9338   3.260398     3.9323   3.261646      96.32     0.0090     2.8070     2.5057  1.9497774  1.1147741   48.21868  -46.45854    34.8693    34.8857     3.8990     3.8975    27.6929    27.7061    6.22857    6.34786         15 0.0000e+00
      48117   2004.834    483.000     3.9359   3.260550     3.9348   3.261827      87.76     0.0068     2.8073     2.5053  1.9472735  1.1147741   48.21868  -46.45854    34.8694    34.8857     3.9012     3.9001    27.6927    27.7058    6.22730    6.34946         16 0.0000e+00
      48134   2005.529    482.000     3.9387   3.260756     3.9380   3.262067      29.66     0.0059     2.8074     2.5056  1.9461259  1.1148387   48.21868  -46.45854    34.8694    34.8858     3.9041     3.9033    27.6924    27.7055    6.22113    6.35381         18 0.0000e+00
      48155   2006.412    481.000     3.9406   3.260892     3.9408   3.262289      91.67     0.0052     2.8072     2.5057  1.9466357  1.1151943   48.21868  -46.45854    34.8695    34.8859     3.9061     3.9063    27.6923    27.7053    6.21863    6.35450         25 0.0000e+00
      48188   2007.803    480.000     3.9443   3.261136     3.9434   3.262461      50.57     0.0097     2.8071     2.5065  1.9487013  1.1159778   48.21866  -46.45854    34.8691    34.8857     3.9098     3.9089    27.6915    27.7049    6.21859    6.35986         41 0.0000e+00
      48226   2009.389    479.000     3.9469   3.261347     3.9448   3.262537      88.70     0.0172     2.8075     2.5073  1.9470829  1.1171796   48.21866  -46.45854    34.8693    34.8857     3.9125     3.9104    27.6914    27.7047    6.22065    6.35530         31 0.0000e+00
      48253   2010.487    478.000     3.9483   3.261431     3.9464   3.262641      96.47     0.0141     2.8081     2.5072  1.9474515  1.1171093   48.21865  -46.45854    34.8694    34.8858     3.9139     3.9120    27.6914    27.7046    6.22557    6.34848         23 0.0000e+00
      48274   2011.360    477.000     3.9485   3.261409     3.9474   3.262686      30.91     0.0124     2.8081     2.5068  1.9487877  1.1172168   48.21864  -46.45854    34.8695    34.8858     3.9142     3.9131    27.6914    27.7045    6.21790    6.34531         20 0.0000e+00
      48293   2012.162    476.000     3.9496   3.261459     3.9483   3.262724      90.04     0.0112     2.8082     2.5068  1.9487183  1.1172161   48.21864  -46.45854    34.8694    34.8858     3.9154     3.9141    27.6912    27.7044    6.21694    6.34570         19 0.0000e+00
      48312   2012.972    475.000     3.9504   3.261489     3.9492   3.262766      96.11     0.0120     2.8084     2.5064  1.9488389  1.1172161   48.21864  -46.45856    34.8694    34.8858     3.9162     3.9151    27.6912    27.7043    6.21495    6.34091         20 0.0000e+00
      48333   2013.821    474.000     3.9508   3.261479     3.9503   3.262802      81.61     0.0110     2.8080     2.5062  1.9487770  1.1172161   48.21863  -46.45856    34.8694    34.8857     3.9167     3.9162    27.6911    27.7041    6.21372    6.34261         21 0.0000e+00
      48354   2014.688    473.000     3.9514   3.261471     3.9509   3.262807       9.79     0.0143     2.8081     2.5062  1.9488401  1.1178271   48.21862  -46.45856    34.8692    34.8857     3.9174     3.9168    27.6909    27.7040    6.21464    6.34452         20 0.0000e+00
      48374   2015.561    472.000     3.9517   3.261455     3.9514   3.262809      64.27     0.0175     2.8081     2.5062  1.9487182  1.1184359   48.21862  -46.45856    34.8692    34.8856     3.9178     3.9175    27.6908    27.7039    6.21668    6.33713         22 0.0000e+00
      48396   2016.452    471.000     3.9522   3.261453     3.9520   3.262798      96.05     0.0209     2.8086     2.5053  1.9490066  1.1184372   48.21862  -46.45856    34.8692    34.8855     3.9184     3.9181    27.6908    27.7037    6.21302    6.32969         21 0.0000e+00
      48418   2017.361    470.000     3.9526   3.261431     3.9523   3.262791      33.20     0.0128     2.8082     2.5053  1.9499458  1.1184372   48.21862  -46.45856    34.8691    34.8855     3.9188     3.9185    27.6906    27.7037    6.21086    6.34527         22 0.0000e+00
      48440   2018.297    469.000     3.9527   3.261395     3.9524   3.262756      84.60     0.0118     2.8085     2.5060  1.9498388  1.1184872   48.21860  -46.45856    34.8691    34.8855     3.9190     3.9187    27.6906    27.7037    6.21152    6.34545         24 0.0000e+00
      48467   2019.410    468.000     3.9527   3.261356     3.9524   3.262710      95.66     0.0095     2.8082     2.5063  1.9487656  1.1189673   48.21860  -46.45856    34.8691    34.8855     3.9191     3.9188    27.6906    27.7037    6.20806    6.34303         31 0.0000e+00
      48505   2020.993    467.000     3.9528   3.261312     3.9524   3.262660      61.87     0.0125     2.8076     2.5067  1.9492753  1.1194588   48.21860  -46.45856    34.8690    34.8855     3.9193     3.9188    27.6905    27.7037    6.20071    6.34653         42 0.0000e+00
      48540   2022.444    466.000     3.9528   3.261266     3.9524   3.262600      97.44     0.0165     2.8074     2.5077  1.9490876  1.1194708   48.21858  -46.45856    34.8690    34.8853     3.9194     3.9200    27.6905    27.7035    6.21256    6.34714         26 0.0000e+00
      48561   2023.343    465.000     3.9528   3.261212     3.9524   3.262551      29.68     0.0157     2.8080     2.5078  1.9481443  1.1196644   48.21858  -46.45856    34.8689    34.8852     3.9194     3.9190    27.6904    27.7034    6.21236    6.34165         18 0.0000e+00
      48578   2024.043    464.000     3.9528   3.261165     3.9524   3.262510      79.77     0.0128     2.8082     2.5078  1.9481053  1.1196581   48.21858  -46.45856    34.8689    34.8853     3.9195     3.9191    27.6904    27.7035    6.21095    6.33956         16 0.0000e+00
      48593   2024.687    463.000     3.9529   3.261118     3.9524   3.262462      96.28     0.0128     2.8085     2.5075  1.9485650  1.1196581   48.21858  -46.45856    34.8688    34.8853     3.9196     3.9191    27.6903    27.7035    6.21864    6.34290         16 0.0000e+00
      48609   2025.350    462.000     3.9529   3.261075     3.9525   3.262426      83.08     0.0140     2.8096     2.5081  1.9487816  1.1195197   48.21858  -46.45856    34.8688    34.8853     3.9197     3.9193    27.6903    27.7035    6.21794    6.35254         17 0.0000e+00
