data/CTD/2013/CNV/U021A048.CNV
* Sea-Bird SBE 9 Data File:
* FileName = C:\CTD_ACQUISITION\2013021HUD\ctddata\021A048.hdr
* Software Version Seasave V 7.22.2
* Temperature SN = 5081
* Conductivity SN = 3561
* Number of Bytes Per Scan = 37
* Number of Voltage Words = 4
* Number of Scans Averaged by the Deck Unit = 1
* NMEA Latitude = 48 58.29 N
* NMEA Longitude = 045 52.31 W
* NMEA UTC (Time) = Jul 04 2013 20:38:06
* NMEA baud rate = 9600
** Ship: Hudson
** Cruise: HUD2013021
** Chief_Scientist: Greenan
** Organization: BIO
** Area_of_Operation: Sackville Spur
** Station: 48
** Sounding:  2567
** Event_Comments: SS29  393205
# nquan = 25
# nvalues = 2563                        
# units = specified
# name 0 = scan: Scan Count
# name 1 = timeS: Time, Elapsed [seconds]
# name 2 = prDM: Pressure, Digiquartz [db]
# name 3 = t068C: Temperature [ITS-68, deg C]
# name 4 = c0S/m: Conductivity [S/m]
# name 5 = t168C: Temperature, 2 [ITS-68, deg C]
# name 6 = c1S/m: Conductivity, 2 [S/m]
# name 7 = altM: Altimeter [m]
# name 8 = flCUVA: Fluorescence, Chelsea UV Aquatracka [ug/l]
# name 9 = sbeox0V: Oxygen raw, SBE 43 [V]
# name 10 = sbeox1V: Oxygen raw, SBE 43, 2 [V]
# name 11 = upoly0: Upoly 0, Optode 4330F - O2 D-Phase
# name 12 = upoly1: Upoly 1, Optode 4330F - O2 Temp
# name 13 = latitude: Latitude [deg]
# name 14 = longitude: Longitude [deg]
# name 15 = sal00: Salinity, Practical [PSU]
# name 16 = sal11: Salinity, Practical, 2 [PSU]
# name 17 = potemp068C: Potential Temperature [ITS-68, deg C]
# name 18 = potemp168C: Potential Temperature, 2 [ITS-68, deg C]
# name 19 = sigma-é00: Density [sigma-theta, Kg/m^3]
# name 20 = sigma-é11: Density, 2 [sigma-theta, Kg/m^3]
# name 21 = sbeox0ML/L: Oxygen, SBE 43 [ml/l], WS = 2
# name 22 = sbeox1ML/L: Oxygen, SBE 43, 2 [ml/l], WS = 2
# name 23 = nbin: number of scans per bin
# name 24 = flag: flag
# span 0 =      78761,     132909       
# span 1 =   3281.675,   5537.831       
# span 2 =      1.000,   2563.000       
# span 3 =     2.3203,     8.9410       
# span 4 =   3.163550,   3.624793       
# span 5 =     2.3194,     8.9384       
# span 6 =   3.164750,   3.626201       
# span 7 =       3.92,      98.39       
# span 8 =     0.0039,     0.8632       
# span 9 =     2.1756,     3.3867       
# span 10 =     1.9575,     3.0200      
# span 11 =  1.6725764,  2.1111111      
# span 12 =  0.9153458,  1.7337027      
# span 13 =   48.97364,   48.97452      
# span 14 =  -45.87470,  -45.87296      
# span 15 =    33.8152,    34.9219      
# span 16 =    33.8054,    34.9382      
# span 17 =     2.1307,     8.9407      
# span 18 =     2.1295,     8.9378      
# span 19 =    26.4311,    27.8865      
# span 20 =    26.4422,    27.8998      
# span 21 =    5.91409,    7.62723      
# span 22 =    5.54617,    7.76719      
# span 23 =         12,        431      
# span 24 = 0.0000e+00, 0.0000e+00      
# interval = decibars: 1                
# start_time = Jul 04 2013 20:38:06 [NMEA time, header]
# bad_flag = -9.990e-29
*END*
[from data line 1160]
     103735   4322.259   1403.000     3.4289   3.259624     3.4282   3.260940      95.86     0.0147     2.4469     2.1835  2.0534909  1.0525031   48.97442  -45.87366    34.9212    34.9376     3.3237     3.3229    27.7917    27.8049    5.92995    6.09000         16 0.0000e+00
     103752   4322.938   1402.000     3.4296   3.259651     3.4299   3.261042      95.89     0.0122     2.4475     2.1836  2.0532291  1.0525031   48.97442  -45.87366    34.9212    34.9376     3.3245     3.3246    27.7916    27.8047    5.93536    6.08423         17 0.0000e+00
     103770   4323.700   1401.000     3.4310   3.259737     3.4323   3.261222      37.13     0.0135     2.4481     2.1835  2.0531466  1.0525031   48.97443  -45.87366    34.9213    34.9376     3.3259     3.3271    27.7916    27.8045    5.93172    6.08441         19 0.0000e+00
     103792   4324.607   1400.000     3.4327   3.259841     3.4332   3.261262      65.30     0.0175     2.4480     2.1837  2.0533688  1.0525031   48.97444  -45.87366    34.9213    34.9377     3.3276     3.3281    27.7914    27.8044    5.92582    6.08538         24 0.0000e+00
     103816   4325.641   1399.000     3.4334   3.259856     3.4334   3.261232      46.84     0.0161     2.4478     2.1837  2.0524895  1.0525031   48.97444  -45.87366    34.9212    34.9376     3.3284     3.3284    27.7913    27.8043    5.92423    6.08264         25 0.0000e+00
     103841   4326.677   1398.000     3.4337   3.259846     3.4337   3.261215      86.36     0.0186     2.4479     2.1839  2.0525031  1.0527003   48.97444  -45.87366    34.9212    34.9376     3.3288     3.3287    27.7912    27.8043    5.92877    6.08933         25 0.0000e+00
     103864   4327.638   1397.000     3.4341   3.259837     3.4343   3.261230      95.79     0.0151     2.4483     2.1845  2.0525031  1.0536609   48.97444  -45.87367    34.9212    34.9376     3.3293     3.3295    27.7911    27.8042    5.93256    6.09255         22 0.0000e+00
     103885   4328.515   1396.000     3.4349   3.259863     3.4351   3.261257      56.26     0.0130     2.4486     2.1848  2.0525031  1.0536630   48.97444  -45.87368    34.9211    34.9375     3.3302     3.3344    27.7910    27.8041    5.93581    6.09023         20 0.0000e+00
     103905   4329.314   1395.000     3.4357   3.259896     3.4359   3.261281      58.29     0.0158     2.4492     2.1850  2.0525031  1.0535883   48.97444  -45.87366    34.9212    34.9376     3.3311     3.3312    27.7910    27.8040    5.93321    6.09002         18 0.0000e+00
     103922   4330.054   1394.000     3.4362   3.259903     3.4360   3.261250      95.45     0.0160     2.4496     2.1853  2.0525031  1.0537226   48.97444  -45.87366    34.9212    34.9376     3.3317     3.3314    27.7910    27.8040    5.92892    6.09162         18 0.0000e+00
     103940   4330.776   1393.000     3.4366   3.259890     3.4363   3.261235      25.08     0.0135     2.4493     2.1857  2.0525031  1.0537241   48.97444  -45.87366    34.9212    34.9376     3.3321     3.3317    27.7909    27.8040    5.92623    6.08866         17 0.0000e+00
     103957   4331.516   1392.000     3.4368   3.259870     3.4364   3.261200      81.48     0.0149     2.4498     2.1856  2.0525031  1.0537241   48.97444  -45.87366    34.9213    34.9375     3.3324     3.3320    27.7909    27.8039    5.92830    6.08721         18 0.0000e+00
     103976   4332.307   1391.000     3.4373   3.259867     3.4371   3.261222      95.76     0.0156     2.4494     2.1861  2.0525031  1.0537241   48.97444  -45.87368    34.9212    34.9375     3.3330     3.3327    27.7908    27.8039    5.91978    6.09159         20 0.0000e+00
     103997   4333.162   1390.000     3.4380   3.259889     3.4379   3.261261      90.63     0.0141     2.4494     2.1864  2.0525031  1.0537241   48.97444  -45.87368    34.9212    34.9376     3.3338     3.3337    27.7907    27.8038    5.92482    6.09085         21 0.0000e+00
     104018   4334.061   1389.000     3.4387   3.259906     3.4388   3.261295      33.26     0.0109     2.4495     2.1867  2.0525031  1.0537241   48.97444  -45.87368    34.9212    34.9376     3.3345     3.3346    27.7907    27.8037    5.92840    6.09140         22 0.0000e+00
     104040   4334.970   1388.000     3.4393   3.259922     3.4398   3.261341      95.20     0.0075     2.4503     2.1870  2.0527778  1.0538338   48.97444  -45.87368    34.9213    34.9376     3.3352     3.3357    27.7906    27.8036    5.92966    6.09026         22 0.0000e+00
     104062   4335.870   1387.000     3.4401   3.259954     3.4406   3.261368      95.88     0.0082     2.4502     2.1874  2.0530250  1.0541295   48.97444  -45.87368    34.9212    34.9376     3.3361     3.3366    27.7905    27.8035    5.92747    6.08894         21 0.0000e+00
     104083   4336.745   1386.000     3.4408   3.259969     3.4409   3.261364      95.89     0.0102     2.4506     2.1873  2.0531151  1.0540897   48.97444  -45.87368    34.9212    34.9377     3.3369     3.3370    27.7904    27.8036    5.92950    6.08565         20 0.0000e+00
     104102   4337.560   1385.000     3.4413   3.259972     3.4410   3.261330      95.90     0.0106     2.4509     2.1877  2.0524895  1.0548329   48.97444  -45.87368    34.9212    34.9377     3.3374     3.3415    27.7904    27.8036    5.92631    6.09972         19 0.0000e+00
     104121   4338.348   1384.000     3.4415   3.259950     3.4412   3.261300      75.62     0.0106     2.4510     2.1886  2.0525031  1.0547512   48.97444  -45.87368    34.9212    34.9376     3.3378     3.3374    27.7903    27.8034    5.92741    6.09613         19 0.0000e+00
     104141   4339.160   1383.000     3.4418   3.259933     3.4416   3.261289      42.47     0.0112     2.4513     2.1886  2.0525031  1.0548859   48.97444  -45.87368    34.9212    34.9376     3.3381     3.3379    27.7903    27.8034    5.92999    6.09039         21 0.0000e+00
     104163   4340.078   1382.000     3.4422   3.259932     3.4422   3.261305      94.36     0.0095     2.4520     2.1888  2.0525031  1.0549434   48.97444  -45.87368    34.9213    34.9376     3.3386     3.3386    27.7903    27.8034    5.93778    6.08834         24 0.0000e+00
     104188   4341.123   1381.000     3.4427   3.259925     3.4429   3.261311      87.78     0.0114     2.4524     2.1890  2.0525031  1.0549451   48.97444  -45.87368    34.9212    34.9375     3.3392     3.3393    27.7902    27.8032    5.92298    6.08993         25 0.0000e+00
     104212   4342.123   1380.000     3.4430   3.259910     3.4442   3.261383      35.22     0.0131     2.4523     2.1891  2.0524466  1.0549451   48.97444  -45.87366    34.9212    34.9375     3.3396     3.3407    27.7902    27.8031    5.92990    6.08506         22 0.0000e+00
     104232   4342.950   1379.000     3.4439   3.259939     3.4450   3.261416      96.74     0.0107     2.4527     2.1891  2.0525038  1.0549451   48.97444  -45.87366    34.9210    34.9375     3.3406     3.3416    27.7899    27.8030    5.92570    6.08390         18 0.0000e+00
     104249   4343.657   1378.000     3.4449   3.259991     3.4462   3.261479      95.87     0.0115     2.4526     2.1890  2.0525031  1.0549451   48.97444  -45.87367    34.9212    34.9375     3.3416     3.3428    27.7899    27.8029    5.92432    6.08206         16 0.0000e+00
     104264   4344.311   1377.000     3.4462   3.260062     3.4476   3.261572      83.17     0.0129     2.4527     2.1891  2.0525031  1.0549451   48.97444  -45.87368    34.9211    34.9376     3.3430     3.3443    27.7898    27.8028    5.92592    6.08424         16 0.0000e+00
     104280   4344.971   1376.000     3.4475   3.260146     3.4485   3.261611      13.83     0.0145     2.4529     2.1892  2.0525031  1.0549451   48.97444  -45.87368    34.9212    34.9376     3.3444     3.3453    27.7897    27.8027    5.92893    6.08742         16 0.0000e+00
     104299   4345.731   1375.000     3.4489   3.260234     3.4494   3.261651      79.83     0.0151     2.4535     2.1896  2.0523896  1.0549451   48.97444  -45.87368    34.9213    34.9377     3.3458     3.3463    27.7896    27.8026    5.92846    6.09089         21 0.0000e+00
     104325   4346.834   1374.000     3.4496   3.260261     3.4500   3.261660      85.28     0.0169     2.4536     2.1902  2.0519874  1.0549791   48.97443  -45.87367    34.9213    34.9377     3.3466     3.3469    27.7896    27.8026    5.92666    6.09461         34 0.0000e+00
     104360   4348.272   1373.000     3.4501   3.260248     3.4499   3.261607      42.48     0.0178     2.4539     2.1909  2.0512376  1.0550357   48.97444  -45.87366    34.9211    34.9376     3.3472     3.3469    27.7894    27.8026    5.93016    6.08866         28 0.0000e+00
     104381   4349.187   1372.000     3.4500   3.260203     3.4497   3.261550      96.90     0.0152     2.4547     2.1911  2.0521345  1.0555990   48.97444  -45.87366    34.9213    34.9377     3.3472     3.3468    27.7895    27.8026    5.93375    6.08710         19 0.0000e+00
     104399   4349.897   1371.000     3.4506   3.260212     3.4502   3.261563      95.87     0.0149     2.4548     2.1910  2.0525038  1.0555555   48.97444  -45.87367    34.9212    34.9377     3.3478     3.3474    27.7894    27.8026    5.93224    6.08353         16 0.0000e+00
     104414   4350.530   1370.000     3.4517   3.260263     3.4525   3.261731      55.02     0.0138     2.4555     2.1910  2.0525031  1.0559098   48.97444  -45.87368    34.9212    34.9379     3.3490     3.3498    27.7893    27.8025    5.92750    6.08607         14 0.0000e+00
     104428   4351.141   1369.000     3.4525   3.260313     3.4546   3.261868      29.90     0.0128     2.4553     2.1912  2.0525031  1.0560058   48.97444  -45.87368    34.9214    34.9377     3.3499     3.3519    27.7893    27.8022    5.92758    6.09038         15 0.0000e+00
     104443   4351.767   1368.000     3.4536   3.260369     3.4552   3.261879      95.45     0.0120     2.4555     2.1918  2.0525031  1.0561651   48.97444  -45.87368    34.9215    34.9377     3.3510     3.3526    27.7893    27.8021    5.93252    6.09378         16 0.0000e+00
     104460   4352.440   1367.000     3.4547   3.260419     3.4554   3.261854      95.86     0.0151     2.4560     2.1920  2.0525031  1.0561661   48.97444  -45.87368    34.9214    34.9377     3.3522     3.3529    27.7891    27.8020    5.92534    6.09065         17 0.0000e+00
     104479   4353.252   1366.000     3.4555   3.260452     3.4572   3.261966      76.10     0.0116     2.4557     2.1923  2.0525031  1.0561661   48.97444  -45.87368    34.9215    34.9377     3.3531     3.3547    27.7891    27.8019    5.92498    6.09140         23 0.0000e+00
     104513   4354.671   1365.000     3.4560   3.260461     3.4560   3.261821      73.09     0.0121     2.4561     2.1928  2.0525031  1.0561661   48.97442  -45.87367    34.9215    34.9377     3.3537     3.3537    27.7890    27.8020    5.92264    6.08847         47 0.0000e+00
     104554   4356.360   1364.000     3.4552   3.260324     3.4539   3.261581      76.98     0.0145     2.4561     2.1930  2.0525031  1.0561661   48.97442  -45.87366    34.9212    34.9376     3.3530     3.3517    27.7889    27.8021    5.92669    6.08224         25 0.0000e+00
     104571   4357.086   1363.000     3.4576   3.260488     3.4576   3.261866      23.47     0.0146     2.4566     2.1927  2.0525031  1.0561661   48.97442  -45.87366    34.9211    34.9376     3.3554     3.3554    27.7886    27.8017    5.93288    6.08035         15 0.0000e+00
     104585   4357.679   1362.000     3.4608   3.260748     3.4607   3.262109      97.43     0.0167     2.4572     2.1926  2.0524073  1.0561661   48.97442  -45.87367    34.9213    34.9377     3.3587     3.3585    27.7884    27.8015    5.92646    6.08174         13 0.0000e+00
     104598   4358.208   1361.000     3.4620   3.260822     3.4621   3.262192      95.86     0.0139     2.4567     2.1929  2.0524092  1.0561661   48.97442  -45.87368    34.9214    34.9377     3.3600     3.3600    27.7884    27.8013    5.92549    6.08656         13 0.0000e+00
     104611   4358.731   1360.000     3.4627   3.260841     3.4626   3.262201      95.87     0.0143     2.4573     2.1930  2.0524092  1.0561661   48.97442  -45.87368    34.9214    34.9377     3.3608     3.3606    27.7883    27.8013    5.92992    6.08866         13 0.0000e+00
     104624   4359.306   1359.000     3.4631   3.260834     3.4632   3.262214      87.70     0.0163     2.4575     2.1935  2.0510359  1.0564249   48.97442  -45.87368    34.9215    34.9377     3.3612     3.3613    27.7883    27.8013    5.92955    6.09053         14 0.0000e+00
     104641   4360.017   1358.000     3.4638   3.260863     3.4643   3.262266      28.67     0.0160     2.4578     2.1937  2.0508802  1.0563436   48.97442  -45.87368    34.9215    34.9377     3.3620     3.3625    27.7883    27.8011    5.92715    6.08725         21 0.0000e+00
     104672   4361.286   1357.000     3.4641   3.260844     3.4634   3.262147      93.33     0.0138     2.4588     2.1941  2.0512674  1.0570908   48.97442  -45.87368    34.9215    34.9378     3.3624     3.3617    27.7882    27.8013    5.93490    6.08683         41 0.0000e+00
     104708   4362.810   1356.000     3.4640   3.260778     3.4628   3.262043      32.33     0.0153     2.4590     2.1944  2.0515969  1.0574070   48.97442  -45.87366    34.9213    34.9377     3.3624     3.3611    27.7881    27.8012    5.92684    6.08492         25 0.0000e+00
     104728   4363.605   1355.000     3.4639   3.260719     3.4639   3.262095      90.29     0.0153     2.4596     2.1945  2.0513499  1.0573871   48.97442  -45.87366    34.9212    34.9376     3.3624     3.3623    27.7880    27.8011    5.93338    6.08016         18 0.0000e+00
     104744   4364.292   1354.000     3.4669   3.260952     3.4666   3.262295      85.23     0.0122     2.4600     2.1943  2.0512822  1.0573871   48.97442  -45.87368    34.9213    34.9377     3.3655     3.3651    27.7877    27.8008    5.92783    6.07993         15 0.0000e+00
     104760   4364.958   1353.000     3.4688   3.261086     3.4688   3.262450      71.26     0.0102     2.4598     2.1946  2.0517128  1.0573871   48.97442  -45.87368    34.9214    34.9377     3.3674     3.3673    27.7876    27.8006    5.92551    6.08185         17 0.0000e+00
     104777   4365.686   1352.000     3.4694   3.261107     3.4698   3.262512      33.24     0.0126     2.4600     2.1946  2.0522299  1.0573871   48.97442  -45.87368    34.9215    34.9378     3.3681     3.3684    27.7877    27.8006    5.92088    6.08216         19 0.0000e+00
     104799   4366.568   1351.000     3.4702   3.261135     3.4705   3.262530      78.28     0.0118     2.4600     2.1950  2.0520532  1.0573871   48.97442  -45.87368    34.9215    34.9378     3.3689     3.3692    27.7876    27.8006    5.92530    6.08440         24 0.0000e+00
     104825   4367.679   1350.000     3.4710   3.261166     3.4707   3.262518      95.75     0.0126     2.4601     2.1950  2.0504653  1.0575169   48.97442  -45.87367    34.9215    34.9379     3.3699     3.3695    27.7875    27.8006    5.92199    6.08200         28 0.0000e+00
     104851   4368.730   1349.000     3.4717   3.261178     3.4720   3.262573      32.12     0.0140     2.4604     2.1955  2.0501719  1.0576092   48.97442  -45.87366    34.9214    34.9377     3.3706     3.3709    27.7873    27.8003    5.92073    6.09036         22 0.0000e+00
     104870   4369.556   1348.000     3.4729   3.261227     3.4742   3.262729      84.52     0.0125     2.4601     2.1960  2.0502639  1.0587345   48.97441  -45.87366    34.9212    34.9378     3.3719     3.3731    27.7871    27.8001    5.91585    6.09033         18 0.0000e+00
     104888   4370.292   1347.000     3.4744   3.261322     3.4754   3.262799      95.86     0.0141     2.4598     2.1965  2.0504203  1.0588236   48.97440  -45.87366    34.9214    34.9379     3.3734     3.3744    27.7870    27.8001    5.92419    6.08890         17 0.0000e+00
