data/CTD/2013/CNV/U021A041.CNV
* Sea-Bird SBE 9 Data File:
* FileName = C:\CTD_ACQUISITION\2013021HUD\ctddata\021A041.hdr
* Software Version Seasave V 7.22.2
* Temperature SN = 5081
* Conductivity SN = 3561
* Number of Bytes Per Scan = 37
* Number of Voltage Words = 4
* Number of Scans Averaged by the Deck Unit = 1
* NMEA Latitude = 48 32.65 N
* NMEA Longitude = 046 46.20 W
* NMEA UTC (Time) = Jul 04 2013 01:12:23
* NMEA baud rate = 9600
** Ship: Hudson
** Cruise: HUD2013021
** Chief_Scientist: Greenan
** Organization: BIO
** Area_of_Operation: Sackville Spur
** Station: 41
** Sounding:  1896
** Event_Comments: SS06  393182
# nquan = 25
# nvalues = 2474                        
# units = specified
# name 0 = scan: Scan Count
# name 1 = timeS: Time, Elapsed [seconds]
# name 2 = prDM: Pressure, Digiquartz [db]
# name 3 = t068C: Temperature [ITS-68, deg C]
# name 4 = c0S/m: Conductivity [S/m]
# name 5 = t168C: Temperature, 2 [ITS-68, deg C]
# name 6 = c1S/m: Conductivity, 2 [S/m]
# name 7 = altM: Altimeter [m]
# name 8 = flCUVA: Fluorescence, Chelsea UV Aquatracka [ug/l]
# name 9 = sbeox0V: Oxygen raw, SBE 43 [V]
# name 10 = sbeox1V: Oxygen raw, SBE 43, 2 [V]
# name 11 = upoly0: Upoly 0, Optode 4330F - O2 D-Phase
# name 12 = upoly1: Upoly 1, Optode 4330F - O2 Temp
# name 13 = latitude: Latitude [deg]
# name 14 = longitude: Longitude [deg]
# name 15 = sal00: Salinity, Practical [PSU]
# name 16 = sal11: Salinity, Practical, 2 [PSU]
# name 17 = potemp068C: Potential Temperature [ITS-68, deg C]
# name 18 = potemp168C: Potential Temperature, 2 [ITS-68, deg C]
# name 19 = sigma-é00: Density [sigma-theta, Kg/m^3]
# name 20 = sigma-é11: Density, 2 [sigma-theta, Kg/m^3]
# name 21 = sbeox0ML/L: Oxygen, SBE 43 [ml/l], WS = 2
# name 22 = sbeox1ML/L: Oxygen, SBE 43, 2 [ml/l], WS = 2
# name 23 = nbin: number of scans per bin
# name 24 = flag: flag
# span 0 =      63446,     117047       
# span 1 =   2643.552,   4876.937       
# span 2 =      1.000,   2474.000       
# span 3 =     2.6820,     7.4000       
# span 4 =   3.135675,   3.446672       
# span 5 =     2.6810,     7.3971       
# span 6 =   3.136824,   3.447710       
# span 7 =     -12.78,     100.44       
# span 8 =     0.0032,     0.1799       
# span 9 =     2.1864,     3.3271       
# span 10 =     1.9658,     2.9714      
# span 11 =  1.7199652,  2.1098918      
# span 12 =  0.9596979,  1.5495608      
# span 13 =   48.54312,   48.54400      
# span 14 =  -46.77406,  -46.77266      
# span 15 =    33.6465,    34.9218      
# span 16 =    33.6591,    34.9388      
# span 17 =     2.4918,     7.3999      
# span 18 =     2.4910,     7.3970      
# span 19 =    26.2975,    27.8633      
# span 20 =    26.3078,    27.8772      
# span 21 =    5.89023,    7.23041      
# span 22 =    6.03746,    7.30603      
# span 23 =          7,        181      
# span 24 = 0.0000e+00, 0.0000e+00      
# interval = decibars: 1                
# start_time = Jul 04 2013 01:12:23 [NMEA time, header]
# bad_flag = -9.990e-29
*END*
[from data line 1972]
     104983   4374.239    502.000     3.8991   3.259069     3.8984   3.260398      95.71     0.0148     2.8102     2.5066  1.9513110  1.1135532   48.54358  -46.77284    34.8808    34.8973     3.8631     3.8624    27.7057    27.7189    6.24870    6.37649         37 0.0000e+00
     105019   4375.769    501.000     3.8993   3.259045     3.8987   3.260375      95.87     0.0158     2.8104     2.5067  1.9515791  1.1135532   48.54358  -46.77284    34.8809    34.8973     3.8633     3.8627    27.7057    27.7189    6.25928    6.37991         30 0.0000e+00
     105042   4376.712    500.000     3.8994   3.259010     3.8985   3.260305      95.87     0.0149     2.8114     2.5070  1.9515669  1.1135532   48.54358  -46.77284    34.8808    34.8971     3.8636     3.8627    27.7057    27.7188    6.25616    6.38217         18 0.0000e+00
     105059   4377.398    499.000     3.8988   3.258896     3.8985   3.260258      95.87     0.0147     2.8107     2.5074  1.9519035  1.1135532   48.54358  -46.77284    34.8807    34.8972     3.8630     3.8627    27.7056    27.7188    6.25329    6.38634         15 0.0000e+00
     105073   4377.998    498.000     3.8986   3.258828     3.8984   3.260214      95.82     0.0157     2.8115     2.5079  1.9499454  1.1135532   48.54358  -46.77284    34.8806    34.8972     3.8629     3.8627    27.7055    27.7188    6.26384    6.38545         15 0.0000e+00
     105087   4378.590    497.000     3.8989   3.258806     3.8989   3.260215      95.83     0.0148     2.8120     2.5082  1.9500240  1.1135532   48.54358  -46.77284    34.8806    34.8973     3.8632     3.8632    27.7055    27.7188    6.25883    6.38037         14 0.0000e+00
     105103   4379.242    496.000     3.8995   3.258825     3.8996   3.260241      95.81     0.0149     2.8119     2.5080  1.9499400  1.1135532   48.54358  -46.77284    34.8806    34.8974     3.8640     3.8640    27.7055    27.7188    6.25417    6.38116         17 0.0000e+00
     105126   4380.188    495.000     3.8997   3.258808     3.9000   3.260229      95.51     0.0171     2.8122     2.5088  1.9503450  1.1135532   48.54358  -46.77284    34.8808    34.8974     3.8642     3.8645    27.7056    27.7188    6.25653    6.38534         31 0.0000e+00
     105167   4381.899    494.000     3.8992   3.258720     3.8994   3.260136      95.86     0.0148     2.8133     2.5091  1.9508815  1.1135532   48.54358  -46.77285    34.8808    34.8974     3.8638     3.8640    27.7056    27.7188    6.25774    6.37416         44 0.0000e+00
     105201   4383.316    493.000     3.8991   3.258649     3.8999   3.260132      95.87     0.0180     2.8130     2.5080  1.9506851  1.1135532   48.54358  -46.77286    34.8806    34.8973     3.8638     3.8646    27.7054    27.7187    6.24730    6.36221         26 0.0000e+00
     105222   4384.220    492.000     3.9003   3.258712     3.9012   3.260202      95.86     0.0196     2.8124     2.5076  1.9501898  1.1135532   48.54358  -46.77286    34.8806    34.8974     3.8651     3.8659    27.7053    27.7186    6.25493    6.36631         19 0.0000e+00
     105240   4384.963    491.000     3.9016   3.258816     3.9018   3.260232      95.39     0.0172     2.8136     2.5072  1.9502987  1.1135532   48.54358  -46.77286    34.8810    34.8976     3.8664     3.8666    27.7055    27.7187    6.25596    6.36940         17 0.0000e+00
     105257   4385.668    490.000     3.9038   3.258989     3.9035   3.260352      94.22     0.0183     2.8132     2.5076  1.9501542  1.1135532   48.54358  -46.77286    34.8812    34.8977     3.8687     3.8684    27.7054    27.7186    6.24771    6.37291         17 0.0000e+00
     105275   4386.403    489.000     3.9068   3.259245     3.9065   3.260606      94.39     0.0186     2.8133     2.5077  1.9499427  1.1135532   48.54358  -46.77286    34.8816    34.8981     3.8717     3.8714    27.7054    27.7186    6.24323    6.36740         19 0.0000e+00
     105295   4387.261    488.000     3.9093   3.259449     3.9099   3.260904      94.61     0.0173     2.8124     2.5073  1.9499389  1.1135532   48.54358  -46.77286    34.8819    34.8986     3.8743     3.8749    27.7054    27.7187    6.23456    6.36500         23 0.0000e+00
     105321   4388.348    487.000     3.9104   3.259513     3.9105   3.260922      95.49     0.0164     2.8117     2.5075  1.9510885  1.1135532   48.54358  -46.77286    34.8821    34.8987     3.8754     3.8756    27.7055    27.7186    6.23868    6.36635         29 0.0000e+00
     105350   4389.528    486.000     3.9103   3.259442     3.9117   3.260984      95.84     0.0130     2.8118     2.5077  1.9507605  1.1139536   48.54358  -46.77286    34.8818    34.8986     3.8755     3.8769    27.7052    27.7185    6.24325    6.37117         25 0.0000e+00
     105371   4390.437    485.000     3.9123   3.259576     3.9132   3.261090      95.85     0.0125     2.8122     2.5083  1.9499209  1.1147921   48.54358  -46.77286    34.8819    34.8989     3.8775     3.8784    27.7051    27.7185    6.24878    6.37228         19 0.0000e+00
     105389   4391.150    484.000     3.9148   3.259809     3.9149   3.261222      95.85     0.0137     2.8126     2.5085  1.9499389  1.1147741   48.54358  -46.77286    34.8825    34.8991     3.8801     3.8802    27.7053    27.7185    6.24915    6.37105         16 0.0000e+00
     105404   4391.790    483.000     3.9173   3.260009     3.9168   3.261358      95.77     0.0151     2.8131     2.5088  1.9500200  1.1147741   48.54358  -46.77286    34.8827    34.8993     3.8827     3.8821    27.7052    27.7185    6.25348    6.37011         15 0.0000e+00
     105419   4392.399    482.000     3.9178   3.260007     3.9176   3.261379      95.86     0.0149     2.8138     2.5090  1.9499412  1.1147741   48.54358  -46.77286    34.8827    34.8992     3.8832     3.8830    27.7052    27.7183    6.25106    6.36824         15 0.0000e+00
     105434   4393.057    481.000     3.9178   3.259955     3.9178   3.261348      95.86     0.0132     2.8140     2.5091  1.9499389  1.1147741   48.54358  -46.77288    34.8826    34.8992     3.8833     3.8833    27.7051    27.7182    6.24650    6.36828         17 0.0000e+00
     105457   4394.000    480.000     3.9188   3.259999     3.9189   3.261401      76.17     0.0137     2.8142     2.5094  1.9499389  1.1147741   48.54358  -46.77288    34.8826    34.8992     3.8843     3.8853    27.7050    27.7181    6.24126    6.36646         31 0.0000e+00
     105497   4395.682    479.000     3.9178   3.259864     3.9192   3.261379      97.87     0.0114     2.8137     2.5097  1.9499389  1.1147741   48.54358  -46.77288    34.8826    34.8991     3.8834     3.8847    27.7051    27.7180    6.23779    6.36279         39 0.0000e+00
     105524   4396.784    478.000     3.9188   3.259887     3.9225   3.261635      95.87     0.0137     2.8137     2.5091  1.9499389  1.1147741   48.54358  -46.77288    34.8824    34.8992     3.8845     3.8882    27.7048    27.7177    6.23959    6.35551         20 0.0000e+00
     105541   4397.516    477.000     3.9233   3.260284     3.9261   3.261978      95.32     0.0136     2.8136     2.5089  1.9503934  1.1147741   48.54358  -46.77288    34.8828    34.8999     3.8891     3.8919    27.7046    27.7180    6.23994    6.36262         16 0.0000e+00
     105557   4398.155    476.000     3.9294   3.260855     3.9294   3.262258      95.76     0.0177     2.8141     2.5092  1.9512267  1.1147741   48.54358  -46.77288    34.8836    34.9003     3.8953     3.8953    27.7046    27.7179    6.23288    6.36632         15 0.0000e+00
     105572   4398.808    475.000     3.9331   3.261175     3.9322   3.262493      95.81     0.0175     2.8136     2.5099  1.9519178  1.1147741   48.54358  -46.77288    34.8841    34.9006     3.8990     3.8981    27.7046    27.7179    6.22034    6.36663         16 0.0000e+00
     105592   4399.645    474.000     3.9350   3.261326     3.9346   3.262683      95.72     0.0163     2.8128     2.5101  1.9508393  1.1153551   48.54358  -46.77288    34.8843    34.9009     3.9010     3.9006    27.7046    27.7178    6.22636    6.36318         26 0.0000e+00
     105626   4401.056    473.000     3.9351   3.261276     3.9357   3.262729      68.61     0.0163     2.8129     2.5107  1.9498886  1.1160315   48.54358  -46.77288    34.8843    34.9008     3.9011     3.9017    27.7045    27.7177    6.23532    6.36640         36 0.0000e+00
     105653   4402.184    472.000     3.9357   3.261278     3.9362   3.262717      75.06     0.0183     2.8138     2.5111  1.9499389  1.1161842   48.54358  -46.77288    34.8841    34.9007     3.9018     3.9023    27.7043    27.7175    6.24644    6.35825         20 0.0000e+00
     105671   4402.926    471.000     3.9371   3.261378     3.9374   3.262788      96.38     0.0167     2.8147     2.5108  1.9499389  1.1163052   48.54358  -46.77288    34.8843    34.9008     3.9033     3.9036    27.7044    27.7174    6.24579    6.35180         16 0.0000e+00
     105687   4403.563    470.000     3.9387   3.261478     3.9387   3.262865      95.76     0.0201     2.8154     2.5104  1.9499389  1.1166575   48.54358  -46.77288    34.8844    34.9009     3.9049     3.9049    27.7042    27.7174    6.23765    6.35110         15 0.0000e+00
     105702   4404.190    469.000     3.9398   3.261532     3.9396   3.262913      93.47     0.0227     2.8150     2.5102  1.9499389  1.1172955   48.54358  -46.77288    34.8844    34.9010     3.9061     3.9059    27.7041    27.7173    6.23434    6.35441         16 0.0000e+00
     105718   4404.855    468.000     3.9407   3.261570     3.9404   3.262938      90.96     0.0188     2.8158     2.5104  1.9499389  1.1173579   48.54358  -46.77289    34.8845    34.9010     3.9071     3.9068    27.7041    27.7173    6.23539    6.35601         17 0.0000e+00
     105736   4405.615    467.000     3.9417   3.261619     3.9415   3.262993      95.76     0.0179     2.8155     2.5105  1.9500023  1.1172180   48.54358  -46.77290    34.8845    34.9010     3.9081     3.9080    27.7040    27.7171    6.23164    6.35624         19 0.0000e+00
     105758   4406.523    466.000     3.9428   3.261679     3.9426   3.263057      95.74     0.0185     2.8158     2.5107  1.9501938  1.1173180   48.54358  -46.77290    34.8845    34.9011     3.9094     3.9091    27.7039    27.7171    6.23678    6.35735         24 0.0000e+00
     105782   4407.522    465.000     3.9427   3.261618     3.9433   3.263075      95.73     0.0172     2.8161     2.5112  1.9508560  1.1173224   48.54358  -46.77290    34.8845    34.9011     3.9093     3.9099    27.7039    27.7171    6.23442    6.35767         23 0.0000e+00
     105803   4408.428    464.000     3.9435   3.261633     3.9454   3.263210      95.86     0.0155     2.8168     2.5113  1.9517405  1.1173388   48.54358  -46.77290    34.8843    34.9010     3.9102     3.9121    27.7036    27.7167    6.23650    6.35175         20 0.0000e+00
     105822   4409.224    463.000     3.9465   3.261863     3.9474   3.263340      95.86     0.0153     2.8167     2.5113  1.9518698  1.1172793   48.54360  -46.77290    34.8844    34.9010     3.9132     3.9141    27.7034    27.7165    6.23218    6.34702         19 0.0000e+00
     105841   4410.014    462.000     3.9483   3.261994     3.9483   3.263392      95.71     0.0160     2.8165     2.5107  1.9503175  1.1181858   48.54360  -46.77290    34.8846    34.9012     3.9151     3.9151    27.7033    27.7165    6.22780    6.34497         20 0.0000e+00
     105863   4410.936    461.000     3.9492   3.262021     3.9488   3.263384      95.47     0.0147     2.8171     2.5108  1.9504244  1.1184313   48.54360  -46.77290    34.8845    34.9011     3.9160     3.9157    27.7032    27.7164    6.23854    6.35161         25 0.0000e+00
     105893   4412.156    460.000     3.9493   3.261977     3.9489   3.263348      74.23     0.0134     2.8179     2.5115  1.9499345  1.1183987   48.54360  -46.77290    34.8844    34.9011     3.9163     3.9159    27.7031    27.7164    6.24184    6.35706         32 0.0000e+00
     105921   4413.349    459.000     3.9491   3.261905     3.9488   3.263282      96.07     0.0116     2.8191     2.5120  1.9499389  1.1184376   48.54360  -46.77290    34.8843    34.9009     3.9161     3.9158    27.7030    27.7163    6.24298    6.35637         25 0.0000e+00
     105943   4414.265    458.000     3.9489   3.261846     3.9486   3.263213      95.83     0.0122     2.8197     2.5127  1.9497570  1.1184372   48.54360  -46.77290    34.8843    34.9008     3.9161     3.9157    27.7030    27.7162    6.23951    6.35718         20 0.0000e+00
     105962   4415.045    457.000     3.9491   3.261806     3.9487   3.263173      95.84     0.0153     2.8196     2.5128  1.9496511  1.1184372   48.54360  -46.77291    34.8842    34.9009     3.9163     3.9158    27.7029    27.7162    6.23281    6.34950         17 0.0000e+00
     105979   4415.758    456.000     3.9493   3.261786     3.9489   3.263143      95.83     0.0165     2.8194     2.5124  1.9501601  1.1184372   48.54360  -46.77292    34.8843    34.9008     3.9165     3.9162    27.7029    27.7161    6.23544    6.35013         17 0.0000e+00
     105996   4416.458    455.000     3.9494   3.261755     3.9491   3.263117      95.21     0.0164     2.8203     2.5128  1.9504416  1.1185807   48.54360  -46.77292    34.8843    34.9008     3.9168     3.9164    27.7029    27.7161    6.23730    6.35677         17 0.0000e+00
     106013   4417.183    454.000     3.9496   3.261723     3.9492   3.263094      95.19     0.0156     2.8201     2.5133  1.9501443  1.1186403   48.54360  -46.77292    34.8843    34.9009     3.9170     3.9166    27.7029    27.7162    6.22986    6.35475         18 0.0000e+00
     106032   4417.969    453.000     3.9497   3.261685     3.9494   3.263065      94.76     0.0142     2.8197     2.5134  1.9499416  1.1186206   48.54360  -46.77292    34.8843    34.9009     3.9171     3.9169    27.7029    27.7162    6.23091    6.35017         20 0.0000e+00
     106053   4418.850    452.000     3.9497   3.261648     3.9495   3.263026      95.88     0.0162     2.8202     2.5136  1.9499389  1.1188799   48.54360  -46.77292    34.8843    34.9009     3.9173     3.9170    27.7029    27.7161    6.23527    6.35714         22 0.0000e+00
     106076   4419.802    451.000     3.9498   3.261614     3.9495   3.262981      58.63     0.0185     2.8203     2.5143  1.9509052  1.1190764   48.54360  -46.77292    34.8843    34.9009     3.9175     3.9172    27.7029    27.7161    6.23380    6.35445         23 0.0000e+00
     106098   4420.708    450.000     3.9498   3.261566     3.9496   3.262944      69.57     0.0169     2.8205     2.5141  1.9518566  1.1193091   48.54360  -46.77292    34.8843    34.9009     3.9175     3.9173    27.7028    27.7161    6.23530    6.34867         21 0.0000e+00
     106118   4421.543    449.000     3.9497   3.261501     3.9494   3.262887      95.84     0.0146     2.8211     2.5144  1.9514161  1.1194012   48.54360  -46.77292    34.8841    34.9009     3.9175     3.9172    27.7027    27.7161    6.23772    6.35703         19 0.0000e+00
     106137   4422.324    448.000     3.9491   3.261390     3.9490   3.262800      95.84     0.0174     2.8217     2.5149  1.9505363  1.1196620   48.54360  -46.77292    34.8840    34.9008     3.9170     3.9184    27.7027    27.7161    6.23772    6.35877         18 0.0000e+00
     106155   4423.077    447.000     3.9486   3.261288     3.9484   3.262686      88.34     0.0173     2.8214     2.5153  1.9505495  1.1195890   48.54360  -46.77292    34.8838    34.9006     3.9166     3.9163    27.7026    27.7160    6.23383    6.35323         18 0.0000e+00
