data/CTD/2013/CNV/U021A037.CNV
* Sea-Bird SBE 9 Data File:
* FileName = C:\CTD_ACQUISITION\2013021HUD\ctddata\021A037.hdr
* Software Version Seasave V 7.22.2
* Temperature SN = 5081
* Conductivity SN = 3561
* Number of Bytes Per Scan = 37
* Number of Voltage Words = 4
* Number of Scans Averaged by the Deck Unit = 1
* NMEA Latitude = 48 20.72 N
* NMEA Longitude = 046 35.05 W
* NMEA UTC (Time) = Jul 03 2013 18:21:36
* NMEA baud rate = 9600
** Ship: Hudson
** Cruise: HUD2013021
** Chief_Scientist: Greenan
** Organization: BIO
** Area_of_Operation: Sackville Spur
** Station: 37
** Sounding:  1386
** Event_Comments: SS10  393174
# nquan = 25
# nvalues = 1404                        
# units = specified
# name 0 = scan: Scan Count
# name 1 = timeS: Time, Elapsed [seconds]
# name 2 = prDM: Pressure, Digiquartz [db]
# name 3 = t068C: Temperature [ITS-68, deg C]
# name 4 = c0S/m: Conductivity [S/m]
# name 5 = t168C: Temperature, 2 [ITS-68, deg C]
# name 6 = c1S/m: Conductivity, 2 [S/m]
# name 7 = altM: Altimeter [m]
# name 8 = flCUVA: Fluorescence, Chelsea UV Aquatracka [ug/l]
# name 9 = sbeox0V: Oxygen raw, SBE 43 [V]
# name 10 = sbeox1V: Oxygen raw, SBE 43, 2 [V]
# name 11 = upoly0: Upoly 0, Optode 4330F - O2 D-Phase
# name 12 = upoly1: Upoly 1, Optode 4330F - O2 Temp
# name 13 = latitude: Latitude [deg]
# name 14 = longitude: Longitude [deg]
# name 15 = sal00: Salinity, Practical [PSU]
# name 16 = sal11: Salinity, Practical, 2 [PSU]
# name 17 = potemp068C: Potential Temperature [ITS-68, deg C]
# name 18 = potemp168C: Potential Temperature, 2 [ITS-68, deg C]
# name 19 = sigma-é00: Density [sigma-theta, Kg/m^3]
# name 20 = sigma-é11: Density, 2 [sigma-theta, Kg/m^3]
# name 21 = sbeox0ML/L: Oxygen, SBE 43 [ml/l], WS = 2
# name 22 = sbeox1ML/L: Oxygen, SBE 43, 2 [ml/l], WS = 2
# name 23 = nbin: number of scans per bin
# name 24 = flag: flag
# span 0 =      43792,      77818       
# span 1 =   1824.619,   3242.392       
# span 2 =      1.000,   1404.000       
# span 3 =     0.0268,     6.0260       
# span 4 =   2.777025,   3.286898       
# span 5 =     0.0271,     6.0250       
# span 6 =   2.778170,   3.288261       
# span 7 =       4.97,     100.65       
# span 8 =     0.0070,     0.0753       
# span 9 =     2.4525,     3.4027       
# span 10 =     2.2051,     3.0533      
# span 11 =  1.7304943,  2.0403126      
# span 12 =  0.6520817,  1.3643101      
# span 13 =   48.34724,   48.34970      
# span 14 =  -46.57800,  -46.57528      
# span 15 =    32.5913,    34.9150      
# span 16 =    32.6065,    34.9316      
# span 17 =     0.0255,     6.0258      
# span 18 =     0.0258,     6.0247      
# span 19 =    25.6467,    27.7585      
# span 20 =    25.6588,    27.7719      
# span 21 =    5.89021,    8.78460      
# span 22 =    6.09389,    8.81081      
# span 23 =         11,        849      
# span 24 = 0.0000e+00, 0.0000e+00      
# interval = decibars: 1                
# start_time = Jul 03 2013 18:21:36 [NMEA time, header]
# bad_flag = -9.990e-29
*END*
[from data line 1160]
      71763   2990.093    244.000     3.1652   3.159582     3.1589   3.160267      72.47     0.0167     2.8834     2.5709  1.9536020  1.0331509   48.34916  -46.57602    34.6070    34.6221     3.1497     3.1435    27.5576    27.5702    6.37588    6.49214         20 0.0000e+00
      71784   2990.944    243.000     3.1583   3.158764     3.1551   3.159779      95.54     0.0172     2.8825     2.5703  1.9536020  1.0321124   48.34916  -46.57600    34.6051    34.6208     3.1429     3.1398    27.5567    27.5695    6.37231    6.48514         21 0.0000e+00
      71805   2991.849    242.000     3.1541   3.158256     3.1529   3.159467      95.94     0.0157     2.8819     2.5693  1.9535468  1.0317482   48.34916  -46.57600    34.6039    34.6199     3.1388     3.1376    27.5561    27.5690    6.37238    6.48937         22 0.0000e+00
      71828   2992.808    241.000     3.1508   3.157830     3.1504   3.159119      70.08     0.0121     2.8805     2.5695  1.9524691  1.0309902   48.34916  -46.57600    34.6029    34.6189     3.1355     3.1351    27.5556    27.5685    6.36981    6.50242         23 0.0000e+00
      71851   2993.748    240.000     3.1481   3.157496     3.1465   3.158644      52.40     0.0117     2.8804     2.5700  1.9515865  1.0305157   48.34916  -46.57600    34.6022    34.6179     3.1330     3.1313    27.5553    27.5680    6.37701    6.49872         22 0.0000e+00
      71872   2994.616    239.000     3.1435   3.156859     3.1403   3.157875      96.51     0.0117     2.8806     2.5698  1.9521441  1.0300299   48.34916  -46.57600    34.5999    34.6158     3.1284     3.1252    27.5539    27.5669    6.38242    6.48928         20 0.0000e+00
      71892   2995.470    238.000     3.1338   3.155692     3.1309   3.156737      95.96     0.0158     2.8810     2.5691  1.9517949  1.0293530   48.34916  -46.57600    34.5967    34.6125     3.1188     3.1158    27.5523    27.5652    6.38756    6.48809         21 0.0000e+00
      71915   2996.412    237.000     3.1226   3.154453     3.1153   3.154956      95.97     0.0183     2.8811     2.5689  1.9525242  1.0287694   48.34916  -46.57600    34.5942    34.6082     3.1076     3.1004    27.5513    27.5631    6.38258    6.49505         25 0.0000e+00
      71943   2997.567    236.000     3.1080   3.152752     3.1059   3.153824      80.07     0.0164     2.8809     2.5690  1.9536256  1.0268890   48.34916  -46.57600    34.5896    34.6049     3.0932     3.0911    27.5490    27.5614    6.37594    6.50355         31 0.0000e+00
      71974   2998.882    235.000     3.1024   3.152053     3.1003   3.153148      89.89     0.0188     2.8797     2.5696  1.9536011  1.0261135   48.34915  -46.57600    34.5877    34.6033     3.0877     3.0855    27.5479    27.5606    6.37758    6.50717         30 0.0000e+00
      72000   2999.972    234.000     3.1002   3.151693     3.0985   3.152891      54.35     0.0167     2.8801     2.5706  1.9536020  1.0256351   48.34914  -46.57600    34.5862    34.6027     3.0855     3.0844    27.5470    27.5603    6.38927    6.51432         23 0.0000e+00
      72022   3000.862    233.000     3.0979   3.151420     3.0962   3.152621      69.05     0.0176     2.8808     2.5711  1.9544640  1.0247790   48.34914  -46.57600    34.5859    34.6023     3.0833     3.0816    27.5469    27.5602    6.39168    6.51501         20 0.0000e+00
      72042   3001.689    232.000     3.0947   3.151045     3.0934   3.152291      87.20     0.0189     2.8814     2.5722  1.9548234  1.0244195   48.34914  -46.57600    34.5853    34.6019     3.0802     3.0788    27.5467    27.5601    6.39020    6.51398         20 0.0000e+00
      72061   3002.513    231.000     3.0928   3.150798     3.0909   3.151981      82.79     0.0168     2.8815     2.5721  1.9549438  1.0237551   48.34914  -46.57600    34.5849    34.6013     3.0783     3.0764    27.5466    27.5599    6.38700    6.50456         20 0.0000e+00
      72081   3003.346    230.000     3.0893   3.150387     3.0886   3.151694      81.32     0.0192     2.8815     2.5718  1.9554288  1.0219947   48.34914  -46.57600    34.5843    34.6009     3.0749     3.0742    27.5464    27.5597    6.38990    6.50576         20 0.0000e+00
      72102   3004.195    229.000     3.0857   3.149979     3.0848   3.151243      95.73     0.0220     2.8826     2.5722  1.9555765  1.0219780   48.34914  -46.57598    34.5837    34.6001     3.0713     3.0704    27.5463    27.5594    6.39891    6.50963         21 0.0000e+00
      72123   3005.080    228.000     3.0827   3.149612     3.0805   3.150724      95.98     0.0198     2.8832     2.5724  1.9548430  1.0198710   48.34914  -46.57598    34.5829    34.5989     3.0685     3.0662    27.5459    27.5589    6.39382    6.51071         22 0.0000e+00
      72146   3006.044    227.000     3.0787   3.149148     3.0775   3.150362      50.07     0.0174     2.8836     2.5729  1.9548229  1.0195912   48.34914  -46.57598    34.5821    34.5982     3.0645     3.0633    27.5456    27.5586    6.39285    6.51366         24 0.0000e+00
      72170   3007.057    226.000     3.0742   3.148605     3.0744   3.149983      95.69     0.0160     2.8832     2.5731  1.9552784  1.0184736   48.34914  -46.57598    34.5809    34.5975     3.0601     3.0603    27.5451    27.5583    6.38430    6.50441         24 0.0000e+00
      72193   3007.992    225.000     3.0725   3.148355     3.0704   3.149503      67.30     0.0143     2.8831     2.5725  1.9554355  1.0183129   48.34914  -46.57598    34.5803    34.5964     3.0584     3.0564    27.5447    27.5578    6.38316    6.50217         20 0.0000e+00
      72212   3008.812    224.000     3.0677   3.147768     3.0651   3.148869      96.70     0.0167     2.8827     2.5724  1.9548736  1.0183151   48.34914  -46.57598    34.5788    34.5950     3.0537     3.0511    27.5440    27.5571    6.38516    6.49935         19 0.0000e+00
      72231   3009.565    223.000     3.0637   3.147283     3.0613   3.148406      95.98     0.0169     2.8827     2.5718  1.9548227  1.0183151   48.34914  -46.57598    34.5777    34.5939     3.0498     3.0474    27.5435    27.5566    6.38533    6.49279         18 0.0000e+00
      72248   3010.312    222.000     3.0591   3.146742     3.0567   3.147839      91.56     0.0169     2.8824     2.5711  1.9549479  1.0182526   48.34914  -46.57598    34.5766    34.5925     3.0453     3.0428    27.5430    27.5560    6.37601    6.49207         19 0.0000e+00
      72269   3011.159    221.000     3.0518   3.145851     3.0513   3.147168      74.44     0.0159     2.8815     2.5707  1.9564369  1.0171324   48.34914  -46.57598    34.5741    34.5907     3.0380     3.0375    27.5417    27.5550    6.36907    6.49206         22 0.0000e+00
      72295   3012.249    220.000     3.0420   3.144704     3.0370   3.145483      58.59     0.0148     2.8800     2.5696  1.9565314  1.0168946   48.34914  -46.57598    34.5711    34.5860     3.0284     3.0234    27.5402    27.5525    6.36238    6.48588         30 0.0000e+00
      72326   3013.542    219.000     3.0288   3.143242     3.0258   3.144170      96.60     0.0155     2.8777     2.5684  1.9565322  1.0155246   48.34914  -46.57598    34.5681    34.5826     3.0152     3.0122    27.5390    27.5508    6.35596    6.48662         30 0.0000e+00
      72353   3014.656    218.000     3.0204   3.142065     3.0164   3.142932      95.96     0.0133     2.8762     2.5677  1.9573742  1.0141819   48.34914  -46.57598    34.5632    34.5781     3.0069     3.0029    27.5358    27.5481    6.35912    6.49155         24 0.0000e+00
      72375   3015.568    217.000     3.0140   3.141177     3.0090   3.141957      80.02     0.0090     2.8756     2.5678  1.9578170  1.0121984   48.34914  -46.57598    34.5599    34.5748     3.0005     2.9955    27.5338    27.5461    6.35941    6.49058         20 0.0000e+00
      72395   3016.430    216.000     3.0064   3.140237     3.0042   3.141333      82.19     0.0092     2.8743     2.5668  1.9576696  1.0122100   48.34914  -46.57598    34.5570    34.5728     2.9931     2.9909    27.5322    27.5449    6.34984    6.47398         21 0.0000e+00
      72417   3017.344    215.000     3.0017   3.139650     2.9999   3.140798      95.88     0.0147     2.8728     2.5655  1.9566648  1.0122100   48.34914  -46.57598    34.5555    34.5714     2.9885     2.9866    27.5313    27.5442    6.34834    6.47616         24 0.0000e+00
      72442   3018.358    214.000     2.9976   3.139133     2.9962   3.140316      44.68     0.0158     2.8723     2.5649  1.9569186  1.0117776   48.34914  -46.57596    34.5541    34.5701     2.9844     2.9830    27.5307    27.5436    6.35891    6.48320         25 0.0000e+00
      72467   3019.396    213.000     2.9943   3.138692     2.9931   3.139903      81.30     0.0168     2.8721     2.5648  1.9584870  1.0098175   48.34914  -46.57596    34.5528    34.5689     2.9812     2.9800    27.5299    27.5429    6.36584    6.48219         24 0.0000e+00
      72491   3020.415    212.000     2.9905   3.138198     2.9885   3.139301      95.94     0.0157     2.8729     2.5643  1.9585835  1.0093782   48.34914  -46.57596    34.5514    34.5671     2.9774     2.9754    27.5292    27.5418    6.37214    6.48572         25 0.0000e+00
      72515   3021.408    211.000     2.9808   3.137012     2.9740   3.137627      86.51     0.0161     2.8736     2.5649  1.9584846  1.0072994   48.34914  -46.57596    34.5480    34.5627     2.9678     2.9611    27.5273    27.5396    6.37650    6.49918         22 0.0000e+00
      72536   3022.293    210.000     2.9680   3.135468     2.9617   3.136172      75.98     0.0192     2.8744     2.5660  1.9586112  1.0073260   48.34914  -46.57596    34.5433    34.5587     2.9551     2.9488    27.5247    27.5375    6.38348    6.50853         20 0.0000e+00
      72555   3023.078    209.000     2.9524   3.133678     2.9437   3.134108      95.99     0.0221     2.8756     2.5667  1.9584836  1.0073260   48.34914  -46.57596    34.5387    34.5534     2.9396     2.9309    27.5224    27.5349    6.38657    6.50741         18 0.0000e+00
      72572   3023.797    208.000     2.9431   3.132556     2.9378   3.133352      94.78     0.0212     2.8756     2.5672  1.9584860  1.0073260   48.34914  -46.57596    34.5356    34.5510     2.9304     2.9251    27.5208    27.5335    6.38910    6.49636         17 0.0000e+00
      72589   3024.501    207.000     2.9353   3.131663     2.9335   3.132818      82.61     0.0183     2.8770     2.5662  1.9589175  1.0068226   48.34914  -46.57596    34.5336    34.5496     2.9227     2.9208    27.5199    27.5328    6.38814    6.47900         17 0.0000e+00
      72607   3025.258    206.000     2.9248   3.130499     2.9235   3.131684      75.47     0.0178     2.8765     2.5652  1.9597534  1.0049173   48.34914  -46.57596    34.5312    34.5471     2.9122     2.9109    27.5189    27.5317    6.36985    6.47400         20 0.0000e+00
      72630   3026.199    205.000     2.9179   3.129678     2.9108   3.130244      89.73     0.0183     2.8751     2.5635  1.9599817  1.0046567   48.34914  -46.57596    34.5291    34.5436     2.9054     2.8983    27.5178    27.5300    6.35360    6.46506         26 0.0000e+00
      72659   3027.411    204.000     2.9078   3.128451     2.8975   3.128773      78.03     0.0202     2.8721     2.5611  1.9616952  1.0011145   48.34914  -46.57596    34.5255    34.5405     2.8953     2.8851    27.5159    27.5288    6.34394    6.45815         29 0.0000e+00
      72685   3028.489    203.000     2.8949   3.127090     2.8886   3.127758      96.53     0.0161     2.8701     2.5587  1.9622724  1.0006206   48.34914  -46.57596    34.5232    34.5382     2.8826     2.8763    27.5152    27.5277    6.34157    6.44907         23 0.0000e+00
      72705   3029.347    202.000     2.8903   3.126442     2.8869   3.127383      89.43     0.0191     2.8682     2.5569  1.9632401  0.9988540   48.34914  -46.57596    34.5208    34.5360     2.8780     2.8746    27.5137    27.5261    6.32862    6.44277         20 0.0000e+00
      72725   3030.178    201.000     2.8897   3.126214     2.8908   3.127620      71.83     0.0214     2.8657     2.5548  1.9633687  0.9988400   48.34914  -46.57596    34.5191    34.5352     2.8775     2.8786    27.5124    27.5251    6.32028    6.42869         20 0.0000e+00
      72750   3031.193    200.000     2.8924   3.126373     2.8947   3.127916      95.20     0.0198     2.8633     2.5520  1.9633700  0.9977208   48.34914  -46.57596    34.5188    34.5352     2.8803     2.8826    27.5119    27.5248    6.31647    6.41890         30 0.0000e+00
      72785   3032.653    199.000     2.8943   3.126491     2.8981   3.128197      77.10     0.0152     2.8596     2.5483  1.9633700  0.9965245   48.34914  -46.57596    34.5188    34.5355     2.8822     2.8860    27.5117    27.5247    6.30204    6.40780         35 0.0000e+00
      72812   3033.801    198.000     2.8998   3.126935     2.9019   3.128469      96.38     0.0192     2.8569     2.5457  1.9633700  0.9950795   48.34914  -46.57595    34.5188    34.5353     2.8878     2.8904    27.5112    27.5242    6.29455    6.40375         22 0.0000e+00
      72830   3034.561    197.000     2.9019   3.127084     2.9037   3.128590      80.01     0.0197     2.8548     2.5440  1.9634461  0.9947351   48.34914  -46.57594    34.5190    34.5354     2.8899     2.8917    27.5111    27.5241    6.28396    6.39694         16 0.0000e+00
      72846   3035.213    196.000     2.9039   3.127198     2.9043   3.128600      56.32     0.0193     2.8533     2.5427  1.9634514  0.9938893   48.34914  -46.57594    34.5188    34.5354     2.8919     2.8924    27.5108    27.5241    6.27728    6.38983         15 0.0000e+00
      72861   3035.852    195.000     2.9048   3.127221     2.9047   3.128575      56.27     0.0197     2.8509     2.5411  1.9635985  0.9938950   48.34914  -46.57594    34.5186    34.5353     2.8930     2.8929    27.5106    27.5239    6.27004    6.38301         16 0.0000e+00
      72879   3036.573    194.000     2.9043   3.127090     2.9040   3.128398      90.53     0.0195     2.8495     2.5395  1.9641330  0.9938950   48.34914  -46.57594    34.5181    34.5344     2.8925     2.8922    27.5102    27.5233    6.26636    6.38419         19 0.0000e+00
      72901   3037.508    193.000     2.9031   3.126887     2.9023   3.128119      95.97     0.0175     2.8471     2.5383  1.9652327  0.9938950   48.34914  -46.57594    34.5174    34.5334     2.8914     2.8905    27.5098    27.5226    6.26770    6.38348         26 0.0000e+00
      72928   3038.638    192.000     2.9019   3.126689     2.9005   3.127820      75.55     0.0155     2.8452     2.5364  1.9664588  0.9933004   48.34914  -46.57594    34.5169    34.5323     2.8902     2.8888    27.5095    27.5219    6.27112    6.37816         27 0.0000e+00
      72953   3039.658    191.000     2.9009   3.126466     2.8966   3.127293      91.84     0.0129     2.8445     2.5352  1.9683143  0.9926528   48.34914  -46.57594    34.5158    34.5305     2.8893     2.8850    27.5086    27.5208    6.27348    6.38333         21 0.0000e+00
      72971   3040.430    190.000     2.8939   3.125544     2.8845   3.125772      96.14     0.0120     2.8439     2.5352  1.9684001  0.9926740   48.34914  -46.57594    34.5126    34.5255     2.8824     2.8730    27.5068    27.5179    6.27231    6.39574         17 0.0000e+00
      72987   3041.076    189.000     2.8763   3.123351     2.8695   3.123960      96.07     0.0128     2.8432     2.5351  1.9694971  0.9926740   48.34914  -46.57594    34.5051    34.5199     2.8649     2.8581    27.5024    27.5147    6.27411    6.39585         14 0.0000e+00
      73001   3041.659    188.000     2.8616   3.121566     2.8574   3.122463      73.59     0.0163     2.8430     2.5353  1.9694749  0.9926740   48.34914  -46.57594    34.4996    34.5152     2.8503     2.8460    27.4992    27.5121    6.27929    6.39188         14 0.0000e+00
