data/CTD/2013/CNV/U021A043.CNV
* Sea-Bird SBE 9 Data File:
* FileName = C:\CTD_ACQUISITION\2013021HUD\ctddata\021A043.hdr
* Software Version Seasave V 7.22.2
* Temperature SN = 5081
* Conductivity SN = 3561
* Number of Bytes Per Scan = 37
* Number of Voltage Words = 4
* Number of Scans Averaged by the Deck Unit = 1
* NMEA Latitude = 48 24.11 N
* NMEA Longitude = 046 14.76 W
* NMEA UTC (Time) = Jul 04 2013 05:49:20
* NMEA baud rate = 9600
** Ship: Hudson
** Cruise: HUD2013021
** Chief_Scientist: Greenan
** Organization: BIO
** Area_of_Operation: Sackville Spur
** Station: 43
** Sounding:  1023
** Event_Comments: FP_BSR_3  393194
# nquan = 25
# nvalues = 1013                        
# units = specified
# name 0 = scan: Scan Count
# name 1 = timeS: Time, Elapsed [seconds]
# name 2 = prDM: Pressure, Digiquartz [db]
# name 3 = t068C: Temperature [ITS-68, deg C]
# name 4 = c0S/m: Conductivity [S/m]
# name 5 = t168C: Temperature, 2 [ITS-68, deg C]
# name 6 = c1S/m: Conductivity, 2 [S/m]
# name 7 = altM: Altimeter [m]
# name 8 = flCUVA: Fluorescence, Chelsea UV Aquatracka [ug/l]
# name 9 = sbeox0V: Oxygen raw, SBE 43 [V]
# name 10 = sbeox1V: Oxygen raw, SBE 43, 2 [V]
# name 11 = upoly0: Upoly 0, Optode 4330F - O2 D-Phase
# name 12 = upoly1: Upoly 1, Optode 4330F - O2 Temp
# name 13 = latitude: Latitude [deg]
# name 14 = longitude: Longitude [deg]
# name 15 = sal00: Salinity, Practical [PSU]
# name 16 = sal11: Salinity, Practical, 2 [PSU]
# name 17 = potemp068C: Potential Temperature [ITS-68, deg C]
# name 18 = potemp168C: Potential Temperature, 2 [ITS-68, deg C]
# name 19 = sigma-é00: Density [sigma-theta, Kg/m^3]
# name 20 = sigma-é11: Density, 2 [sigma-theta, Kg/m^3]
# name 21 = sbeox0ML/L: Oxygen, SBE 43 [ml/l], WS = 2
# name 22 = sbeox1ML/L: Oxygen, SBE 43, 2 [ml/l], WS = 2
# name 23 = nbin: number of scans per bin
# name 24 = flag: flag
# span 0 =      37084,      66669       
# span 1 =   1545.107,   2777.844       
# span 2 =      1.000,   1013.000       
# span 3 =     0.8571,     6.7558       
# span 4 =   2.880817,   3.336732       
# span 5 =     0.8538,     6.7574       
# span 6 =   2.881826,   3.338797       
# span 7 =       5.27,     103.21       
# span 8 =     0.0041,     0.3057       
# span 9 =     2.5894,     3.4953       
# span 10 =     2.3281,     3.1368      
# span 11 =  1.7229366,  2.0056010      
# span 12 =  0.7533274,  1.4460723      
# span 13 =   48.40399,   48.40496      
# span 14 =  -46.24142,  -46.23450      
# span 15 =    31.1647,    34.9041      
# span 16 =    31.3399,    34.9205      
# span 17 =     0.8560,     6.7557      
# span 18 =     0.8527,     6.7573      
# span 19 =    24.4313,    27.7381      
# span 20 =    24.5690,    27.7510      
# span 21 =    6.01684,    9.16813      
# span 22 =    6.22246,    9.43298      
# span 23 =         11,        677      
# span 24 = 0.0000e+00, 0.0000e+00      
# interval = decibars: 1                
# start_time = Jul 04 2013 05:49:20 [NMEA time, header]
# bad_flag = -9.990e-29
*END*
[from data line 928]
      63487   2645.247     85.000     2.5931   3.084769     2.5948   3.086329      95.66     0.0277     2.9373     2.6209  1.9597071  0.9645907   48.40486  -46.23520    34.3933    34.4107     2.5882     2.5899    27.4373    27.4510    6.51208    6.62178         23 0.0000e+00
      63511   2646.250     84.000     2.5837   3.083683     2.5865   3.085361      95.87     0.0261     2.9366     2.6202  1.9597069  0.9615144   48.40486  -46.23520    34.3906    34.4082     2.5789     2.5817    27.4359    27.4498    6.51578    6.63333         25 0.0000e+00
      63535   2647.250     83.000     2.5751   3.082635     2.5789   3.084490      95.84     0.0214     2.9371     2.6217  1.9597636  0.9609154   48.40486  -46.23518    34.3874    34.4063     2.5704     2.5742    27.4341    27.4488    6.52478    6.65015         22 0.0000e+00
      63555   2648.100     82.000     2.5640   3.081327     2.5681   3.083249      95.85     0.0220     2.9377     2.6223  1.9597058  0.9591599   48.40486  -46.23518    34.3838    34.4031     2.5593     2.5634    27.4322    27.4472    6.53240    6.63298         19 0.0000e+00
      63572   2648.804     81.000     2.5462   3.079299     2.5496   3.081110      95.73     0.0216     2.9385     2.6215  1.9597069  0.9584941   48.40486  -46.23518    34.3784    34.3972     2.5416     2.5450    27.4293    27.4441    6.53381    6.61510         16 0.0000e+00
      63588   2649.453     80.000     2.5188   3.076091     2.5236   3.078140      95.76     0.0243     2.9381     2.6201  1.9597069  0.9584860   48.40486  -46.23518    34.3688    34.3890     2.5143     2.5191    27.4240    27.4397    6.53160    6.60792         15 0.0000e+00
      63603   2650.101     79.000     2.4866   3.072382     2.4896   3.074052      95.88     0.0265     2.9388     2.6185  1.9587197  0.9556763   48.40486  -46.23516    34.3581    34.3756     2.4822     2.4851    27.4181    27.4319    6.53509    6.61249         16 0.0000e+00
      63620   2650.806     78.000     2.4531   3.068612     2.4627   3.070981      95.71     0.0257     2.9378     2.6176  1.9584881  0.9548310   48.40486  -46.23516    34.3480    34.3670     2.4488     2.4584    27.4129    27.4273    6.53510    6.62469         18 0.0000e+00
      63641   2651.687     77.000     2.3767   3.059969     2.4126   3.065264      95.09     0.0240     2.9378     2.6170  1.9588671  0.9533936   48.40486  -46.23516    34.3238    34.3508     2.3724     2.4083    27.3999    27.4185    6.55840    6.63812         25 0.0000e+00
      63673   2652.989     76.000     2.2859   3.050189     2.3219   3.055161      94.85     0.0244     2.9387     2.6163  1.9598159  0.9499123   48.40486  -46.23516    34.3006    34.3236     2.2817     2.3178    27.3888    27.4043    6.58005    6.65703         36 0.0000e+00
      63705   2654.321     75.000     2.1808   3.038614     2.2713   3.049630      95.11     0.0238     2.9394     2.6167  1.9598044  0.9447323   48.40486  -46.23516    34.2703    34.3100     2.1768     2.2672    27.3731    27.3975    6.59829    6.68318         25 0.0000e+00
      63725   2655.184     74.000     2.1020   3.029814     2.1663   3.038387      46.02     0.0247     2.9390     2.6176  1.9597734  0.9437844   48.40486  -46.23514    34.2460    34.2837     2.0981     2.1624    27.3599    27.3849    6.60217    6.69720         18 0.0000e+00
      63742   2655.875     73.000     2.0479   3.023907     2.0690   3.027827      91.61     0.0228     2.9383     2.6177  1.9611971  0.9423418   48.40487  -46.23514    34.2311    34.2574     2.0441     2.0651    27.3522    27.3716    6.59700    6.70134         16 0.0000e+00
      63758   2656.534     72.000     1.9960   3.018177     2.0093   3.020969      94.89     0.0221     2.9373     2.6166  1.9634149  0.9401259   48.40488  -46.23514    34.2159    34.2366     1.9923     2.0056    27.3441    27.3596    6.59764    6.69864         16 0.0000e+00
      63775   2657.231     71.000     1.9516   3.013175     1.9602   3.015520      94.91     0.0223     2.9352     2.6154  1.9633700  0.9401709   48.40488  -46.23514    34.2018    34.2219     1.9479     1.9566    27.3362    27.3517    6.59812    6.70062         18 0.0000e+00
      63794   2658.055     70.000     1.9161   3.009101     1.9188   3.010653      94.85     0.0208     2.9335     2.6141  1.9649649  0.9250466   48.40488  -46.23512    34.1896    34.2062     1.9125     1.9152    27.3292    27.3423    6.59700    6.70540         22 0.0000e+00
      63819   2659.063     69.000     1.8912   3.006127     1.8924   3.007529      94.74     0.0189     2.9308     2.6126  1.9655803  0.9168010   48.40488  -46.23512    34.1797    34.1960     1.8877     1.8889    27.3232    27.3361    6.60028    6.70820         25 0.0000e+00
      63841   2660.003     68.000     1.8729   3.003431     1.8729   3.004953      94.78     0.0212     2.9299     2.6116  1.9651921  0.9099594   48.40488  -46.23512    34.1661    34.1853     1.8695     1.8695    27.3137    27.3290    6.62240    6.72411         20 0.0000e+00
      63859   2660.744     67.000     1.8623   3.001590     1.8644   3.003221      94.53     0.0188     2.9302     2.6120  1.9646672  0.9050196   48.40487  -46.23511    34.1550    34.1733     1.8589     1.8610    27.3056    27.3201    6.63190    6.74070         17 0.0000e+00
      63875   2661.416     66.000     1.8550   3.000396     1.8579   3.002097      94.69     0.0175     2.9305     2.6129  1.9646671  0.9048426   48.40486  -46.23510    34.1485    34.1668     1.8516     1.8546    27.3009    27.3153    6.63254    6.74553         16 0.0000e+00
      63892   2662.117     65.000     1.8394   2.998449     1.8429   3.000227      94.85     0.0196     2.9304     2.6136  1.9683553  0.9004311   48.40488  -46.23510    34.1414    34.1600     1.8362     1.8396    27.2964    27.3110    6.62312    6.73732         17 0.0000e+00
      63911   2662.907     64.000     1.8117   2.995352     1.8233   2.997973      94.72     0.0211     2.9293     2.6128  1.9692900  0.8993090   48.40488  -46.23510    34.1329    34.1534     1.8085     1.8201    27.2917    27.3072    6.59699    6.71022         21 0.0000e+00
      63933   2663.834     63.000     1.7928   2.993158     1.7956   2.994772      94.69     0.0206     2.9253     2.6098  1.9678806  0.8951482   48.40488  -46.23510    34.1263    34.1436     1.7896     1.7925    27.2878    27.3014    6.55180    6.67540         23 0.0000e+00
      63956   2664.786     62.000     1.7711   2.990575     1.7752   2.992420      94.62     0.0228     2.9186     2.6050  1.9654402  0.8887879   48.40488  -46.23509    34.1178    34.1366     1.7680     1.7721    27.2826    27.2974    6.52102    6.64634         22 0.0000e+00
      63978   2665.705     61.000     1.7252   2.985323     1.7415   2.988447      94.65     0.0216     2.9124     2.5998  1.9665507  0.8864040   48.40488  -46.23508    34.1017    34.1236     1.7222     1.7385    27.2731    27.2894    6.50845    6.64089         23 0.0000e+00
      64001   2666.673     60.000     1.7068   2.982311     1.6978   2.982958      94.57     0.0199     2.9052     2.5953  1.9696333  0.8803791   48.40488  -46.23508    34.0842    34.1021     1.7039     1.6948    27.2604    27.2754    6.50790    6.64445         24 0.0000e+00
      64025   2667.680     59.000     1.7187   2.981787     1.7111   2.982727      95.02     0.0221     2.9007     2.5915  1.9696873  0.8787816   48.40488  -46.23508    34.0653    34.0854     1.7158     1.7082    27.2443    27.2610    6.51811    6.64536         23 0.0000e+00
      64046   2668.556     58.000     1.7451   2.983369     1.7417   2.984500      84.95     0.0192     2.8979     2.5892  1.9695368  0.8741612   48.40488  -46.23508    34.0573    34.0752     1.7422     1.7389    27.2360    27.2506    6.51014    6.64383         19 0.0000e+00
      64064   2669.273     57.000     1.7622   2.984542     1.7622   2.985899       7.72     0.0193     2.8953     2.5877  1.9695513  0.8741603   48.40488  -46.23508    34.0542    34.0714     1.7594     1.7593    27.2322    27.2460    6.49961    6.63885         16 0.0000e+00
      64079   2669.927     56.000     1.7699   2.984964     1.7716   2.986464      93.81     0.0197     2.8934     2.5865  1.9714297  0.8710799   48.40488  -46.23507    34.0517    34.0688     1.7672     1.7689    27.2297    27.2432    6.49911    6.63895         16 0.0000e+00
      64096   2670.606     55.000     1.7612   2.983727     1.7636   2.985279      94.11     0.0209     2.8916     2.5857  1.9730914  0.8682124   48.40488  -46.23506    34.0461    34.0634     1.7585     1.7611    27.2258    27.2395    6.48920    6.63686         17 0.0000e+00
      64115   2671.415     54.000     1.7349   2.980752     1.7408   2.982624      95.17     0.0198     2.8887     2.5840  1.9731380  0.8681319   48.40488  -46.23506    34.0376    34.0549     1.7322     1.7381    27.2209    27.2343    6.48603    6.61894         22 0.0000e+00
      64140   2672.448     53.000     1.7113   2.977967     1.7128   2.979551      95.20     0.0144     2.8870     2.5811  1.9745250  0.8669686   48.40488  -46.23506    34.0285    34.0469     1.7088     1.7102    27.2153    27.2300    6.53222    6.63881         27 0.0000e+00
      64165   2673.513     52.000     1.6924   2.975787     1.6914   2.977099      91.96     0.0150     2.8898     2.5821  1.9744642  0.8668566   48.40488  -46.23504    34.0219    34.0396     1.6899     1.6889    27.2114    27.2257    6.57754    6.69154         23 0.0000e+00
      64187   2674.413     51.000     1.6809   2.974488     1.6777   2.975576      95.22     0.0163     2.8927     2.5855  1.9751034  0.8656678   48.40488  -46.23504    34.0186    34.0358     1.6784     1.6752    27.2096    27.2236    6.59274    6.71107         20 0.0000e+00
      64215   2675.565     50.000     1.6501   2.971419     1.6552   2.973221      92.44     0.0215     2.8973     2.5875  1.9760511  0.8649588   48.40488  -46.23504    34.0136    34.0308     1.6476     1.6528    27.2079    27.2213    6.60272    6.69167         30 0.0000e+00
      64337   2680.681     49.000     1.5132   2.957895     1.5335   2.961132      94.73     0.0202     2.8976     2.5859  1.9864409  0.8502101   48.40489  -46.23501    33.9907    34.0100     1.5109     1.5312    27.1994    27.2133    6.58099    6.70129        119 0.0000e+00
      64634   2693.037     48.000     1.5579   2.962219     1.5144   2.959552      95.09     0.0190     2.8982     2.5877  1.9940728  0.8325414   48.40490  -46.23494    33.9979    34.0112     1.5556     1.5121    27.2019    27.2157    6.64142    6.77298         13 0.0000e+00
      64645   2693.504     47.000     1.4733   2.953998     1.4200   2.950176      95.13     0.0203     2.9009     2.5904  1.9941400  0.8327228   48.40490  -46.23494    33.9857    33.9949     1.4711     1.4179    27.1982    27.2092    6.67190    6.79478         15 0.0000e+00
      64663   2694.245     46.000     1.4177   2.948336     1.3493   2.943147      95.11     0.0243     2.9046     2.5935  1.9971575  0.8316734   48.40490  -46.23494    33.9745    33.9827     1.4156     1.3473    27.1930    27.2043    6.68971    6.81030         23 0.0000e+00
      64688   2695.292     45.000     1.3043   2.936996     1.2847   2.936512      95.11     0.0208     2.9101     2.5975  1.9975495  0.8315061   48.40490  -46.23494    33.9535    33.9671     1.3022     1.2828    27.1840    27.1961    6.73413    6.83663         27 0.0000e+00
      64719   2696.585     44.000     1.2245   2.928819     1.1970   2.927070      91.29     0.0266     2.9167     2.6030  1.9988014  0.8217487   48.40492  -46.23494    33.9363    33.9437     1.2225     1.1951    27.1755    27.1834    6.75676    6.87016         32 0.0000e+00
      64747   2697.748     43.000     1.2010   2.925779     1.1422   2.921151      95.09     0.0249     2.9212     2.6071  1.9991926  0.8194036   48.40492  -46.23493    33.9235    33.9280     1.1991     1.1403    27.1668    27.1744    6.76201    6.88594         24 0.0000e+00
      64767   2698.600     42.000     1.1541   2.920648     1.1232   2.918772      95.12     0.0243     2.9235     2.6099  1.9997262  0.8144299   48.40492  -46.23492    33.9093    33.9188     1.1522     1.1214    27.1585    27.1682    6.76648    6.88577         18 0.0000e+00
      64784   2699.302     41.000     1.1250   2.917348     1.1116   2.917291      91.61     0.0259     2.9256     2.6112  1.9999959  0.8144078   48.40492  -46.23492    33.8992    33.9130     1.1232     1.1098    27.1523    27.1643    6.76595    6.87357         16 0.0000e+00
      64800   2699.971     40.000     1.1103   2.915589     1.1007   2.915896      87.77     0.0269     2.9263     2.6113  2.0015843  0.8128991   48.40492  -46.23492    33.8932    33.9076     1.1085     1.0989    27.1484    27.1606    6.75643    6.87262         16 0.0000e+00
      64818   2700.702     39.000     1.1012   2.914418     1.0943   2.915046      95.11     0.0265     2.9260     2.6125  2.0024350  0.8118461   48.40492  -46.23492    33.8886    33.9042     1.0995     1.0926    27.1453    27.1583    6.75470    6.89703         19 0.0000e+00
      64839   2701.567     38.000     1.0921   2.913348     1.0840   2.913874      89.24     0.0254     2.9268     2.6155  2.0024421  0.8092036   48.40492  -46.23492    33.8853    33.9008     1.0905     1.0824    27.1433    27.1563    6.77437    6.93873         23 0.0000e+00
      64863   2702.598     37.000     1.0847   2.912521     1.0777   2.913146      95.14     0.0280     2.9301     2.6216  2.0024421  0.7949609   48.40492  -46.23490    33.8833    33.8990     1.0831     1.0761    27.1421    27.1552    6.82218    6.98811         26 0.0000e+00
      64890   2703.712     36.000     1.0819   2.912144     1.0745   2.912770      95.08     0.0264     2.9368     2.6297  2.0013082  0.7929668   48.40492  -46.23490    33.8821    33.8982     1.0804     1.0729    27.1413    27.1548    6.88401    7.03471         27 0.0000e+00
      64916   2704.797     35.000     1.0755   2.911427     1.0590   2.911085      89.30     0.0288     2.9467     2.6392  2.0001411  0.7887475   48.40492  -46.23490    33.8805    33.8940     1.0740     1.0575    27.1404    27.1524    6.93979    7.07462         25 0.0000e+00
      64940   2705.784     34.000     1.0554   2.909201     1.0131   2.905787      95.18     0.0300     2.9570     2.6473  1.9995480  0.7871355   48.40492  -46.23489    33.8743    33.8764     1.0539     1.0116    27.1368    27.1412    6.97892    7.11312         22 0.0000e+00
      64960   2706.606     33.000     1.0103   2.903826     0.9505   2.897972      87.26     0.0343     2.9647     2.6548  1.9989134  0.7838767   48.40492  -46.23488    33.8548    33.8444     1.0089     0.9492    27.1240    27.1195    7.00835    7.16306         18 0.0000e+00
      64977   2707.323     32.000     0.9535   2.896548     0.9056   2.891661      95.12     0.0430     2.9726     2.6620  1.9987768  0.7838828   48.40492  -46.23488    33.8234    33.8125     0.9522     0.9043    27.1024    27.0966    7.04820    7.20265         16 0.0000e+00
      64993   2708.000     31.000     0.9109   2.890649     0.8803   2.887902      95.10     0.0511     2.9791     2.6688  1.9987789  0.7823736   48.40492  -46.23488    33.7943    33.7921     0.9096     0.8790    27.0816    27.0818    7.07924    7.24172         17 0.0000e+00
      65010   2708.704     30.000     0.8822   2.886649     0.8644   2.885284      95.16     0.0554     2.9866     2.6769  1.9988503  0.7814468   48.40492  -46.23487    33.7745    33.7761     0.8809     0.8632    27.0675    27.0699    7.11581    7.28156         17 0.0000e+00
      65029   2709.504     29.000     0.8674   2.883904     0.8560   2.882964      88.34     0.0605     2.9959     2.6863  1.9987786  0.7812070   48.40492  -46.23486    33.7557    33.7559     0.8662     0.8548    27.0533    27.0542    7.16056    7.33800         21 0.0000e+00
