data/CTD/2013/CNV/U021A015.CNV
* Sea-Bird SBE 9 Data File:
* FileName = C:\CTD_ACQUISITION\2013021HUD\ctddata\021A015.hdr
* Software Version Seasave V 7.22.2
* Temperature SN = 5081
* Conductivity SN = 3561
* Number of Bytes Per Scan = 37
* Number of Voltage Words = 4
* Number of Scans Averaged by the Deck Unit = 1
* NMEA Latitude = 46 59.86 N
* NMEA Longitude = 047 00.97 W
* NMEA UTC (Time) = Jul 01 2013 23:47:27
* NMEA baud rate = 9600
** Ship: Hudson
** Cruise: HUD2013021
** Chief_Scientist: Greenan
** Organization: BIO
** Area_of_Operation: Sackville Spur
** Station: 15
** Sounding:  1154
** Event_Comments: FC17  393117
# nquan = 25
# nvalues = 1142                        
# units = specified
# name 0 = scan: Scan Count
# name 1 = timeS: Time, Elapsed [seconds]
# name 2 = prDM: Pressure, Digiquartz [db]
# name 3 = t068C: Temperature [ITS-68, deg C]
# name 4 = c0S/m: Conductivity [S/m]
# name 5 = t168C: Temperature, 2 [ITS-68, deg C]
# name 6 = c1S/m: Conductivity, 2 [S/m]
# name 7 = altM: Altimeter [m]
# name 8 = flCUVA: Fluorescence, Chelsea UV Aquatracka [ug/l]
# name 9 = sbeox0V: Oxygen raw, SBE 43 [V]
# name 10 = sbeox1V: Oxygen raw, SBE 43, 2 [V]
# name 11 = upoly0: Upoly 0, Optode 4330F - O2 D-Phase
# name 12 = upoly1: Upoly 1, Optode 4330F - O2 Temp
# name 13 = latitude: Latitude [deg]
# name 14 = longitude: Longitude [deg]
# name 15 = sal00: Salinity, Practical [PSU]
# name 16 = sal11: Salinity, Practical, 2 [PSU]
# name 17 = potemp068C: Potential Temperature [ITS-68, deg C]
# name 18 = potemp168C: Potential Temperature, 2 [ITS-68, deg C]
# name 19 = sigma-é00: Density [sigma-theta, Kg/m^3]
# name 20 = sigma-é11: Density, 2 [sigma-theta, Kg/m^3]
# name 21 = sbeox0ML/L: Oxygen, SBE 43 [ml/l], WS = 2
# name 22 = sbeox1ML/L: Oxygen, SBE 43, 2 [ml/l], WS = 2
# name 23 = nbin: number of scans per bin
# name 24 = flag: flag
# span 0 =      46915,      72719       
# span 1 =   1954.733,   3029.923       
# span 2 =      1.000,   1142.000       
# span 3 =    -0.3777,     6.8881       
# span 4 =   2.737960,   3.297617       
# span 5 =    -0.3908,     6.8906       
# span 6 =   2.738141,   3.299197       
# span 7 =       5.77,     105.01       
# span 8 =     0.0062,     0.2127       
# span 9 =     2.5120,     3.4085       
# span 10 =     2.2638,     3.0583      
# span 11 =  1.7196931,  2.0304191      
# span 12 =  0.6019544,  1.4781579      
# span 13 =   46.99401,   46.99546      
# span 14 =  -47.01837,  -47.01637      
# span 15 =    32.5739,    34.9123      
# span 16 =    32.5889,    34.9280      
# span 17 =    -0.3791,     6.8880      
# span 18 =    -0.3923,     6.8905      
# span 19 =    25.5231,    27.7514      
# span 20 =    25.5346,    27.7639      
# span 21 =    5.88170,    8.51390      
# span 22 =    6.11061,    8.60536      
# span 23 =         12,        374      
# span 24 = 0.0000e+00, 0.0000e+00      
# interval = decibars: 1                
# start_time = Jul 01 2013 23:47:27 [NMEA time, header]
# bad_flag = -9.990e-29
*END*
[from data line 754]
      63374   2640.550    388.000     3.8915   3.246892     3.8921   3.248317      96.40     0.0158     2.8309     2.5264  1.9554523  1.1270001   46.99448  -47.01718    34.8048    34.8211     3.8640     3.8647    27.6451    27.6580    6.22601    6.35848         16 0.0000e+00
      63392   2641.307    387.000     3.8918   3.246895     3.8909   3.248142      96.40     0.0154     2.8312     2.5264  1.9550124  1.1269841   46.99448  -47.01718    34.8051    34.8208     3.8644     3.8635    27.6453    27.6579    6.23215    6.35796         21 0.0000e+00
      63417   2642.339    386.000     3.8896   3.246635     3.8896   3.247975      96.43     0.0102     2.8321     2.5272  1.9548289  1.1225514   46.99448  -47.01718    34.8048    34.8208     3.8623     3.8623    27.6453    27.6580    6.23125    6.35188         29 0.0000e+00
      63448   2643.642    385.000     3.8915   3.246829     3.8907   3.248060      96.38     0.0140     2.8328     2.5257  1.9548649  1.1220911   46.99447  -47.01719    34.8057    34.8212     3.8643     3.8635    27.6458    27.6582    6.23280    6.31364         30 0.0000e+00
      63473   2644.681    384.000     3.8902   3.246597     3.8911   3.248063      92.33     0.0159     2.8330     2.5226  1.9548223  1.1221001   46.99446  -47.01720    34.8048    34.8213     3.8631     3.8639    27.6452    27.6583    6.21656    6.30784         21 0.0000e+00
      63494   2645.525    383.000     3.8880   3.246353     3.8859   3.247440      74.30     0.0149     2.8319     2.5215  1.9541479  1.1219161   46.99446  -47.01720    34.8048    34.8199     3.8610     3.8589    27.6454    27.6577    6.20578    6.31897         20 0.0000e+00
      63512   2646.309    382.000     3.8862   3.246085     3.8849   3.247275      96.06     0.0172     2.8306     2.5210  1.9514426  1.1208836   46.99446  -47.01720    34.8040    34.8195     3.8592     3.8580    27.6450    27.6574    6.19437    6.32326         18 0.0000e+00
      63531   2647.101    381.000     3.8859   3.245997     3.8867   3.247400      96.20     0.0157     2.8290     2.5208  1.9517692  1.1208792   46.99446  -47.01720    34.8038    34.8196     3.8590     3.8598    27.6448    27.6573    6.19781    6.32438         20 0.0000e+00
      63551   2647.937    380.000     3.8874   3.246097     3.8920   3.247852      96.20     0.0152     2.8283     2.5207  1.9514042  1.1208792   46.99446  -47.01721    34.8040    34.8199     3.8606     3.8652    27.6448    27.6570    6.19239    6.32551         20 0.0000e+00
      63573   2648.821    379.000     3.8906   3.246358     3.9018   3.248743      96.18     0.0150     2.8264     2.5208  1.9526703  1.1208792   46.99446  -47.01722    34.8042    34.8207     3.8639     3.8750    27.6446    27.6566    6.18264    6.32387         22 0.0000e+00
      63595   2649.751    378.000     3.8985   3.247077     3.9062   3.249116      96.23     0.0165     2.8251     2.5208  1.9511575  1.1202942   46.99446  -47.01722    34.8050    34.8211     3.8718     3.8794    27.6444    27.6565    6.18099    6.32133         23 0.0000e+00
      63618   2650.727    377.000     3.9031   3.247468     3.9069   3.249120      96.36     0.0167     2.8243     2.5208  1.9499422  1.1196091   46.99446  -47.01722    34.8053    34.8208     3.8764     3.8802    27.6442    27.6562    6.18600    6.31718         24 0.0000e+00
      63643   2651.733    376.000     3.9051   3.247597     3.9062   3.248986      96.28     0.0141     2.8233     2.5202  1.9499389  1.1196584   46.99446  -47.01722    34.8052    34.8205     3.8785     3.8796    27.6439    27.6560    6.17682    6.31323         24 0.0000e+00
      63665   2652.667    375.000     3.9052   3.247532     3.9046   3.248765      67.71     0.0158     2.8225     2.5203  1.9499389  1.1196581   46.99446  -47.01722    34.8048    34.8201     3.8787     3.8781    27.6436    27.6558    6.18132    6.32471         21 0.0000e+00
      63685   2653.511    374.000     3.9037   3.247322     3.9026   3.248503      66.95     0.0150     2.8225     2.5209  1.9499992  1.1196581   46.99446  -47.01722    34.8044    34.8197     3.8773     3.8762    27.6434    27.6557    6.18645    6.32575         20 0.0000e+00
      63706   2654.359    373.000     3.9024   3.247103     3.8991   3.248072      95.58     0.0128     2.8226     2.5213  1.9501113  1.1196581   46.99446  -47.01724    34.8038    34.8187     3.8760     3.8728    27.6431    27.6553    6.19409    6.32817         21 0.0000e+00
      63730   2655.385    372.000     3.9000   3.246794     3.8928   3.247362      96.31     0.0110     2.8240     2.5219  1.9501133  1.1194855   46.99444  -47.01724    34.8032    34.8175     3.8737     3.8666    27.6428    27.6550    6.20332    6.32318         28 0.0000e+00
      63759   2656.588    371.000     3.8949   3.246230     3.8894   3.246934      96.23     0.0122     2.8249     2.5212  1.9499351  1.1184144   46.99444  -47.01724    34.8024    34.8166     3.8688     3.8633    27.6427    27.6546    6.19710    6.30992         28 0.0000e+00
      63783   2657.578    370.000     3.8881   3.245483     3.8840   3.246336      96.42     0.0139     2.8252     2.5206  1.9499389  1.1184372   46.99444  -47.01725    34.8012    34.8157     3.8621     3.8580    27.6425    27.6544    6.19296    6.31622         20 0.0000e+00
      63802   2658.369    369.000     3.8841   3.244952     3.8777   3.245562      96.34     0.0152     2.8250     2.5207  1.9499389  1.1184372   46.99444  -47.01726    34.7997    34.8138     3.8581     3.8517    27.6417    27.6535    6.19763    6.31771         18 0.0000e+00
      63819   2659.067    368.000     3.8768   3.244083     3.8746   3.245105      96.42     0.0177     2.8260     2.5205  1.9499389  1.1184372   46.99444  -47.01726    34.7976    34.8122     3.8509     3.8487    27.6407    27.6526    6.19909    6.31297         16 0.0000e+00
      63835   2659.752    367.000     3.8743   3.243683     3.8729   3.244796      96.36     0.0167     2.8255     2.5201  1.9500109  1.1175730   46.99444  -47.01726    34.7961    34.8109     3.8485     3.8470    27.6398    27.6517    6.18928    6.31218         17 0.0000e+00
      63853   2660.503    366.000     3.8705   3.243145     3.8697   3.244376      96.42     0.0157     2.8252     2.5200  1.9502983  1.1168071   46.99444  -47.01726    34.7943    34.8098     3.8447     3.8439    27.6387    27.6512    6.18966    6.31184         20 0.0000e+00
      63874   2661.392    365.000     3.8684   3.242864     3.8648   3.243784      96.35     0.0158     2.8254     2.5196  1.9507234  1.1165332   46.99444  -47.01726    34.7937    34.8084     3.8427     3.8392    27.6385    27.6505    6.19165    6.31129         23 0.0000e+00
      63898   2662.382    364.000     3.8651   3.242365     3.8610   3.243342      96.22     0.0160     2.8245     2.5195  1.9510026  1.1147609   46.99444  -47.01726    34.7919    34.8077     3.8395     3.8354    27.6374    27.6504    6.18393    6.31109         23 0.0000e+00
      63921   2663.334    363.000     3.8646   3.242311     3.8516   3.242255      87.98     0.0160     2.8246     2.5190  1.9514257  1.1147209   46.99444  -47.01726    34.7922    34.8054     3.8391     3.8261    27.6377    27.6494    6.18686    6.30537         23 0.0000e+00
      63944   2664.304    362.000     3.8559   3.241395     3.8464   3.241575      79.72     0.0192     2.8240     2.5185  1.9500022  1.1135633   46.99444  -47.01726    34.7910    34.8033     3.8305     3.8219    27.6376    27.6484    6.18527    6.30419         24 0.0000e+00
      63970   2665.377    361.000     3.8518   3.240857     3.8448   3.241332      96.39     0.0223     2.8237     2.5180  1.9503465  1.1133720   46.99444  -47.01728    34.7896    34.8026     3.8265     3.8195    27.6368    27.6479    6.17804    6.30906         27 0.0000e+00
      63997   2666.506    360.000     3.8471   3.240219     3.8435   3.241092      96.40     0.0200     2.8221     2.5183  1.9509875  1.1123065   46.99443  -47.01728    34.7874    34.8017     3.8219     3.8182    27.6356    27.6474    6.17163    6.31404         26 0.0000e+00
      64021   2667.502    359.000     3.8445   3.239875     3.8418   3.240810      96.37     0.0171     2.8216     2.5187  1.9512210  1.1123321   46.99442  -47.01728    34.7866    34.8006     3.8194     3.8167    27.6352    27.6466    6.17275    6.31328         22 0.0000e+00
      64041   2668.349    358.000     3.8440   3.239663     3.8429   3.240793      96.05     0.0165     2.8207     2.5186  1.9506353  1.1123321   46.99442  -47.01728    34.7852    34.7998     3.8190     3.8178    27.6341    27.6459    6.16723    6.31090         19 0.0000e+00
      64059   2669.104    357.000     3.8454   3.239682     3.8460   3.241032      96.18     0.0170     2.8202     2.5189  1.9511001  1.1123321   46.99442  -47.01730    34.7845    34.8000     3.8204     3.8209    27.6334    27.6457    6.17180    6.30823         17 0.0000e+00
      64076   2669.809    356.000     3.8456   3.239616     3.8452   3.240873      95.98     0.0152     2.8200     2.5184  1.9521915  1.1116701   46.99442  -47.01730    34.7840    34.7994     3.8207     3.8202    27.6330    27.6453    6.18285    6.30519         17 0.0000e+00
      64094   2670.528    355.000     3.8423   3.239170     3.8418   3.240436      95.97     0.0151     2.8212     2.5186  1.9536161  1.1111054   46.99442  -47.01730    34.7826    34.7983     3.8175     3.8170    27.6322    27.6448    6.18207    6.31009         18 0.0000e+00
      64113   2671.325    354.000     3.8398   3.238793     3.8362   3.239729      96.34     0.0160     2.8205     2.5189  1.9536020  1.1111112   46.99442  -47.01730    34.7815    34.7964     3.8150     3.8114    27.6315    27.6438    6.17413    6.31081         21 0.0000e+00
      64137   2672.339    353.000     3.8370   3.238460     3.8322   3.239258      96.21     0.0175     2.8210     2.5189  1.9548043  1.1099087   46.99442  -47.01730    34.7809    34.7955     3.8124     3.8083    27.6314    27.6435    6.18003    6.31006         28 0.0000e+00
      64166   2673.533    352.000     3.8384   3.238533     3.8313   3.239104      96.36     0.0181     2.8214     2.5194  1.9545438  1.1097040   46.99442  -47.01730    34.7809    34.7952     3.8138     3.8067    27.6312    27.6433    6.18139    6.31523         27 0.0000e+00
      64191   2674.569    351.000     3.8317   3.237749     3.8272   3.238511      95.99     0.0189     2.8218     2.5198  1.9537405  1.1092411   46.99442  -47.01730    34.7792    34.7931     3.8072     3.8026    27.6306    27.6421    6.18225    6.31387         23 0.0000e+00
      64213   2675.503    350.000     3.8274   3.237179     3.8253   3.238182      96.31     0.0167     2.8220     2.5199  1.9539210  1.1091999   46.99442  -47.01730    34.7775    34.7917     3.8030     3.8009    27.6296    27.6411    6.18744    6.31750         23 0.0000e+00
      64236   2676.460    349.000     3.8234   3.236650     3.8234   3.237931      96.41     0.0163     2.8230     2.5211  1.9548242  1.1086683   46.99442  -47.01732    34.7760    34.7912     3.7990     3.7990    27.6288    27.6410    6.19891    6.32928         23 0.0000e+00
      64259   2677.428    348.000     3.8169   3.235912     3.8168   3.237200      96.45     0.0175     2.8251     2.5221  1.9549304  1.1085616   46.99440  -47.01732    34.7746    34.7900     3.7927     3.7925    27.6283    27.6407    6.21425    6.33028         23 0.0000e+00
      64280   2678.300    347.000     3.8082   3.234926     3.8016   3.235604      96.29     0.0180     2.8268     2.5230  1.9557949  1.1075026   46.99440  -47.01734    34.7726    34.7877     3.7841     3.7774    27.6276    27.6404    6.21843    6.33660         19 0.0000e+00
      64299   2679.099    346.000     3.7967   3.233662     3.7914   3.234452      96.43     0.0202     2.8286     2.5240  1.9561145  1.1075124   46.99440  -47.01732    34.7703    34.7853     3.7726     3.7674    27.6270    27.6395    6.21758    6.33825         19 0.0000e+00
      64318   2679.864    345.000     3.7891   3.232821     3.7871   3.233912      96.44     0.0203     2.8293     2.5247  1.9551505  1.1067607   46.99440  -47.01733    34.7688    34.7840     3.7652     3.7632    27.6266    27.6388    6.20604    6.34209         18 0.0000e+00
      64336   2680.610    344.000     3.7849   3.232314     3.7828   3.233420      96.03     0.0171     2.8291     2.5258  1.9556407  1.1062229   46.99440  -47.01734    34.7678    34.7832     3.7610     3.7589    27.6262    27.6387    6.19859    6.34611         18 0.0000e+00
      64353   2681.342    343.000     3.7768   3.231385     3.7746   3.232530      95.99     0.0161     2.8288     2.5262  1.9559758  1.1062272   46.99440  -47.01734    34.7658    34.7818     3.7531     3.7508    27.6254    27.6384    6.20028    6.34031         17 0.0000e+00
      64371   2682.081    342.000     3.7655   3.230153     3.7606   3.230984      96.38     0.0159     2.8291     2.5266  1.9551469  1.1043695   46.99440  -47.01734    34.7637    34.7788     3.7418     3.7369    27.6248    27.6374    6.20886    6.34299         19 0.0000e+00
      64390   2682.889    341.000     3.7572   3.229195     3.7548   3.230275      96.43     0.0148     2.8295     2.5272  1.9551146  1.1042540   46.99440  -47.01734    34.7616    34.7770     3.7336     3.7312    27.6240    27.6365    6.22128    6.35047         21 0.0000e+00
      64417   2684.012    340.000     3.7562   3.229054     3.7509   3.229822      96.31     0.0169     2.8322     2.5286  1.9573772  1.1031185   46.99440  -47.01734    34.7615    34.7763     3.7327     3.7274    27.6240    27.6363    6.24697    6.36215         34 0.0000e+00
      64454   2685.557    339.000     3.7575   3.229141     3.7455   3.229257      96.45     0.0179     2.8376     2.5315  1.9584652  1.1021199   46.99439  -47.01735    34.7617    34.7759     3.7340     3.7221    27.6241    27.6365    6.26287    6.37308         34 0.0000e+00
      64480   2686.644    338.000     3.7627   3.229656     3.7440   3.229038      96.05     0.0155     2.8402     2.5331  1.9583099  1.1011523   46.99438  -47.01736    34.7629    34.7754     3.7393     3.7206    27.6245    27.6363    6.25522    6.37352         21 0.0000e+00
      64499   2687.415    337.000     3.7375   3.227057     3.7310   3.227674      95.76     0.0165     2.8416     2.5342  1.9582705  1.1008412   46.99438  -47.01736    34.7591    34.7734     3.7143     3.7078    27.6240    27.6360    6.24897    6.37305         17 0.0000e+00
      64516   2688.112    336.000     3.7192   3.225033     3.7206   3.226468      96.42     0.0180     2.8413     2.5344  1.9553785  1.1001350   46.99438  -47.01736    34.7549    34.7706     3.6961     3.6975    27.6225    27.6348    6.24137    6.37364         17 0.0000e+00
      64533   2688.847    335.000     3.7095   3.223899     3.7106   3.225359      96.44     0.0151     2.8413     2.5354  1.9553984  1.1001221   46.99438  -47.01736    34.7523    34.7685     3.6864     3.6876    27.6213    27.6341    6.24840    6.37570         19 0.0000e+00
      64554   2689.729    334.000     3.7053   3.223397     3.7055   3.224742      96.38     0.0176     2.8424     2.5357  1.9551479  1.0984652   46.99438  -47.01737    34.7513    34.7671     3.6823     3.6825    27.6209    27.6336    6.26138    6.37250         23 0.0000e+00
      64579   2690.763    333.000     3.7046   3.223267     3.7048   3.224612      96.44     0.0165     2.8438     2.5362  1.9550166  1.0964335   46.99438  -47.01738    34.7510    34.7668     3.6817     3.6820    27.6208    27.6333    6.25866    6.37575         25 0.0000e+00
      64602   2691.690    332.000     3.7041   3.223176     3.7043   3.224503      96.32     0.0160     2.8441     2.5369  1.9548224  1.0960307   46.99438  -47.01738    34.7510    34.7666     3.6813     3.6815    27.6208    27.6332    6.25853    6.37968         20 0.0000e+00
