data/CTD/2013/CNV/U021A053.CNV
* Sea-Bird SBE 9 Data File:
* FileName = C:\CTD_ACQUISITION\2013021HUD\ctddata\021A053.hdr
* Software Version Seasave V 7.22.2
* Temperature SN = 5081
* Conductivity SN = 3561
* Number of Bytes Per Scan = 37
* Number of Voltage Words = 4
* Number of Scans Averaged by the Deck Unit = 1
* NMEA Latitude = 48 45.35 N
* NMEA Longitude = 045 38.39 W
* NMEA UTC (Time) = Jul 05 2013 05:32:39
* NMEA baud rate = 9600
** Ship: Hudson
** Cruise: HUD2013021
** Chief_Scientist: Greenan
** Organization: BIO
** Area_of_Operation: Sackville Spur
** Station: 53
** Sounding:  1400
** Event_Comments: SS24  393215
# nquan = 25
# nvalues = 1369                        
# units = specified
# name 0 = scan: Scan Count
# name 1 = timeS: Time, Elapsed [seconds]
# name 2 = prDM: Pressure, Digiquartz [db]
# name 3 = t068C: Temperature [ITS-68, deg C]
# name 4 = c0S/m: Conductivity [S/m]
# name 5 = t168C: Temperature, 2 [ITS-68, deg C]
# name 6 = c1S/m: Conductivity, 2 [S/m]
# name 7 = altM: Altimeter [m]
# name 8 = flCUVA: Fluorescence, Chelsea UV Aquatracka [ug/l]
# name 9 = sbeox0V: Oxygen raw, SBE 43 [V]
# name 10 = sbeox1V: Oxygen raw, SBE 43, 2 [V]
# name 11 = upoly0: Upoly 0, Optode 4330F - O2 D-Phase
# name 12 = upoly1: Upoly 1, Optode 4330F - O2 Temp
# name 13 = latitude: Latitude [deg]
# name 14 = longitude: Longitude [deg]
# name 15 = sal00: Salinity, Practical [PSU]
# name 16 = sal11: Salinity, Practical, 2 [PSU]
# name 17 = potemp068C: Potential Temperature [ITS-68, deg C]
# name 18 = potemp168C: Potential Temperature, 2 [ITS-68, deg C]
# name 19 = sigma-é00: Density [sigma-theta, Kg/m^3]
# name 20 = sigma-é11: Density, 2 [sigma-theta, Kg/m^3]
# name 21 = sbeox0ML/L: Oxygen, SBE 43 [ml/l], WS = 2
# name 22 = sbeox1ML/L: Oxygen, SBE 43, 2 [ml/l], WS = 2
# name 23 = nbin: number of scans per bin
# name 24 = flag: flag
# span 0 =      39528,      66456       
# span 1 =   1646.974,   2768.939       
# span 2 =      1.000,   1369.000       
# span 3 =     2.1033,     8.0347       
# span 4 =   3.022965,   3.521845       
# span 5 =     2.0957,     8.0892       
# span 6 =   3.023609,   3.529214       
# span 7 =       2.95,      97.65       
# span 8 =     0.0045,     0.4553       
# span 9 =     2.4548,     3.4126       
# span 10 =     2.2063,     3.0463      
# span 11 =  1.7156118,  2.0435107      
# span 12 =  0.8997491,  1.5610654      
# span 13 =   48.75826,   48.75942      
# span 14 =  -45.64160,  -45.63994      
# span 15 =    33.6864,    34.9182      
# span 16 =    33.6864,    34.9344      
# span 17 =     2.1002,     8.0331      
# span 18 =     2.0926,     8.0873      
# span 19 =    26.3608,    27.7652      
# span 20 =    26.3713,    27.7783      
# span 21 =    5.88124,    7.64599      
# span 22 =    6.07652,    7.79539      
# span 23 =         11,        136      
# span 24 = 0.0000e+00, 0.0000e+00      
# interval = decibars: 1                
# start_time = Jul 05 2013 05:32:39 [NMEA time, header]
# bad_flag = -9.990e-29
*END*
[from data line 638]
      52121   2171.667    731.000     3.7857   3.259189     3.7855   3.260531      81.47     0.0130     2.7336     2.4403  1.9619514  1.0989012   48.75870  -45.64072    34.8819    34.8980     3.7326     3.7324    27.7199    27.7328    6.24051    6.38294         37 0.0000e+00
      52152   2172.951    730.000     3.7856   3.259123     3.7853   3.260470      95.40     0.0160     2.7352     2.4413  1.9634337  1.0989012   48.75870  -45.64072    34.8816    34.8980     3.7326     3.7323    27.7197    27.7327    6.24578    6.38379         22 0.0000e+00
      52170   2173.693    729.000     3.7858   3.259087     3.7856   3.260443      28.03     0.0218     2.7349     2.4422  1.9633700  1.0989012   48.75870  -45.64072    34.8815    34.8979     3.7329     3.7326    27.7196    27.7327    6.23366    6.38398         15 0.0000e+00
      52184   2174.271    728.000     3.7858   3.259048     3.7855   3.260402      68.98     0.0175     2.7355     2.4421  1.9605478  1.0989012   48.75870  -45.64072    34.8816    34.8980     3.7330     3.7327    27.7197    27.7327    6.23665    6.38297         13 0.0000e+00
      52196   2174.772    727.000     3.7858   3.259010     3.7856   3.260362      95.78     0.0136     2.7347     2.4426  1.9613364  1.0989012   48.75870  -45.64072    34.8817    34.8979     3.7330     3.7329    27.7197    27.7327    6.23865    6.38485         12 0.0000e+00
      52207   2175.252    726.000     3.7859   3.258974     3.7859   3.260341      95.74     0.0121     2.7354     2.4431  1.9614836  1.0989012   48.75870  -45.64072    34.8817    34.8979     3.7332     3.7332    27.7197    27.7326    6.23909    6.38017         11 0.0000e+00
      52219   2175.740    725.000     3.7861   3.258950     3.7863   3.260336      95.76     0.0117     2.7359     2.4430  1.9617476  1.0989012   48.75870  -45.64073    34.8817    34.8980     3.7335     3.7336    27.7197    27.7326    6.24056    6.37407         12 0.0000e+00
      52231   2176.253    724.000     3.7864   3.258934     3.7866   3.260323      87.48     0.0117     2.7360     2.4426  1.9607350  1.0989012   48.75870  -45.64074    34.8817    34.8980     3.7339     3.7341    27.7196    27.7326    6.23496    6.37066         13 0.0000e+00
      52246   2176.867    723.000     3.7866   3.258912     3.7868   3.260288      23.00     0.0144     2.7360     2.4429  1.9612800  1.0989012   48.75870  -45.64074    34.8817    34.8979     3.7342     3.7343    27.7196    27.7325    6.23587    6.36921         17 0.0000e+00
      52267   2177.752    722.000     3.7866   3.258868     3.7866   3.260225      89.65     0.0162     2.7363     2.4422  1.9605973  1.0989012   48.75870  -45.64074    34.8818    34.8980     3.7342     3.7342    27.7196    27.7325    6.23632    6.36018         27 0.0000e+00
      52299   2179.071    721.000     3.7862   3.258780     3.7860   3.260130      53.26     0.0166     2.7365     2.4417  1.9596717  1.0989012   48.75870  -45.64074    34.8816    34.8979     3.7339     3.7337    27.7196    27.7326    6.23855    6.36344         32 0.0000e+00
      52325   2180.159    720.000     3.7860   3.258723     3.7859   3.260071      53.42     0.0201     2.7370     2.4416  1.9597069  1.0989012   48.75870  -45.64074    34.8817    34.8979     3.7338     3.7336    27.7196    27.7325    6.23507    6.36892         22 0.0000e+00
      52345   2181.000    719.000     3.7866   3.258717     3.7865   3.260081      96.76     0.0172     2.7374     2.4419  1.9597069  1.0989012   48.75870  -45.64075    34.8815    34.8979     3.7345     3.7343    27.7194    27.7325    6.24057    6.37069         18 0.0000e+00
      52362   2181.728    718.000     3.7868   3.258701     3.7867   3.260053      95.75     0.0147     2.7379     2.4421  1.9597069  1.0989012   48.75870  -45.64076    34.8816    34.8979     3.7348     3.7346    27.7195    27.7325    6.23584    6.36811         17 0.0000e+00
      52379   2182.403    717.000     3.7869   3.258662     3.7868   3.260021      63.27     0.0106     2.7375     2.4421  1.9597069  1.0989012   48.75870  -45.64076    34.8816    34.8979     3.7349     3.7348    27.7195    27.7324    6.23356    6.36578         16 0.0000e+00
      52395   2183.075    716.000     3.7868   3.258614     3.7864   3.259941      45.43     0.0119     2.7377     2.4422  1.9597069  1.0989012   48.75870  -45.64076    34.8817    34.8979     3.7348     3.7345    27.7196    27.7324    6.23713    6.36749         17 0.0000e+00
      52412   2183.792    715.000     3.7867   3.258565     3.7859   3.259856      93.62     0.0144     2.7382     2.4424  1.9597069  1.0989012   48.75870  -45.64076    34.8817    34.8979     3.7349     3.7341    27.7196    27.7325    6.23823    6.37419         18 0.0000e+00
      52432   2184.607    714.000     3.7863   3.258482     3.7853   3.259754      95.64     0.0175     2.7384     2.4432  1.9597069  1.0989012   48.75870  -45.64076    34.8817    34.8979     3.7346     3.7335    27.7195    27.7325    6.23946    6.37386         21 0.0000e+00
      52454   2185.532    713.000     3.7859   3.258407     3.7851   3.259688      48.77     0.0197     2.7388     2.4434  1.9598119  1.0989012   48.75870  -45.64076    34.8817    34.8978     3.7343     3.7334    27.7196    27.7325    6.23769    6.37431         23 0.0000e+00
      52476   2186.464    712.000     3.7857   3.258336     3.7856   3.259669      17.81     0.0176     2.7393     2.4443  1.9609927  1.0989012   48.75870  -45.64076    34.8816    34.8976     3.7342     3.7340    27.7195    27.7323    6.23950    6.38010         21 0.0000e+00
      52497   2187.334    711.000     3.7861   3.258310     3.7861   3.259674      97.65     0.0150     2.7395     2.4450  1.9616773  1.0989012   48.75870  -45.64076    34.8814    34.8976     3.7346     3.7368    27.7193    27.7322    6.23842    6.38211         20 0.0000e+00
      52517   2188.150    710.000     3.7862   3.258268     3.7866   3.259670      89.47     0.0120     2.7399     2.4456  1.9601769  1.0989012   48.75870  -45.64076    34.8813    34.8976     3.7348     3.7351    27.7192    27.7321    6.23948    6.37713         19 0.0000e+00
      52535   2188.904    709.000     3.7870   3.258272     3.7872   3.259671      23.36     0.0104     2.7401     2.4457  1.9597017  1.0989012   48.75870  -45.64077    34.8811    34.8975     3.7356     3.7358    27.7190    27.7320    6.24289    6.37492         18 0.0000e+00
      52552   2189.616    708.000     3.7872   3.258261     3.7877   3.259661      79.11     0.0111     2.7413     2.4462  1.9597069  1.0989012   48.75870  -45.64078    34.8812    34.8974     3.7359     3.7363    27.7190    27.7319    6.24829    6.38009         17 0.0000e+00
      52568   2190.304    707.000     3.7879   3.258265     3.7880   3.259647      95.52     0.0102     2.7415     2.4466  1.9597069  1.0989012   48.75870  -45.64078    34.8811    34.8974     3.7366     3.7367    27.7189    27.7319    6.24758    6.38571         16 0.0000e+00
      52585   2190.982    706.000     3.7882   3.258258     3.7882   3.259624      95.61     0.0109     2.7424     2.4475  1.9597069  1.0989012   48.75870  -45.64078    34.8812    34.8975     3.7371     3.7370    27.7189    27.7319    6.25508    6.38752         16 0.0000e+00
      52601   2191.675    705.000     3.7884   3.258232     3.7886   3.259617      30.43     0.0146     2.7431     2.4481  1.9597069  1.0989012   48.75870  -45.64078    34.8812    34.8975     3.7373     3.7375    27.7189    27.7318    6.24997    6.38215         17 0.0000e+00
      52619   2192.433    704.000     3.7886   3.258213     3.7892   3.259638      80.23     0.0176     2.7434     2.4483  1.9597069  1.0989012   48.75870  -45.64078    34.8813    34.8976     3.7376     3.7382    27.7189    27.7318    6.25009    6.37665         20 0.0000e+00
      52640   2193.281    703.000     3.7890   3.258212     3.7895   3.259619      70.57     0.0180     2.7447     2.4483  1.9597069  1.0989012   48.75870  -45.64078    34.8814    34.8976     3.7381     3.7386    27.7189    27.7318    6.24873    6.37051         21 0.0000e+00
      52661   2194.168    702.000     3.7895   3.258206     3.7902   3.259636      53.78     0.0159     2.7445     2.4481  1.9597069  1.0998328   48.75870  -45.64078    34.8813    34.8975     3.7387     3.7394    27.7188    27.7317    6.24410    6.36564         21 0.0000e+00
      52680   2194.978    701.000     3.7904   3.258240     3.7914   3.259705      95.23     0.0170     2.7449     2.4475  1.9597069  1.0995799   48.75870  -45.64080    34.8813    34.8977     3.7397     3.7406    27.7187    27.7317    6.24449    6.36216         18 0.0000e+00
      52698   2195.718    700.000     3.7917   3.258312     3.7927   3.259792      74.67     0.0134     2.7449     2.4473  1.9597069  1.0994744   48.75870  -45.64080    34.8813    34.8978     3.7410     3.7420    27.7186    27.7316    6.24450    6.36691         17 0.0000e+00
      52715   2196.435    699.000     3.7922   3.258327     3.7938   3.259853      56.74     0.0121     2.7455     2.4476  1.9597069  1.0996466   48.75870  -45.64080    34.8815    34.8979     3.7416     3.7431    27.7187    27.7316    6.24616    6.38283         18 0.0000e+00
      52734   2197.188    698.000     3.7932   3.258384     3.7945   3.259872      57.73     0.0135     2.7455     2.4491  1.9597069  1.0999844   48.75870  -45.64080    34.8816    34.8979     3.7427     3.7439    27.7187    27.7315    6.24271    6.39502         19 0.0000e+00
      52755   2198.088    697.000     3.7941   3.258428     3.7948   3.259843      94.76     0.0108     2.7461     2.4501  1.9597069  1.1000198   48.75870  -45.64080    34.8817    34.8978     3.7436     3.7443    27.7187    27.7314    6.24980    6.38180         24 0.0000e+00
      52780   2199.134    696.000     3.7945   3.258408     3.7951   3.259808      95.56     0.0137     2.7468     2.4504  1.9597069  1.1001229   48.75870  -45.64080    34.8816    34.8976     3.7441     3.7447    27.7185    27.7312    6.24866    6.37666         25 0.0000e+00
      52802   2200.038    695.000     3.7949   3.258393     3.7959   3.259830      95.76     0.0162     2.7472     2.4506  1.9597069  1.1001221   48.75870  -45.64082    34.8815    34.8975     3.7446     3.7456    27.7183    27.7310    6.24545    6.37559         19 0.0000e+00
      52819   2200.757    694.000     3.7960   3.258425     3.7962   3.259823      95.76     0.0164     2.7474     2.4507  1.9594824  1.1001221   48.75870  -45.64082    34.8812    34.8976     3.7457     3.7460    27.7181    27.7310    6.24871    6.37306         16 0.0000e+00
      52834   2201.386    693.000     3.7967   3.258454     3.7971   3.259849      63.88     0.0117     2.7478     2.4508  1.9595317  1.1001221   48.75870  -45.64082    34.8813    34.8975     3.7465     3.7469    27.7181    27.7309    6.24880    6.37575         14 0.0000e+00
      52849   2201.987    692.000     3.7978   3.258483     3.7979   3.259883      24.96     0.0113     2.7482     2.4509  1.9590020  1.1001221   48.75870  -45.64082    34.8811    34.8976     3.7477     3.7477    27.7177    27.7309    6.24938    6.37887         14 0.0000e+00
      52863   2202.600    691.000     3.7979   3.258467     3.7984   3.259887      94.22     0.0147     2.7486     2.4514  1.9584892  1.1001221   48.75870  -45.64082    34.8813    34.8976     3.7478     3.7483    27.7179    27.7308    6.24841    6.37984         16 0.0000e+00
      52880   2203.273    690.000     3.7983   3.258466     3.7987   3.259864      94.67     0.0148     2.7486     2.4517  1.9584860  1.1001221   48.75868  -45.64082    34.8813    34.8976     3.7484     3.7487    27.7178    27.7308    6.25033    6.37475         17 0.0000e+00
      52899   2204.099    689.000     3.7986   3.258448     3.7992   3.259872      86.74     0.0134     2.7494     2.4517  1.9584308  1.1001221   48.75868  -45.64082    34.8814    34.8976     3.7487     3.7493    27.7178    27.7308    6.25016    6.37397         22 0.0000e+00
      52924   2205.111    688.000     3.7991   3.258448     3.7994   3.259847      28.55     0.0147     2.7497     2.4521  1.9584875  1.1001221   48.75868  -45.64082    34.8814    34.8976     3.7493     3.7496    27.7178    27.7307    6.24371    6.37368         25 0.0000e+00
      52947   2206.073    687.000     3.7997   3.258448     3.8002   3.259862      90.38     0.0145     2.7494     2.4519  1.9587663  1.1001221   48.75868  -45.64083    34.8813    34.8976     3.7500     3.7504    27.7176    27.7306    6.24510    6.36840         22 0.0000e+00
      52967   2206.898    686.000     3.8006   3.258489     3.8013   3.259926      20.83     0.0157     2.7505     2.4519  1.9589612  1.1001221   48.75868  -45.64084    34.8813    34.8976     3.7509     3.7516    27.7176    27.7305    6.24159    6.37158         18 0.0000e+00
      52985   2207.652    685.000     3.8015   3.258530     3.8021   3.259967      86.42     0.0167     2.7494     2.4522  1.9590292  1.1001221   48.75868  -45.64084    34.8814    34.8978     3.7519     3.7525    27.7175    27.7305    6.23527    6.36961         18 0.0000e+00
      53002   2208.384    684.000     3.8024   3.258568     3.8028   3.259988      82.57     0.0122     2.7497     2.4520  1.9584794  1.1001221   48.75868  -45.64084    34.8814    34.8978     3.7529     3.7533    27.7174    27.7305    6.24214    6.36065         17 0.0000e+00
      53020   2209.121    683.000     3.8028   3.258569     3.8034   3.259990      93.69     0.0121     2.7498     2.4514  1.9584860  1.1001915   48.75868  -45.64084    34.8815    34.8977     3.7534     3.7540    27.7175    27.7303    6.23936    6.35271         18 0.0000e+00
      53038   2209.890    682.000     3.8032   3.258557     3.8040   3.259997      19.61     0.0142     2.7499     2.4508  1.9584860  1.1006449   48.75868  -45.64085    34.8815    34.8977     3.7538     3.7547    27.7174    27.7302    6.24108    6.36001         19 0.0000e+00
      53058   2210.688    681.000     3.8037   3.258567     3.8042   3.259964      95.90     0.0152     2.7502     2.4512  1.9584860  1.1010382   48.75868  -45.64086    34.8815    34.8976     3.7545     3.7549    27.7174    27.7301    6.24419    6.36882         20 0.0000e+00
      53077   2211.485    680.000     3.8041   3.258554     3.8043   3.259924      50.44     0.0161     2.7508     2.4517  1.9584860  1.1007987   48.75868  -45.64086    34.8815    34.8975     3.7549     3.7551    27.7173    27.7301    6.24694    6.37320         18 0.0000e+00
      53095   2212.248    679.000     3.8044   3.258532     3.8047   3.259916      58.46     0.0161     2.7511     2.4523  1.9567473  1.1012177   48.75868  -45.64086    34.8815    34.8976     3.7552     3.7555    27.7173    27.7301    6.24586    6.37418         18 0.0000e+00
      53113   2212.997    678.000     3.8045   3.258500     3.8052   3.259923      96.39     0.0158     2.7515     2.4528  1.9565817  1.1013464   48.75868  -45.64086    34.8815    34.8976     3.7555     3.7562    27.7172    27.7300    6.24356    6.37204         18 0.0000e+00
      53131   2213.747    677.000     3.8049   3.258484     3.8056   3.259908      87.55     0.0126     2.7516     2.4531  1.9571984  1.1013432   48.75868  -45.64086    34.8814    34.8976     3.7559     3.7566    27.7172    27.7300    6.23898    6.37390         19 0.0000e+00
      53149   2214.503    676.000     3.8053   3.258476     3.8057   3.259869      35.42     0.0107     2.7515     2.4538  1.9584557  1.1013432   48.75868  -45.64086    34.8814    34.8976     3.7564     3.7567    27.7171    27.7300    6.23293    6.37680         18 0.0000e+00
      53167   2215.267    675.000     3.8057   3.258458     3.8057   3.259821      63.02     0.0112     2.7511     2.4543  1.9584860  1.1013432   48.75868  -45.64086    34.8813    34.8975     3.7569     3.7568    27.7170    27.7299    6.23585    6.37127         18 0.0000e+00
