data/CTD/2013/CNV/U021A048.CNV
* Sea-Bird SBE 9 Data File:
* FileName = C:\CTD_ACQUISITION\2013021HUD\ctddata\021A048.hdr
* Software Version Seasave V 7.22.2
* Temperature SN = 5081
* Conductivity SN = 3561
* Number of Bytes Per Scan = 37
* Number of Voltage Words = 4
* Number of Scans Averaged by the Deck Unit = 1
* NMEA Latitude = 48 58.29 N
* NMEA Longitude = 045 52.31 W
* NMEA UTC (Time) = Jul 04 2013 20:38:06
* NMEA baud rate = 9600
** Ship: Hudson
** Cruise: HUD2013021
** Chief_Scientist: Greenan
** Organization: BIO
** Area_of_Operation: Sackville Spur
** Station: 48
** Sounding:  2567
** Event_Comments: SS29  393205
# nquan = 25
# nvalues = 2563                        
# units = specified
# name 0 = scan: Scan Count
# name 1 = timeS: Time, Elapsed [seconds]
# name 2 = prDM: Pressure, Digiquartz [db]
# name 3 = t068C: Temperature [ITS-68, deg C]
# name 4 = c0S/m: Conductivity [S/m]
# name 5 = t168C: Temperature, 2 [ITS-68, deg C]
# name 6 = c1S/m: Conductivity, 2 [S/m]
# name 7 = altM: Altimeter [m]
# name 8 = flCUVA: Fluorescence, Chelsea UV Aquatracka [ug/l]
# name 9 = sbeox0V: Oxygen raw, SBE 43 [V]
# name 10 = sbeox1V: Oxygen raw, SBE 43, 2 [V]
# name 11 = upoly0: Upoly 0, Optode 4330F - O2 D-Phase
# name 12 = upoly1: Upoly 1, Optode 4330F - O2 Temp
# name 13 = latitude: Latitude [deg]
# name 14 = longitude: Longitude [deg]
# name 15 = sal00: Salinity, Practical [PSU]
# name 16 = sal11: Salinity, Practical, 2 [PSU]
# name 17 = potemp068C: Potential Temperature [ITS-68, deg C]
# name 18 = potemp168C: Potential Temperature, 2 [ITS-68, deg C]
# name 19 = sigma-é00: Density [sigma-theta, Kg/m^3]
# name 20 = sigma-é11: Density, 2 [sigma-theta, Kg/m^3]
# name 21 = sbeox0ML/L: Oxygen, SBE 43 [ml/l], WS = 2
# name 22 = sbeox1ML/L: Oxygen, SBE 43, 2 [ml/l], WS = 2
# name 23 = nbin: number of scans per bin
# name 24 = flag: flag
# span 0 =      78761,     132909       
# span 1 =   3281.675,   5537.831       
# span 2 =      1.000,   2563.000       
# span 3 =     2.3203,     8.9410       
# span 4 =   3.163550,   3.624793       
# span 5 =     2.3194,     8.9384       
# span 6 =   3.164750,   3.626201       
# span 7 =       3.92,      98.39       
# span 8 =     0.0039,     0.8632       
# span 9 =     2.1756,     3.3867       
# span 10 =     1.9575,     3.0200      
# span 11 =  1.6725764,  2.1111111      
# span 12 =  0.9153458,  1.7337027      
# span 13 =   48.97364,   48.97452      
# span 14 =  -45.87470,  -45.87296      
# span 15 =    33.8152,    34.9219      
# span 16 =    33.8054,    34.9382      
# span 17 =     2.1307,     8.9407      
# span 18 =     2.1295,     8.9378      
# span 19 =    26.4311,    27.8865      
# span 20 =    26.4422,    27.8998      
# span 21 =    5.91409,    7.62723      
# span 22 =    5.54617,    7.76719      
# span 23 =         12,        431      
# span 24 = 0.0000e+00, 0.0000e+00      
# interval = decibars: 1                
# start_time = Jul 04 2013 20:38:06 [NMEA time, header]
# bad_flag = -9.990e-29
*END*
[from data line 812]
      96469   4019.492   1751.000     3.0940   3.244072     3.0930   3.245373      80.96     0.0116     2.3546     2.1026  2.0727043  1.0099226   48.97438  -45.87410    34.9177    34.9343     2.9625     2.9615    27.8230    27.8364    5.94286    6.12626         14 0.0000e+00
      96483   4020.077   1750.000     3.0941   3.244049     3.0933   3.245348      67.17     0.0144     2.3550     2.1028  2.0729156  1.0102998   48.97438  -45.87410    34.9178    34.9342     2.9627     2.9619    27.8230    27.8362    5.94063    6.12503         14 0.0000e+00
      96497   4020.674   1749.000     3.0947   3.244062     3.0941   3.245379      96.22     0.0133     2.3549     2.1033  2.0730171  1.0101737   48.97438  -45.87410    34.9178    34.9342     2.9634     2.9628    27.8230    27.8361    5.94447    6.12415         15 0.0000e+00
      96513   4021.340   1748.000     3.0961   3.244140     3.0960   3.245496      95.92     0.0120     2.3551     2.1033  2.0739198  1.0105739   48.97438  -45.87410    34.9178    34.9341     2.9649     2.9647    27.8228    27.8359    5.94936    6.11990         18 0.0000e+00
      96534   4022.208   1747.000     3.0985   3.244303     3.0979   3.245626      50.48     0.0108     2.3561     2.1034  2.0742693  1.0108302   48.97438  -45.87410    34.9177    34.9342     2.9673     2.9667    27.8225    27.8357    5.95419    6.11502         25 0.0000e+00
      96564   4023.448   1746.000     3.1007   3.244453     3.1004   3.245800      83.61     0.0095     2.3562     2.1033  2.0741749  1.0109134   48.97438  -45.87410    34.9176    34.9341     2.9696     2.9692    27.8222    27.8354    5.94571    6.11259         32 0.0000e+00
      96591   4024.596   1745.000     3.1044   3.244729     3.1028   3.245950      75.48     0.0133     2.3566     2.1034  2.0742614  1.0109913   48.97438  -45.87408    34.9175    34.9338     2.9733     2.9717    27.8218    27.8350    5.94291    6.11490         22 0.0000e+00
      96610   4025.391   1744.000     3.1060   3.244831     3.1047   3.246091      86.02     0.0113     2.3575     2.1035  2.0736063  1.0109891   48.97440  -45.87408    34.9175    34.9340     2.9750     2.9737    27.8216    27.8349    5.95893    6.12157         17 0.0000e+00
      96627   4026.073   1743.000     3.1065   3.244840     3.1054   3.246126      96.07     0.0112     2.3574     2.1041  2.0740290  1.0109891   48.97440  -45.87408    34.9176    34.9341     2.9755     2.9744    27.8217    27.8350    5.94809    6.12637         16 0.0000e+00
      96643   4026.752   1742.000     3.1064   3.244806     3.1056   3.246108      95.92     0.0109     2.3580     2.1044  2.0734019  1.0109891   48.97440  -45.87408    34.9178    34.9342     2.9756     2.9747    27.8218    27.8350    5.94030    6.12878         17 0.0000e+00
      96661   4027.508   1741.000     3.1064   3.244772     3.1057   3.246078      77.71     0.0085     2.3574     2.1050  2.0726018  1.0111092   48.97440  -45.87408    34.9178    34.9342     2.9756     2.9749    27.8219    27.8350    5.93867    6.12684         20 0.0000e+00
      96685   4028.494   1740.000     3.1066   3.244744     3.1059   3.246049      47.54     0.0090     2.3578     2.1054  2.0725632  1.0113742   48.97440  -45.87408    34.9178    34.9342     2.9759     2.9751    27.8218    27.8350    5.95407    6.12650         28 0.0000e+00
      96714   4029.690   1739.000     3.1068   3.244707     3.1060   3.246015      96.88     0.0128     2.3589     2.1059  2.0741506  1.0122266   48.97440  -45.87408    34.9177    34.9342     2.9762     2.9754    27.8217    27.8349    5.95558    6.12636         27 0.0000e+00
      96738   4030.722   1738.000     3.1070   3.244683     3.1061   3.245983      68.83     0.0104     2.3594     2.1066  2.0740018  1.0122100   48.97440  -45.87408    34.9177    34.9342     2.9764     2.9755    27.8217    27.8350    5.95017    6.12706         23 0.0000e+00
      96759   4031.600   1737.000     3.1072   3.244660     3.1063   3.245954      92.67     0.0155     2.3598     2.1068  2.0725951  1.0122100   48.97440  -45.87408    34.9177    34.9341     2.9768     2.9758    27.8216    27.8349    5.94200    6.12438         20 0.0000e+00
      96780   4032.449   1736.000     3.1073   3.244637     3.1064   3.245923      96.04     0.0167     2.3591     2.1071  2.0726202  1.0122100   48.97440  -45.87406    34.9177    34.9341     2.9770     2.9760    27.8216    27.8348    5.94541    6.12437         21 0.0000e+00
      96801   4033.322   1735.000     3.1080   3.244651     3.1068   3.245922      85.74     0.0106     2.3603     2.1072  2.0738261  1.0122100   48.97440  -45.87406    34.9176    34.9342     2.9778     2.9765    27.8215    27.8349    5.96001    6.12394         21 0.0000e+00
      96822   4034.188   1734.000     3.1089   3.244691     3.1079   3.245983      74.77     0.0128     2.3605     2.1077  2.0740538  1.0122100   48.97440  -45.87406    34.9177    34.9342     2.9787     2.9777    27.8215    27.8348    5.95277    6.12522         20 0.0000e+00
      96841   4034.993   1733.000     3.1106   3.244793     3.1100   3.246122      95.75     0.0130     2.3607     2.1076  2.0732665  1.0124012   48.97440  -45.87406    34.9176    34.9342     2.9805     2.9798    27.8212    27.8346    5.94378    6.12374         19 0.0000e+00
      96859   4035.765   1732.000     3.1121   3.244900     3.1119   3.246248      95.92     0.0113     2.3608     2.1081  2.0720482  1.0126828   48.97440  -45.87406    34.9177    34.9341     2.9821     2.9818    27.8212    27.8343    5.94998    6.12891         18 0.0000e+00
      96879   4036.587   1731.000     3.1135   3.244997     3.1132   3.246334      73.39     0.0096     2.3613     2.1084  2.0720391  1.0127090   48.97440  -45.87406    34.9179    34.9343     2.9835     2.9832    27.8212    27.8343    5.94787    6.13222         22 0.0000e+00
      96903   4037.601   1730.000     3.1157   3.245141     3.1148   3.246429      89.80     0.0081     2.3612     2.1092  2.0728340  1.0133700   48.97440  -45.87406    34.9179    34.9342     2.9857     2.9848    27.8210    27.8341    5.94750    6.13964         27 0.0000e+00
      96932   4038.807   1729.000     3.1170   3.245213     3.1159   3.246484      66.78     0.0094     2.3616     2.1105  2.0728056  1.0133859   48.97440  -45.87406    34.9178    34.9342     2.9872     2.9860    27.8207    27.8340    5.94069    6.13179         27 0.0000e+00
      96955   4039.747   1728.000     3.1181   3.245267     3.1177   3.246596      54.16     0.0112     2.3612     2.1102  2.0722089  1.0134329   48.97440  -45.87405    34.9177    34.9342     2.9884     2.9878    27.8206    27.8338    5.94316    6.12388         19 0.0000e+00
      96972   4040.460   1727.000     3.1197   3.245364     3.1190   3.246681      90.64     0.0091     2.3624     2.1105  2.0723479  1.0134311   48.97440  -45.87404    34.9177    34.9342     2.9900     2.9893    27.8205    27.8337    5.95698    6.12083         16 0.0000e+00
      96987   4041.103   1726.000     3.1203   3.245389     3.1196   3.246694      95.90     0.0080     2.3617     2.1101  2.0724206  1.0134311   48.97440  -45.87404    34.9178    34.9343     2.9907     2.9899    27.8205    27.8337    5.94791    6.10881         16 0.0000e+00
      97003   4041.747   1725.000     3.1208   3.245391     3.1201   3.246697      95.92     0.0078     2.3625     2.1097  2.0724943  1.0134311   48.97440  -45.87404    34.9179    34.9343     2.9912     2.9905    27.8205    27.8337    5.94290    6.11614         16 0.0000e+00
      97020   4042.471   1724.000     3.1216   3.245430     3.1206   3.246708      78.25     0.0083     2.3620     2.1101  2.0724893  1.0134311   48.97440  -45.87404    34.9180    34.9344     2.9922     2.9911    27.8204    27.8336    5.94534    6.12429         19 0.0000e+00
      97044   4043.440   1723.000     3.1220   3.245423     3.1212   3.246718      84.45     0.0111     2.3629     2.1102  2.0728943  1.0134311   48.97440  -45.87404    34.9180    34.9344     2.9926     2.9917    27.8204    27.8336    5.95246    6.12365         28 0.0000e+00
      97076   4044.778   1722.000     3.1233   3.245480     3.1221   3.246750      96.37     0.0063     2.3640     2.1107  2.0727582  1.0135897   48.97440  -45.87404    34.9178    34.9342     2.9940     2.9928    27.8201    27.8334    5.95578    6.12736         32 0.0000e+00
      97102   4045.864   1721.000     3.1243   3.245530     3.1233   3.246803      62.99     0.0084     2.3640     2.1112  2.0724373  1.0143830   48.97440  -45.87404    34.9178    34.9341     2.9951     2.9940    27.8200    27.8332    5.94033    6.13227         21 0.0000e+00
      97121   4046.681   1720.000     3.1251   3.245564     3.1242   3.246849      61.52     0.0078     2.3636     2.1117  2.0723588  1.0140686   48.97440  -45.87404    34.9179    34.9342     2.9959     2.9950    27.8200    27.8331    5.94290    6.13042         19 0.0000e+00
      97139   4047.434   1719.000     3.1259   3.245593     3.1252   3.246900      60.95     0.0092     2.3640     2.1120  2.0720406  1.0149873   48.97440  -45.87404    34.9178    34.9343     2.9968     2.9960    27.8199    27.8331    5.95592    6.13226         18 0.0000e+00
      97158   4048.207   1718.000     3.1262   3.245587     3.1255   3.246896      92.94     0.0123     2.3649     2.1126  2.0721033  1.0145887   48.97440  -45.87404    34.9179    34.9344     2.9972     2.9965    27.8200    27.8331    5.95452    6.13311         19 0.0000e+00
      97178   4049.047   1717.000     3.1265   3.245570     3.1258   3.246887      66.06     0.0114     2.3651     2.1127  2.0720387  1.0148864   48.97440  -45.87402    34.9179    34.9344     2.9976     2.9968    27.8199    27.8332    5.95268    6.12846         21 0.0000e+00
      97200   4049.975   1716.000     3.1267   3.245549     3.1261   3.246859      93.32     0.0149     2.3657     2.1131  2.0720391  1.0151341   48.97440  -45.87402    34.9179    34.9343     2.9979     2.9972    27.8199    27.8330    5.95645    6.12734         23 0.0000e+00
      97223   4050.922   1715.000     3.1270   3.245527     3.1264   3.246835      95.94     0.0136     2.3662     2.1132  2.0716121  1.0150764   48.97440  -45.87402    34.9179    34.9342     2.9982     2.9976    27.8198    27.8329    5.95575    6.12461         23 0.0000e+00
      97245   4051.815   1714.000     3.1278   3.245560     3.1274   3.246889      61.53     0.0099     2.3666     2.1133  2.0708163  1.0151405   48.97440  -45.87402    34.9179    34.9343     2.9991     2.9986    27.8198    27.8329    5.95411    6.12891         20 0.0000e+00
      97265   4052.651   1713.000     3.1294   3.245662     3.1290   3.247006      96.11     0.0098     2.3668     2.1139  2.0708182  1.0149562   48.97440  -45.87402    34.9179    34.9344     3.0008     3.0004    27.8196    27.8328    5.96015    6.13230         20 0.0000e+00
      97284   4053.464   1712.000     3.1308   3.245752     3.1303   3.247085      95.92     0.0121     2.3679     2.1141  2.0715942  1.0153615   48.97440  -45.87402    34.9180    34.9344     3.0023     3.0018    27.8195    27.8327    5.95164    6.13066         19 0.0000e+00
      97304   4054.289   1711.000     3.1318   3.245805     3.1319   3.247189      86.90     0.0139     2.3672     2.1144  2.0716319  1.0156976   48.97440  -45.87402    34.9180    34.9345     3.0034     3.0034    27.8195    27.8326    5.95126    6.12751         21 0.0000e+00
      97324   4055.137   1710.000     3.1333   3.245880     3.1330   3.247246      70.89     0.0111     2.3682     2.1145  2.0711284  1.0156900   48.97440  -45.87402    34.9178    34.9345     3.0049     3.0046    27.8191    27.8325    5.96475    6.13088         20 0.0000e+00
      97344   4055.972   1709.000     3.1349   3.245985     3.1346   3.247349      95.69     0.0112     2.3688     2.1152  2.0708814  1.0156900   48.97441  -45.87400    34.9179    34.9345     3.0066     3.0063    27.8191    27.8324    5.95243    6.13817         20 0.0000e+00
      97364   4056.788   1708.000     3.1361   3.246056     3.1358   3.247411      95.93     0.0089     2.3684     2.1158  2.0714579  1.0157442   48.97442  -45.87400    34.9179    34.9345     3.0079     3.0075    27.8190    27.8323    5.94583    6.13254         19 0.0000e+00
      97384   4057.626   1707.000     3.1371   3.246109     3.1368   3.247465      69.93     0.0050     2.3686     2.1158  2.0736687  1.0158732   48.97442  -45.87400    34.9180    34.9346     3.0089     3.0086    27.8190    27.8322    5.95545    6.12523         21 0.0000e+00
      97407   4058.594   1706.000     3.1386   3.246197     3.1376   3.247496      89.71     0.0071     2.3695     2.1158  2.0734966  1.0158731   48.97442  -45.87400    34.9180    34.9346     3.0105     3.0170    27.8188    27.8321    5.95829    6.12233         26 0.0000e+00
      97436   4059.783   1705.000     3.1394   3.246220     3.1388   3.247546      95.99     0.0122     2.3697     2.1158  2.0710375  1.0158731   48.97442  -45.87400    34.9179    34.9344     3.0114     3.0106    27.8186    27.8319    5.95032    6.12124         30 0.0000e+00
      97463   4060.898   1704.000     3.1401   3.246235     3.1401   3.247608      64.47     0.0148     2.3697     2.1157  2.0705423  1.0159814   48.97442  -45.87400    34.9179    34.9343     3.0121     3.0121    27.8185    27.8317    5.95473    6.12055         23 0.0000e+00
      97482   4061.729   1703.000     3.1419   3.246352     3.1412   3.247667      96.67     0.0142     2.3706     2.1157  2.0695734  1.0164591   48.97442  -45.87400    34.9179    34.9343     3.0140     3.0133    27.8184    27.8315    5.95445    6.12161         17 0.0000e+00
      97499   4062.409   1702.000     3.1425   3.246366     3.1418   3.247684      95.93     0.0112     2.3698     2.1159  2.0698307  1.0164843   48.97442  -45.87400    34.9179    34.9343     3.0147     3.0140    27.8183    27.8315    5.95127    6.12256         16 0.0000e+00
      97514   4063.045   1701.000     3.1431   3.246377     3.1425   3.247699      95.93     0.0115     2.3710     2.1160  2.0694325  1.0166880   48.97442  -45.87400    34.9179    34.9343     3.0153     3.0147    27.8182    27.8314    5.96267    6.12601         15 0.0000e+00
      97530   4063.689   1700.000     3.1439   3.246418     3.1433   3.247745      64.18     0.0094     2.3709     2.1162  2.0691385  1.0170947   48.97442  -45.87400    34.9179    34.9345     3.0163     3.0157    27.8182    27.8314    5.95245    6.13934         16 0.0000e+00
      97547   4064.430   1699.000     3.1447   3.246452     3.1440   3.247766      75.00     0.0085     2.3713     2.1174  2.0694718  1.0169730   48.97442  -45.87400    34.9180    34.9345     3.0172     3.0164    27.8182    27.8314    5.95585    6.14249         20 0.0000e+00
      97573   4065.512   1698.000     3.1454   3.246482     3.1449   3.247808      74.62     0.0111     2.3715     2.1178  2.0706210  1.0170885   48.97442  -45.87399    34.9181    34.9345     3.0179     3.0174    27.8182    27.8313    5.95157    6.12799         34 0.0000e+00
      97608   4066.945   1697.000     3.1470   3.246563     3.1458   3.247842      97.15     0.0120     2.3721     2.1179  2.0708702  1.0170940   48.97442  -45.87398    34.9179    34.9345     3.0196     3.0184    27.8178    27.8312    5.95418    6.12081         29 0.0000e+00
      97630   4067.888   1696.000     3.1480   3.246607     3.1473   3.247917      95.92     0.0121     2.3718     2.1178  2.0709572  1.0170940   48.97443  -45.87398    34.9178    34.9343     3.0207     3.0199    27.8177    27.8310    5.94861    6.12458         18 0.0000e+00
      97647   4068.568   1695.000     3.1489   3.246649     3.1483   3.247972      71.83     0.0101     2.3723     2.1181  2.0709710  1.0170940   48.97444  -45.87398    34.9179    34.9344     3.0216     3.0210    27.8177    27.8309    5.95204    6.12835         16 0.0000e+00
