data/CTD/2013/CNV/U021A039.CNV
* Sea-Bird SBE 9 Data File:
* FileName = C:\CTD_ACQUISITION\2013021HUD\ctddata\021A039.hdr
* Software Version Seasave V 7.22.2
* Temperature SN = 5081
* Conductivity SN = 3561
* Number of Bytes Per Scan = 37
* Number of Voltage Words = 4
* Number of Scans Averaged by the Deck Unit = 1
* NMEA Latitude = 48 26.55 N
* NMEA Longitude = 046 40.64 W
* NMEA UTC (Time) = Jul 03 2013 21:39:13
* NMEA baud rate = 9600
** Ship: Hudson
** Cruise: HUD2013021
** Chief_Scientist: Greenan
** Organization: BIO
** Area_of_Operation: Sackville Spur
** Station: 39
** Sounding:  2179
** Event_Comments: SS08  393178
# nquan = 25
# nvalues = 2160                        
# units = specified
# name 0 = scan: Scan Count
# name 1 = timeS: Time, Elapsed [seconds]
# name 2 = prDM: Pressure, Digiquartz [db]
# name 3 = t068C: Temperature [ITS-68, deg C]
# name 4 = c0S/m: Conductivity [S/m]
# name 5 = t168C: Temperature, 2 [ITS-68, deg C]
# name 6 = c1S/m: Conductivity, 2 [S/m]
# name 7 = altM: Altimeter [m]
# name 8 = flCUVA: Fluorescence, Chelsea UV Aquatracka [ug/l]
# name 9 = sbeox0V: Oxygen raw, SBE 43 [V]
# name 10 = sbeox1V: Oxygen raw, SBE 43, 2 [V]
# name 11 = upoly0: Upoly 0, Optode 4330F - O2 D-Phase
# name 12 = upoly1: Upoly 1, Optode 4330F - O2 Temp
# name 13 = latitude: Latitude [deg]
# name 14 = longitude: Longitude [deg]
# name 15 = sal00: Salinity, Practical [PSU]
# name 16 = sal11: Salinity, Practical, 2 [PSU]
# name 17 = potemp068C: Potential Temperature [ITS-68, deg C]
# name 18 = potemp168C: Potential Temperature, 2 [ITS-68, deg C]
# name 19 = sigma-é00: Density [sigma-theta, Kg/m^3]
# name 20 = sigma-é11: Density, 2 [sigma-theta, Kg/m^3]
# name 21 = sbeox0ML/L: Oxygen, SBE 43 [ml/l], WS = 2
# name 22 = sbeox1ML/L: Oxygen, SBE 43, 2 [ml/l], WS = 2
# name 23 = nbin: number of scans per bin
# name 24 = flag: flag
# span 0 =      63452,     111684       
# span 1 =   2643.781,   4653.444       
# span 2 =      1.000,   2160.000       
# span 3 =     0.7429,     6.4949       
# span 4 =   2.868962,   3.286653       
# span 5 =     0.7449,     6.5063       
# span 6 =   2.871006,   3.288978       
# span 7 =       4.30,     117.23       
# span 8 =     0.0056,     0.4607       
# span 9 =     2.2529,     3.5386       
# span 10 =     2.0260,     3.1741      
# span 11 =  1.7151934,  2.0967325      
# span 12 =  0.7438815,  1.4399806      
# span 13 =   48.44166,   48.44472      
# span 14 =  -46.66744,  -46.65931      
# span 15 =    32.8281,    34.9220      
# span 16 =    32.8428,    34.9388      
# span 17 =     0.7418,     6.4947      
# span 18 =     0.7437,     6.5061      
# span 19 =    25.7747,    27.8490      
# span 20 =    25.7849,    27.8627      
# span 21 =    5.87491,    9.24275      
# span 22 =    6.03636,    9.39502      
# span 23 =          9,        366      
# span 24 = 0.0000e+00, 0.0000e+00      
# interval = decibars: 1                
# start_time = Jul 03 2013 21:39:13 [NMEA time, header]
# bad_flag = -9.990e-29
*END*
[from data line 1276]
      92022   3834.228    884.000     3.8151   3.269422     3.8150   3.270810      97.15     0.0132     2.6642     2.3750  1.9846197  1.1025653   48.44272  -46.66226    34.8927    34.9093     3.7497     3.7496    27.7268    27.7400    6.14948    6.28098         22 0.0000e+00
      92041   3834.990    883.000     3.8158   3.269442     3.8163   3.270877      95.78     0.0174     2.6646     2.3757  1.9841204  1.1025641   48.44272  -46.66226    34.8927    34.9093     3.7505     3.7509    27.7267    27.7399    6.14292    6.28548         16 0.0000e+00
      92056   3835.624    882.000     3.8170   3.269502     3.8169   3.270887      42.94     0.0179     2.6642     2.3760  1.9841269  1.1025641   48.44272  -46.66226    34.8927    34.9092     3.7517     3.7516    27.7266    27.7397    6.14177    6.28010         15 0.0000e+00
      92070   3836.221    881.000     3.8175   3.269510     3.8171   3.270873      40.35     0.0144     2.6648     2.3760  1.9841269  1.1025641   48.44272  -46.66226    34.8928    34.9094     3.7523     3.7519    27.7266    27.7398    6.14665    6.27533         14 0.0000e+00
      92085   3836.833    880.000     3.8179   3.269507     3.8175   3.270863      95.64     0.0135     2.6648     2.3761  1.9841269  1.1025641   48.44272  -46.66226    34.8928    34.9094     3.7528     3.7523    27.7266    27.7398    6.14881    6.27774         15 0.0000e+00
      92102   3837.533    879.000     3.8184   3.269504     3.8181   3.270877      67.75     0.0123     2.6657     2.3763  1.9841269  1.1025641   48.44272  -46.66226    34.8928    34.9094     3.7534     3.7530    27.7264    27.7397    6.14791    6.28086         19 0.0000e+00
      92124   3838.477    878.000     3.8186   3.269484     3.8195   3.270945      75.92     0.0095     2.6656     2.3769  1.9841710  1.1025641   48.44271  -46.66226    34.8928    34.9092     3.7537     3.7545    27.7265    27.7394    6.14128    6.28392         27 0.0000e+00
      92152   3839.632    877.000     3.8189   3.269450     3.8204   3.270972      29.67     0.0082     2.6654     2.3775  1.9841249  1.1025641   48.44270  -46.66225    34.8926    34.9091     3.7540     3.7555    27.7263    27.7393    6.13692    6.28170         25 0.0000e+00
      92173   3840.511    876.000     3.8203   3.269523     3.8206   3.270942      97.86     0.0129     2.6659     2.3778  1.9841269  1.1025641   48.44270  -46.66224    34.8926    34.9090     3.7555     3.7558    27.7261    27.7391    6.14879    6.28174         18 0.0000e+00
      92190   3841.188    875.000     3.8208   3.269522     3.8206   3.270898      95.75     0.0146     2.6664     2.3780  1.9829806  1.1025641   48.44270  -46.66224    34.8925    34.9091     3.7560     3.7558    27.7260    27.7392    6.15004    6.28250         16 0.0000e+00
      92204   3841.801    874.000     3.8210   3.269490     3.8204   3.270842      95.29     0.0166     2.6665     2.3785  1.9829074  1.1025641   48.44270  -46.66224    34.8925    34.9091     3.7563     3.7557    27.7259    27.7392    6.15178    6.28344         14 0.0000e+00
      92219   3842.417    873.000     3.8211   3.269447     3.8205   3.270806      84.14     0.0170     2.6675     2.3787  1.9829060  1.1025641   48.44270  -46.66224    34.8924    34.9091     3.7565     3.7559    27.7258    27.7392    6.15932    6.28185         16 0.0000e+00
      92236   3843.121    872.000     3.8212   3.269423     3.8208   3.270797      93.35     0.0148     2.6685     2.3788  1.9806156  1.1025641   48.44270  -46.66224    34.8925    34.9091     3.7567     3.7563    27.7259    27.7392    6.15242    6.27577         18 0.0000e+00
      92257   3844.015    871.000     3.8212   3.269388     3.8212   3.270784      95.71     0.0132     2.6682     2.3785  1.9811771  1.1025641   48.44270  -46.66224    34.8926    34.9092     3.7568     3.7567    27.7260    27.7392    6.13699    6.27084         25 0.0000e+00
      92285   3845.165    870.000     3.8211   3.269344     3.8215   3.270755      95.80     0.0127     2.6682     2.3785  1.9824406  1.1026062   48.44270  -46.66224    34.8927    34.9090     3.7567     3.7572    27.7260    27.7390    6.14451    6.27818         29 0.0000e+00
      92314   3846.354    869.000     3.8215   3.269325     3.8216   3.270731      95.81     0.0130     2.6683     2.3793  1.9827762  1.1026094   48.44270  -46.66224    34.8925    34.9091     3.7573     3.7574    27.7258    27.7390    6.14390    6.28594         27 0.0000e+00
      92337   3847.326    868.000     3.8219   3.269313     3.8212   3.270647      95.82     0.0113     2.6691     2.3801  1.9810508  1.1028111   48.44270  -46.66224    34.8925    34.9091     3.7577     3.7570    27.7258    27.7391    6.15497    6.28877         20 0.0000e+00
      92355   3848.099    867.000     3.8220   3.269273     3.8215   3.270631      95.81     0.0106     2.6698     2.3805  1.9811110  1.1027057   48.44270  -46.66224    34.8925    34.9090     3.7579     3.7574    27.7258    27.7390    6.15225    6.28279         17 0.0000e+00
      92372   3848.776    866.000     3.8218   3.269219     3.8212   3.270555      95.84     0.0141     2.6702     2.3807  1.9816121  1.1031778   48.44270  -46.66224    34.8925    34.9090     3.7578     3.7571    27.7258    27.7390    6.14576    6.28228         16 0.0000e+00
      92388   3849.466    865.000     3.8215   3.269143     3.8209   3.270489      95.82     0.0112     2.6698     2.3809  1.9816835  1.1033078   48.44270  -46.66224    34.8925    34.9091     3.7575     3.7569    27.7258    27.7391    6.14822    6.28920         18 0.0000e+00
      92409   3850.335    864.000     3.8213   3.269093     3.8210   3.270459      95.80     0.0098     2.6707     2.3819  1.9821236  1.1034467   48.44270  -46.66222    34.8926    34.9091     3.7575     3.7571    27.7259    27.7391    6.15540    6.29325         26 0.0000e+00
      92457   3852.327    863.000     3.8212   3.269043     3.8209   3.270403      95.83     0.0133     2.6725     2.3829  1.9827709  1.1026417   48.44268  -46.66222    34.8926    34.9090     3.7574     3.7571    27.7259    27.7390    6.16470    6.28647         51 0.0000e+00
      92483   3853.435    862.000     3.8222   3.269052     3.8215   3.270393      95.85     0.0142     2.6740     2.3833  1.9807924  1.1027246   48.44268  -46.66222    34.8922    34.9088     3.7585     3.7578    27.7255    27.7388    6.16653    6.29154         15 0.0000e+00
      92496   3853.964    861.000     3.8233   3.269113     3.8233   3.270503      95.82     0.0115     2.6744     2.3837  1.9811238  1.1026573   48.44268  -46.66222    34.8923    34.9088     3.7597     3.7596    27.7254    27.7386    6.16188    6.28923         13 0.0000e+00
      92508   3854.443    860.000     3.8250   3.269212     3.8249   3.270582      95.71     0.0099     2.6747     2.3838  1.9810220  1.1026746   48.44268  -46.66222    34.8922    34.9086     3.7614     3.7613    27.7252    27.7382    6.16256    6.28404         11 0.0000e+00
      92518   3854.891    859.000     3.8257   3.269220     3.8255   3.270573      95.84     0.0103     2.6751     2.3838  1.9809530  1.1025652   48.44268  -46.66222    34.8920    34.9083     3.7622     3.7620    27.7249    27.7379    6.16196    6.28756         10 0.0000e+00
      92529   3855.348    858.000     3.8261   3.269189     3.8257   3.270535      95.85     0.0122     2.6753     2.3838  1.9804705  1.1025641   48.44268  -46.66222    34.8917    34.9081     3.7627     3.7623    27.7246    27.7378    6.16360    6.29078         12 0.0000e+00
      92542   3855.878    857.000     3.8262   3.269146     3.8256   3.270493      95.82     0.0134     2.6758     2.3846  1.9808012  1.1025641   48.44268  -46.66222    34.8917    34.9083     3.7628     3.7623    27.7246    27.7379    6.16267    6.29540         14 0.0000e+00
      92562   3856.710    856.000     3.8259   3.269098     3.8252   3.270414      95.77     0.0156     2.6762     2.3851  1.9804666  1.1028535   48.44268  -46.66221    34.8919    34.9083     3.7627     3.7620    27.7248    27.7379    6.15685    6.28951         30 0.0000e+00
      92614   3858.883    855.000     3.8256   3.269003     3.8248   3.270348      95.86     0.0172     2.6771     2.3852  1.9794713  1.1029503   48.44267  -46.66220    34.8916    34.9084     3.7625     3.7617    27.7246    27.7380    6.16724    6.28402         49 0.0000e+00
      92637   3859.822    854.000     3.8259   3.268967     3.8250   3.270307      95.86     0.0121     2.6782     2.3857  1.9792464  1.1029946   48.44266  -46.66220    34.8914    34.9083     3.7628     3.7619    27.7245    27.7379    6.16453    6.28973         17 0.0000e+00
      92653   3860.510    853.000     3.8260   3.268957     3.8254   3.270291      95.86     0.0118     2.6778     2.3858  1.9792429  1.1029707   48.44266  -46.66220    34.8917    34.9082     3.7630     3.7624    27.7246    27.7378    6.15981    6.28438         15 0.0000e+00
      92668   3861.143    852.000     3.8264   3.268951     3.8261   3.270325      95.86     0.0144     2.6790     2.3859  1.9793267  1.1025523   48.44266  -46.66220    34.8917    34.9083     3.7635     3.7632    27.7246    27.7378    6.15816    6.28229         15 0.0000e+00
      92684   3861.793    851.000     3.8268   3.268950     3.8262   3.270296      95.84     0.0144     2.6778     2.3857  1.9792428  1.1025641   48.44266  -46.66219    34.8918    34.9084     3.7640     3.7634    27.7246    27.7379    6.15482    6.28673         17 0.0000e+00
      92703   3862.573    850.000     3.8268   3.268915     3.8261   3.270245      53.43     0.0142     2.6785     2.3864  1.9792429  1.1029379   48.44266  -46.66218    34.8919    34.9084     3.7640     3.7677    27.7247    27.7379    6.15670    6.28903         22 0.0000e+00
      92731   3863.741    849.000     3.8268   3.268869     3.8262   3.270210      52.92     0.0127     2.6783     2.3868  1.9792429  1.1037637   48.44266  -46.66218    34.8919    34.9084     3.7641     3.7636    27.7247    27.7379    6.15532    6.29312         34 0.0000e+00
      92764   3865.114    848.000     3.8268   3.268821     3.8261   3.270145      96.23     0.0161     2.6785     2.3878  1.9792907  1.1037852   48.44264  -46.66218    34.8918    34.9083     3.7642     3.7634    27.7245    27.7378    6.15410    6.29393         27 0.0000e+00
      92786   3866.062    847.000     3.8272   3.268803     3.8269   3.270169      95.77     0.0175     2.6787     2.3882  1.9792420  1.1037852   48.44264  -46.66216    34.8917    34.9082     3.7646     3.7643    27.7245    27.7377    6.15643    6.28933         21 0.0000e+00
      92805   3866.844    846.000     3.8276   3.268812     3.8276   3.270215      90.08     0.0186     2.6787     2.3883  1.9792429  1.1037852   48.44264  -46.66216    34.8918    34.9085     3.7652     3.7652    27.7245    27.7378    6.15836    6.28982         18 0.0000e+00
      92822   3867.556    845.000     3.8279   3.268794     3.8276   3.270172      90.60     0.0175     2.6793     2.3884  1.9792429  1.1037852   48.44264  -46.66216    34.8919    34.9085     3.7655     3.7652    27.7246    27.7378    6.15769    6.29500         16 0.0000e+00
      92839   3868.237    844.000     3.8279   3.268752     3.8274   3.270108      95.83     0.0143     2.6792     2.3894  1.9793202  1.1037852   48.44264  -46.66216    34.8919    34.9086     3.7656     3.7650    27.7245    27.7378    6.14971    6.29802         16 0.0000e+00
      92855   3868.910    843.000     3.8279   3.268718     3.8275   3.270073      95.82     0.0112     2.6790     2.3895  1.9793859  1.1037852   48.44264  -46.66216    34.8920    34.9086     3.7657     3.7652    27.7246    27.7378    6.14923    6.29033         17 0.0000e+00
      92872   3869.604    842.000     3.8279   3.268678     3.8277   3.270042      95.86     0.0146     2.6788     2.3895  1.9794563  1.1038549   48.44264  -46.66216    34.8920    34.9085     3.7658     3.7655    27.7246    27.7378    6.14856    6.28703         17 0.0000e+00
      92890   3870.379    841.000     3.8280   3.268650     3.8278   3.270019      95.86     0.0148     2.6789     2.3895  1.9793073  1.1037867   48.44264  -46.66216    34.8922    34.9086     3.7659     3.7657    27.7247    27.7378    6.15796    6.29046         20 0.0000e+00
      92913   3871.332    840.000     3.8281   3.268615     3.8279   3.269988      95.86     0.0118     2.6802     2.3902  1.9792444  1.1037852   48.44262  -46.66214    34.8921    34.9086     3.7662     3.7659    27.7246    27.7378    6.16561    6.29750         26 0.0000e+00
      92941   3872.511    839.000     3.8280   3.268558     3.8279   3.269934      94.41     0.0134     2.6812     2.3910  1.9792005  1.1039126   48.44262  -46.66214    34.8920    34.9085     3.7661     3.7660    27.7246    27.7377    6.16573    6.30047         29 0.0000e+00
      92968   3873.613    838.000     3.8282   3.268523     3.8283   3.269921      93.92     0.0137     2.6817     2.3919  1.9792433  1.1042968   48.44262  -46.66213    34.8920    34.9085     3.7664     3.7665    27.7245    27.7376    6.16455    6.30111         24 0.0000e+00
      92990   3874.531    837.000     3.8287   3.268522     3.8284   3.269882      75.18     0.0130     2.6826     2.3925  1.9789342  1.1041498   48.44262  -46.66212    34.8919    34.9084     3.7670     3.7667    27.7244    27.7375    6.17126    6.29851         20 0.0000e+00
      93009   3875.333    836.000     3.8288   3.268489     3.8286   3.269854      69.93     0.0108     2.6836     2.3928  1.9779985  1.1045411   48.44262  -46.66212    34.8919    34.9084     3.7672     3.7669    27.7244    27.7375    6.16954    6.29992         18 0.0000e+00
      93026   3876.048    835.000     3.8292   3.268462     3.8290   3.269846      94.55     0.0109     2.6838     2.3932  1.9780943  1.1047204   48.44260  -46.66212    34.8918    34.9083     3.7676     3.7674    27.7242    27.7374    6.16003    6.29763         17 0.0000e+00
      93042   3876.705    834.000     3.8295   3.268445     3.8295   3.269834      95.83     0.0119     2.6838     2.3932  1.9780223  1.1043565   48.44260  -46.66212    34.8918    34.9082     3.7680     3.7680    27.7242    27.7373    6.15586    6.29431         15 0.0000e+00
      93057   3877.329    833.000     3.8299   3.268435     3.8302   3.269833      94.85     0.0112     2.6834     2.3935  1.9780220  1.1041126   48.44260  -46.66212    34.8917    34.9080     3.7685     3.7687    27.7241    27.7371    6.15939    6.29736         15 0.0000e+00
      93072   3877.950    832.000     3.8306   3.268438     3.8307   3.269837      94.02     0.0105     2.6840     2.3937  1.9780220  1.1040305   48.44260  -46.66212    34.8916    34.9081     3.7692     3.7693    27.7239    27.7370    6.16517    6.30163         15 0.0000e+00
      93088   3878.632    831.000     3.8309   3.268422     3.8312   3.269826      94.63     0.0107     2.6841     2.3943  1.9781549  1.1040559   48.44260  -46.66211    34.8916    34.9079     3.7696     3.7699    27.7239    27.7368    6.17353    6.30626         18 0.0000e+00
      93111   3879.574    830.000     3.8314   3.268424     3.8316   3.269806      95.26     0.0085     2.6859     2.3952  1.9783340  1.1038425   48.44260  -46.66210    34.8915    34.9077     3.7702     3.7704    27.7237    27.7366    6.17330    6.30802         30 0.0000e+00
      93155   3881.397    829.000     3.8309   3.268336     3.8310   3.269716      94.97     0.0074     2.6866     2.3964  1.9791030  1.1046616   48.44258  -46.66210    34.8916    34.9078     3.7698     3.7699    27.7238    27.7367    6.16929    6.30579         46 0.0000e+00
      93185   3882.683    828.000     3.8308   3.268267     3.8311   3.269666      26.17     0.0112     2.6878     2.3970  1.9779388  1.1049602   48.44258  -46.66208    34.8914    34.9076     3.7698     3.7701    27.7237    27.7366    6.18442    6.30383         22 0.0000e+00
