data/CTD/2013/CNV/U021A009.CNV
* Sea-Bird SBE 9 Data File:
* FileName = C:\CTD_ACQUISITION\2013021HUD\ctddata\021A009.hdr
* Software Version Seasave V 7.22.2
* Temperature SN = 5081
* Conductivity SN = 3561
* Number of Bytes Per Scan = 37
* Number of Voltage Words = 4
* Number of Scans Averaged by the Deck Unit = 1
* NMEA Latitude = 47 00.01 N
* NMEA Longitude = 047 29.87 W
* NMEA UTC (Time) = Jul 01 2013 18:20:11
* NMEA baud rate = 9600
** Ship: Hudson
** Cruise: HUD2013021
** Chief_Scientist: Greenan
** Organization: BIO
** Area_of_Operation: Sackville Spur
** Station: 9
** Sounding:  220
** Event_Comments: FC14
# nquan = 25
# nvalues = 209                         
# units = specified
# name 0 = scan: Scan Count
# name 1 = timeS: Time, Elapsed [seconds]
# name 2 = prDM: Pressure, Digiquartz [db]
# name 3 = t068C: Temperature [ITS-68, deg C]
# name 4 = c0S/m: Conductivity [S/m]
# name 5 = t168C: Temperature, 2 [ITS-68, deg C]
# name 6 = c1S/m: Conductivity, 2 [S/m]
# name 7 = altM: Altimeter [m]
# name 8 = flCUVA: Fluorescence, Chelsea UV Aquatracka [ug/l]
# name 9 = sbeox0V: Oxygen raw, SBE 43 [V]
# name 10 = sbeox1V: Oxygen raw, SBE 43, 2 [V]
# name 11 = upoly0: Upoly 0, Optode 4330F - O2 D-Phase
# name 12 = upoly1: Upoly 1, Optode 4330F - O2 Temp
# name 13 = latitude: Latitude [deg]
# name 14 = longitude: Longitude [deg]
# name 15 = sal00: Salinity, Practical [PSU]
# name 16 = sal11: Salinity, Practical, 2 [PSU]
# name 17 = potemp068C: Potential Temperature [ITS-68, deg C]
# name 18 = potemp168C: Potential Temperature, 2 [ITS-68, deg C]
# name 19 = sigma-é00: Density [sigma-theta, Kg/m^3]
# name 20 = sigma-é11: Density, 2 [sigma-theta, Kg/m^3]
# name 21 = sbeox0ML/L: Oxygen, SBE 43 [ml/l], WS = 2
# name 22 = sbeox1ML/L: Oxygen, SBE 43, 2 [ml/l], WS = 2
# name 23 = nbin: number of scans per bin
# name 24 = flag: flag
# span 0 =      16353,      23834       
# span 1 =    681.351,    993.028       
# span 2 =      1.000,    209.000       
# span 3 =    -0.3569,     6.5222       
# span 4 =   2.757073,   3.244657       
# span 5 =    -0.8618,     6.5264       
# span 6 =   2.681263,   3.244801       
# span 7 =       3.38,      97.69       
# span 8 =     0.0163,     0.2504       
# span 9 =     2.3735,     3.2690       
# span 10 =     2.2857,     3.0950      
# span 11 =  1.7175754,  2.1565327      
# span 12 =  0.5368128,  1.4393973      
# span 13 =   46.99999,   47.00066      
# span 14 =  -47.49564,  -47.49436      
# span 15 =    32.2426,    33.9253      
# span 16 =    32.3322,    33.9503      
# span 17 =    -0.3579,     6.5221      
# span 18 =    -0.8630,     6.5259      
# span 19 =    25.3514,    27.1838      
# span 20 =    25.3798,    27.1617      
# span 21 =    5.12926,    9.01560      
# span 22 =    5.83852,    9.06452      
# span 23 =         11,       1124      
# span 24 = 0.0000e+00, 0.0000e+00      
# interval = decibars: 1                
# start_time = Jul 01 2013 18:20:11 [NMEA time, header]
# bad_flag = -9.990e-29
*END*
[from data line 174]
      21711    904.580     35.000    -0.3551   2.758230     0.2808   2.768019      72.44     0.0590     2.5870     2.9030  1.9278805  0.5715924   47.00030  -47.49474    33.4387    32.8779    -0.3562     0.2796    26.8624    26.3795    6.07489    8.17224         24 0.0000e+00
      21732    905.443     34.000    -0.3569   2.757803     0.4044   2.777883      96.84     0.0583     2.5907     2.9109  1.9270047  0.5738186   47.00030  -47.49474    33.4356    32.8753    -0.3579     0.4032    26.8600    26.3709    6.08533    8.16773         18 0.0000e+00
      21748    906.125     33.000    -0.3561   2.757562     0.5439   2.789370      96.67     0.0637     2.5929     2.9160  1.9217720  0.5908915   47.00030  -47.49472    33.4320    32.8766    -0.3571     0.5427    26.8571    26.3646    6.08986    8.14104         15 0.0000e+00
      21762    906.724     32.000    -0.3547   2.757382     0.6489   2.797603      96.41     0.0650     2.5957     2.9205  1.9218552  0.5907045   47.00030  -47.49472    33.4287    32.8723    -0.3556     0.6477    26.8543    26.3553    6.09744    8.15193         14 0.0000e+00
      21777    907.319     31.000    -0.3522   2.757214     0.7245   2.803583      96.34     0.0698     2.5979     2.9270  1.9216969  0.5907200   47.00030  -47.49472    33.4244    32.8700    -0.3532     0.7233    26.8507    26.3491    6.11229    8.18460         15 0.0000e+00
      21792    907.974     30.000    -0.3497   2.757099     0.8420   2.812946      96.48     0.0779     2.6012     2.9352  1.9085981  0.6107633   47.00030  -47.49471    33.4206    32.8667    -0.3506     0.8408    26.8476    26.3397    6.12099    8.19718         17 0.0000e+00
      21812    908.784     29.000    -0.3448   2.757073     0.8879   2.816550      96.54     0.0813     2.6043     2.9451  1.9067521  0.6140730   47.00029  -47.49470    33.4154    32.8651    -0.3456     0.8868    26.8432    26.3357    6.12569    8.23405         22 0.0000e+00
      21837    909.837     28.000    -0.3367   2.757156     0.9340   2.819385      96.60     0.0849     2.6095     2.9618  1.9015788  0.6346742   47.00028  -47.49470    33.4083    32.8534    -0.3375     0.9328    26.8371    26.3235    6.14688    8.38705         27 0.0000e+00
      21863    910.908     27.000    -0.3251   2.757452     1.0253   2.824915      96.35     0.0986     2.6139     2.9926  1.8986229  0.6485105   47.00028  -47.49470    33.4001    32.8285    -0.3259     1.0242    26.8299    26.2980    6.14883    8.80990         24 0.0000e+00
      21884    911.791     26.000    -0.3130   2.757845     1.1860   2.836165      96.32     0.0992     2.6179     3.0452  1.8960890  0.6584948   47.00028  -47.49470    33.3926    32.8037    -0.3137     1.1849    26.8233    26.2681    6.15912    9.06452         19 0.0000e+00
      21902    912.559     25.000    -0.3015   2.758261     1.2331   2.838366      96.32     0.0980     2.6208     3.0816  1.8944596  0.6656801   47.00027  -47.49470    33.3862    32.7829    -0.3023     1.2320    26.8176    26.2484    6.16938    8.86266         18 0.0000e+00
      21920    913.289     24.000    -0.2905   2.758750     1.2537   2.838806      96.29     0.0964     2.6240     3.0950  1.8941331  0.6657329   47.00026  -47.49468    33.3812    32.7674    -0.2912     1.2527    26.8131    26.2346    6.17644    8.56323         17 0.0000e+00
      21938    914.054     23.000    -0.2749   2.759530     1.4202   2.850127      96.28     0.1028     2.6275     3.0930  1.8760775  0.6877387   47.00026  -47.49468    33.3751    32.7375    -0.2756     1.4192    26.8074    26.1998    6.19029    8.34673         20 0.0000e+00
      21959    914.920     22.000    -0.2537   2.760411     1.5408   2.858824      70.17     0.1155     2.6325     3.0879  1.8743238  0.6900458   47.00026  -47.49468    33.3642    32.7223    -0.2544     1.5398    26.7977    26.1795    6.27197    8.28480         22 0.0000e+00
      21982    915.887     21.000    -0.2290   2.761436     1.6739   2.867178      95.97     0.1273     2.6458     3.0838  1.8690482  0.7045286   47.00026  -47.49467    33.3514    32.6896    -0.2296     1.6729    26.7862    26.1442    6.39586    8.27029         24 0.0000e+00
      22007    916.910     20.000    -0.2047   2.762705     2.1116   2.899102      96.24     0.1510     2.6644     3.0805  1.8668820  0.7119427   47.00025  -47.49466    33.3423    32.6367    -0.2054     2.1106    26.7778    26.0703    6.47627    8.10753         24 0.0000e+00
      22030    917.861     19.000    -0.1792   2.764122     3.1129   2.980223      96.25     0.2033     2.6798     3.0693  1.8653544  0.7294431   47.00024  -47.49466    33.3338    32.6094    -0.1798     3.1118    26.7697    25.9664    6.45203    7.78722         21 0.0000e+00
      22050    918.706     18.000    -0.1526   2.765441     4.2643   3.073876      96.13     0.2327     2.6889     3.0568  1.8645868  0.7390333   47.00024  -47.49465    33.3228    32.5734    -0.1532     4.2631    26.7596    25.8298    6.37881    7.52278         21 0.0000e+00
      22072    919.619     17.000    -0.1250   2.767217     4.6146   3.101165      95.70     0.2504     2.6909     3.0444  1.8400995  0.7574524   47.00024  -47.49464    33.3169    32.5467    -0.1256     4.6134    26.7535    25.7724    6.33594    7.45297         24 0.0000e+00
      22106    921.057     16.000    -0.0105   2.773645     4.8726   3.119791      96.05     0.2247     2.7119     3.0320  1.8079406  0.8043887   47.00023  -47.49464    33.2777    32.5096    -0.0110     4.8715    26.7164    25.7153    6.75037    7.41313         47 0.0000e+00
      22150    922.861     15.000     0.1199   2.779892     5.4285   3.160315      52.86     0.1915     2.8009     3.0214  1.8033805  0.9075778   47.00022  -47.49463    33.2190    32.4333     0.1194     5.4273    26.6627    25.5928    7.56515    7.31561         31 0.0000e+00
      22173    923.847     14.000     0.1134   2.781168     5.6774   3.178854      96.53     0.1537     2.8763     3.0171  1.7908756  0.9770529   47.00022  -47.49462    33.2434    32.4036     0.1130     5.6764    26.6827    25.5404    8.06938    7.26778         21 0.0000e+00
      22193    924.661     13.000     0.1413   2.783854     5.7801   3.186611      95.91     0.1284     2.9616     3.0145  1.7839291  1.0207227   47.00021  -47.49462    33.2491    32.3929     0.1409     5.7790    26.6859    25.5197    8.67573    7.23135         19 0.0000e+00
      22212    925.462     12.000     0.1918   2.787189     5.8271   3.190270      95.54     0.1120     3.0619     3.0094  1.7757516  1.0335571   47.00020  -47.49462    33.2374    32.3894     0.1914     5.8261    26.6739    25.5114    9.01560    7.21658         20 0.0000e+00
      22233    926.313     11.000     0.2841   2.792837     5.8647   3.193018      95.77     0.1045     3.1575     3.0084  1.7492212  1.0784726   47.00020  -47.49460    33.2135    32.3847     0.2837     5.8639    26.6498    25.5031    9.00472    7.23571         23 0.0000e+00
      22522    938.359     10.000     3.7550   3.038147     6.2599   3.223267      86.12     0.0925     3.2614     3.0025  1.7426075  1.2509892   47.00016  -47.49456    32.7080    32.3458     3.7072     6.2591    25.9534    25.4240    7.32781    7.14706         92 0.0000e+00
      22739    947.420      9.000     6.1641   3.207172     6.4962   3.242331      95.76     0.0721     3.2133     3.0003  1.7348409  1.3281369   47.00012  -47.49450    32.2582    32.3333     6.1635     6.4954    25.3672    25.3845    6.67248    7.11421         29 0.0000e+00
      22767    948.581      8.000     6.1724   3.206938     6.5192   3.244232      95.67     0.0693     3.2002     3.0002  1.7299963  1.3433869   47.00011  -47.49450    32.2483    32.3330     6.1718     6.5185    25.3579    25.3813    6.54343    7.10816         28 0.0000e+00
      22794    949.727      7.000     6.1893   3.207829     6.5255   3.244744      95.59     0.0673     3.1988     3.0001  1.7282760  1.3561977   47.00010  -47.49450    32.2426    32.3332     6.1888     6.5249    25.3514    25.3806    6.71638    7.10537         27 0.0000e+00
      22818    950.720      6.000     6.1983   3.209335     6.5264   3.244801      95.52     0.0635     3.2160     3.0000  1.7265477  1.3692527   47.00010  -47.49450    32.2514    32.3334     6.1978     6.5259    25.3572    25.3807    6.85051    7.09466         23 0.0000e+00
      22856    952.290      5.000     6.2305   3.217657     6.5240   3.244542      60.21     0.0627     3.2441     2.9983  1.7273639  1.3738794   47.00010  -47.49448    32.3139    32.3333     6.2301     6.5236    25.4025    25.3809    6.84795    7.09999         54 0.0000e+00
      22898    954.028      4.000     6.2024   3.215440     6.5256   3.244537      68.86     0.0635     3.2575     3.0000  1.7282373  1.3873572   47.00008  -47.49448    32.3164    32.3322     6.2021     6.5253    25.4079    25.3798    6.80960    7.11092         21 0.0000e+00
      22917    954.820      3.000     6.2227   3.215049     6.5209   3.244143      10.44     0.0611     3.2609     3.0000  1.7284341  1.3904783   47.00008  -47.49448    32.2932    32.3330     6.2225     6.5207    25.3871    25.3811    6.81415    7.10418         25 0.0000e+00
      23834    993.028      2.000     6.5222   3.244658     6.4955   3.242284       3.38     0.0683     3.2690     2.9976  1.7175754  1.4393972   46.99999  -47.49436    32.3379    32.3368     6.5221     6.4953    25.3848    25.3872    6.65876    7.03224        141 0.0000e+00
      23810    992.050      1.000     6.4812   3.239739     6.4803   3.241034       3.71     0.0624     3.2135     2.9267  1.7189443  1.4346768   47.00000  -47.49437    32.3227    32.3379     6.4811     6.4802    25.3780    25.3900    6.42793    6.57983         64 0.0000e+00
