data/CTD/2013/CNV/U021A012.CNV
* Sea-Bird SBE 9 Data File:
* FileName = C:\CTD_ACQUISITION\2013021HUD\ctddata\021A012.hdr
* Software Version Seasave V 7.22.2
* Temperature SN = 5081
* Conductivity SN = 3561
* Number of Bytes Per Scan = 37
* Number of Voltage Words = 4
* Number of Scans Averaged by the Deck Unit = 1
* NMEA Latitude = 46 59.96 N
* NMEA Longitude = 047 14.97 W
* NMEA UTC (Time) = Jul 01 2013 20:26:26
* NMEA baud rate = 9600
** Ship: Hudson
** Cruise: HUD2013021
** Chief_Scientist: Greenan
** Organization: BIO
** Area_of_Operation: Sackville Spur
** Station: 12
** Sounding:  552
** Event_Comments: FC15  393111
# nquan = 25
# nvalues = 552                         
# units = specified
# name 0 = scan: Scan Count
# name 1 = timeS: Time, Elapsed [seconds]
# name 2 = prDM: Pressure, Digiquartz [db]
# name 3 = t068C: Temperature [ITS-68, deg C]
# name 4 = c0S/m: Conductivity [S/m]
# name 5 = t168C: Temperature, 2 [ITS-68, deg C]
# name 6 = c1S/m: Conductivity, 2 [S/m]
# name 7 = altM: Altimeter [m]
# name 8 = flCUVA: Fluorescence, Chelsea UV Aquatracka [ug/l]
# name 9 = sbeox0V: Oxygen raw, SBE 43 [V]
# name 10 = sbeox1V: Oxygen raw, SBE 43, 2 [V]
# name 11 = upoly0: Upoly 0, Optode 4330F - O2 D-Phase
# name 12 = upoly1: Upoly 1, Optode 4330F - O2 Temp
# name 13 = latitude: Latitude [deg]
# name 14 = longitude: Longitude [deg]
# name 15 = sal00: Salinity, Practical [PSU]
# name 16 = sal11: Salinity, Practical, 2 [PSU]
# name 17 = potemp068C: Potential Temperature [ITS-68, deg C]
# name 18 = potemp168C: Potential Temperature, 2 [ITS-68, deg C]
# name 19 = sigma-é00: Density [sigma-theta, Kg/m^3]
# name 20 = sigma-é11: Density, 2 [sigma-theta, Kg/m^3]
# name 21 = sbeox0ML/L: Oxygen, SBE 43 [ml/l], WS = 2
# name 22 = sbeox1ML/L: Oxygen, SBE 43, 2 [ml/l], WS = 2
# name 23 = nbin: number of scans per bin
# name 24 = flag: flag
# span 0 =      31314,      45687       
# span 1 =   1304.704,   1903.604       
# span 2 =      1.000,    552.000       
# span 3 =    -0.7289,     6.3643       
# span 4 =   2.699162,   3.252385       
# span 5 =    -0.7325,     6.3641       
# span 6 =   2.700662,   3.253646       
# span 7 =       3.95,      98.32       
# span 8 =     0.0083,     0.1230       
# span 9 =     2.6510,     3.3680       
# span 10 =     2.3773,     3.0453      
# span 11 =  1.7205366,  2.0817979      
# span 12 =  0.5483370,  1.4162183      
# span 13 =   46.99603,   46.99746      
# span 14 =  -47.24835,  -47.24740      
# span 15 =    32.4127,    34.8061      
# span 16 =    32.4231,    34.8213      
# span 17 =    -0.7304,     6.3643      
# span 18 =    -0.7340,     6.3640      
# span 19 =    25.4637,    27.6497      
# span 20 =    25.4719,    27.6618      
# span 21 =    5.89226,    8.09440      
# span 22 =    6.05541,    8.37416      
# span 23 =         14,        785      
# span 24 = 0.0000e+00, 0.0000e+00      
# interval = decibars: 1                
# start_time = Jul 01 2013 20:26:26 [NMEA time, header]
# bad_flag = -9.990e-29
*END*
[from data line 348]
      39777   1657.332    204.000     2.2104   3.042329     2.2104   3.043576      96.48     0.0192     2.7253     2.4395  2.0143580  0.9204788   46.99666  -47.24780    34.2118    34.2272     2.1992     2.1996    27.3245    27.3367    6.07204    6.21653         31 0.0000e+00
      39803   1658.399    203.000     2.2054   3.041642     2.2044   3.042816      96.65     0.0223     2.7246     2.4384  2.0159075  0.9181411   46.99666  -47.24780    34.2092    34.2248     2.1943     2.1934    27.3227    27.3353    6.07127    6.21029         21 0.0000e+00
      39822   1659.226    202.000     2.1988   3.040745     2.1955   3.041682      96.32     0.0226     2.7240     2.4377  2.0177760  0.9171430   46.99666  -47.24780    34.2056    34.2208     2.1878     2.1845    27.3204    27.3328    6.07281    6.21410         19 0.0000e+00
      39842   1660.027    201.000     2.1894   3.039513     2.1846   3.040209      95.26     0.0220     2.7241     2.4373  2.0201030  0.9157404   46.99666  -47.24780    34.2010    34.2148     2.1784     2.1737    27.3174    27.3289    6.07779    6.21747         20 0.0000e+00
      39863   1660.910    200.000     2.1810   3.038398     2.1790   3.039406      96.10     0.0226     2.7235     2.4370  2.0208578  0.9154873   46.99666  -47.24780    34.1966    34.2114     2.1702     2.1681    27.3146    27.3266    6.06780    6.21967         23 0.0000e+00
      39887   1661.900    199.000     2.1755   3.037605     2.1735   3.038667      96.90     0.0229     2.7226     2.4367  2.0249853  0.9133931   46.99666  -47.24781    34.1933    34.2087     2.1647     2.1627    27.3124    27.3249    6.06726    6.21471         25 0.0000e+00
      39912   1662.950    198.000     2.1694   3.036805     2.1660   3.037644      46.72     0.0271     2.7225     2.4361  2.0252488  0.9127762   46.99666  -47.24782    34.1904    34.2045     2.1587     2.1553    27.3106    27.3221    6.07744    6.21411         25 0.0000e+00
      39937   1664.018    197.000     2.1652   3.036197     2.1629   3.037196      95.84     0.0238     2.7225     2.4356  2.0254993  0.9105908   46.99666  -47.24782    34.1880    34.2028     2.1545     2.1523    27.3089    27.3210    6.07399    6.21680         26 0.0000e+00
      39966   1665.204    196.000     2.1612   3.035669     2.1597   3.036746      96.20     0.0222     2.7225     2.4359  2.0278385  0.9094138   46.99666  -47.24782    34.1862    34.2013     2.1506     2.1491    27.3079    27.3200    6.08138    6.22163         31 0.0000e+00
      39997   1666.490    195.000     2.1569   3.035091     2.1553   3.036154      94.79     0.0246     2.7237     2.4359  2.0305471  0.9075140   46.99666  -47.24782    34.1841    34.1992     2.1464     2.1447    27.3065    27.3187    6.09288    6.22501         30 0.0000e+00
      40023   1667.585    194.000     2.1520   3.034356     2.1478   3.035156      96.28     0.0217     2.7245     2.4370  2.0319984  0.9073671   46.99666  -47.24782    34.1809    34.1954     2.1415     2.1373    27.3043    27.3162    6.09845    6.24228         22 0.0000e+00
      40043   1668.431    193.000     2.1417   3.033027     2.1374   3.033813      96.27     0.0218     2.7263     2.4381  2.0321999  0.9072011   46.99666  -47.24782    34.1759    34.1904     2.1313     2.1270    27.3012    27.3130    6.10363    6.24935         19 0.0000e+00
      40061   1669.155    192.000     2.1311   3.031707     2.1263   3.032462      96.40     0.0230     2.7266     2.4393  2.0332863  0.9069720   46.99666  -47.24784    34.1714    34.1860     2.1208     2.1160    27.2984    27.3104    6.09242    6.24905         16 0.0000e+00
      40077   1669.838    191.000     2.1251   3.030947     2.1222   3.031913      96.35     0.0234     2.7264     2.4399  2.0346282  0.9059762   46.99666  -47.24784    34.1690    34.1842     2.1148     2.1119    27.2969    27.3093    6.09137    6.24527         17 0.0000e+00
      40094   1670.537    190.000     2.1214   3.030496     2.1196   3.031586      96.08     0.0225     2.7266     2.4400  2.0344050  0.9059829   46.99666  -47.24784    34.1678    34.1834     2.1112     2.1094    27.2962    27.3088    6.10407    6.24783         17 0.0000e+00
      40112   1671.289    189.000     2.1187   3.030158     2.1177   3.031315      96.13     0.0207     2.7279     2.4411  2.0364294  0.9041264   46.99666  -47.24784    34.1672    34.1827     2.1085     2.1075    27.2959    27.3084    6.10741    6.26647         19 0.0000e+00
      40132   1672.118    188.000     2.1161   3.029844     2.1153   3.031000      96.26     0.0221     2.7286     2.4436  2.0378385  0.9023361   46.99666  -47.24784    34.1666    34.1818     2.1060     2.1052    27.2957    27.3079    6.12577    6.29514         21 0.0000e+00
      40156   1673.134    187.000     2.1133   3.029456     2.1097   3.030319      96.06     0.0242     2.7324     2.4477  2.0385468  0.9013534   46.99666  -47.24786    34.1653    34.1799     2.1033     2.0997    27.2948    27.3068    6.15706    6.31807         30 0.0000e+00
      40203   1675.086    186.000     2.1043   3.028434     2.1006   3.029202      96.64     0.0241     2.7417     2.4551  2.0404959  0.8993549   46.99666  -47.24786    34.1627    34.1764     2.0944     2.0906    27.2935    27.3047    6.19309    6.32349         61 0.0000e+00
      40248   1676.957    185.000     2.0827   3.025839     2.0739   3.026075      94.08     0.0232     2.7489     2.4586  2.0422754  0.8981654   46.99666  -47.24786    34.1542    34.1666     2.0728     2.0641    27.2883    27.2990    6.19713    6.31684         25 0.0000e+00
      40267   1677.757    184.000     2.0631   3.023447     2.0464   3.022712      96.82     0.0204     2.7510     2.4596  2.0421603  0.8949668   46.99666  -47.24787    34.1459    34.1547     2.0533     2.0367    27.2833    27.2916    6.19174    6.33005         17 0.0000e+00
      40283   1678.399    183.000     2.0404   3.020629     2.0342   3.021176      96.82     0.0211     2.7518     2.4610  2.0418615  0.8949939   46.99666  -47.24788    34.1357    34.1492     2.0308     2.0246    27.2768    27.2881    6.19037    6.33726         14 0.0000e+00
      40297   1679.005    182.000     2.0323   3.019582     2.0296   3.020524      96.73     0.0203     2.7529     2.4620  2.0421677  0.8950760   46.99666  -47.24788    34.1319    34.1466     2.0227     2.0199    27.2744    27.2864    6.18708    6.32843         15 0.0000e+00
      40313   1679.648    181.000     2.0284   3.019021     2.0267   3.020122      81.37     0.0204     2.7527     2.4620  2.0422304  0.8961831   46.99666  -47.24788    34.1297    34.1452     2.0188     2.0172    27.2730    27.2855    6.18998    6.31674         17 0.0000e+00
      40332   1680.462    180.000     2.0244   3.018523     2.0232   3.019602      75.34     0.0219     2.7537     2.4618  2.0422056  0.8962149   46.99666  -47.24788    34.1283    34.1431     2.0149     2.0137    27.2721    27.2841    6.18389    6.31526         23 0.0000e+00
      40359   1681.600    179.000     2.0171   3.017526     2.0150   3.018481      96.31     0.0223     2.7536     2.4616  2.0421841  0.8906679   46.99665  -47.24790    34.1243    34.1385     2.0076     2.0056    27.2695    27.2810    6.17605    6.30565         31 0.0000e+00
      40391   1682.912    178.000     2.0040   3.015851     1.9929   3.015677      93.90     0.0223     2.7518     2.4599  2.0419590  0.8882911   46.99664  -47.24790    34.1180    34.1277     1.9946     1.9835    27.2654    27.2741    6.15618    6.29078         30 0.0000e+00
      40419   1684.072    177.000     1.9898   3.013860     1.9698   3.012608      96.68     0.0203     2.7501     2.4574  2.0420110  0.8876739   46.99664  -47.24790    34.1088    34.1147     1.9806     1.9605    27.2592    27.2655    6.13894    6.27520         27 0.0000e+00
      40447   1685.239    176.000     1.9729   3.011577     1.9619   3.011540      93.71     0.0178     2.7461     2.4543  2.0413935  0.8870838   46.99664  -47.24790    34.0992    34.1104     1.9637     1.9527    27.2528    27.2626    6.13190    6.25820         29 0.0000e+00
      40477   1686.507    175.000     1.9560   3.009593     1.9477   3.009853      96.73     0.0220     2.7426     2.4498  2.0402679  0.8864324   46.99664  -47.24791    34.0929    34.1051     1.9469     1.9386    27.2491    27.2594    6.11047    6.23653         30 0.0000e+00
      40504   1687.623    174.000     1.9417   3.007739     1.9266   3.007255      54.89     0.0244     2.7388     2.4459  2.0423276  0.8854021   46.99664  -47.24792    34.0856    34.0958     1.9327     1.9176    27.2443    27.2537    6.10726    6.23306         23 0.0000e+00
      40524   1688.474    173.000     1.9273   3.005924     1.9176   3.006101      69.41     0.0275     2.7357     2.4432  2.0426130  0.8852220   46.99664  -47.24792    34.0790    34.0916     1.9183     1.9086    27.2401    27.2510    6.09380    6.22087         19 0.0000e+00
      40542   1689.188    172.000     1.9179   3.004799     1.9129   3.005480      96.49     0.0269     2.7329     2.4402  2.0414364  0.8839271   46.99664  -47.24792    34.0755    34.0895     1.9090     1.9040    27.2380    27.2496    6.08936    6.21120         16 0.0000e+00
      40558   1689.871    171.000     1.9118   3.003985     1.9070   3.004696      96.95     0.0233     2.7310     2.4381  2.0395133  0.8820042   46.99664  -47.24792    34.0725    34.0865     1.9030     1.8982    27.2360    27.2477    6.07730    6.21529         17 0.0000e+00
      40576   1690.624    170.000     1.9007   3.002587     1.8964   3.003295      93.28     0.0227     2.7274     2.4364  2.0396180  0.8818125   46.99664  -47.24793    34.0675    34.0809     1.8919     1.8876    27.2329    27.2440    6.07037    6.22134         20 0.0000e+00
      40603   1691.748    169.000     1.8952   3.001866     1.8837   3.001579      92.49     0.0231     2.7234     2.4341  2.0417306  0.8784031   46.99664  -47.24794    34.0648    34.0736     1.8865     1.8751    27.2312    27.2391    6.05552    6.20792         36 0.0000e+00
      40646   1693.538    168.000     1.8885   3.001010     1.8730   3.000138      96.87     0.0250     2.7156     2.4271  2.0430160  0.8754440   46.99664  -47.24794    34.0619    34.0669     1.8799     1.8644    27.2293    27.2345    6.01653    6.14608         43 0.0000e+00
      40680   1694.967    167.000     1.8748   2.999147     1.8641   2.998997      93.21     0.0301     2.7063     2.4184  2.0431309  0.8732767   46.99664  -47.24794    34.0539    34.0634     1.8662     1.8556    27.2239    27.2324    5.97922    6.11235         28 0.0000e+00
      40705   1695.982    166.000     1.8626   2.997495     1.8510   2.997341      96.96     0.0325     2.7004     2.4125  2.0432348  0.8706208   46.99664  -47.24796    34.0468    34.0573     1.8541     1.8426    27.2192    27.2284    5.96879    6.10076         22 0.0000e+00
      40725   1696.823    165.000     1.8471   2.995497     1.8368   2.995606      96.95     0.0275     2.6956     2.4080  2.0432489  0.8708919   46.99664  -47.24796    34.0389    34.0514     1.8387     1.8284    27.2140    27.2248    5.95542    6.09310         19 0.0000e+00
      40743   1697.587    164.000     1.8325   2.993633     1.8182   2.993305      90.24     0.0253     2.6904     2.4042  2.0450671  0.8715756   46.99664  -47.24796    34.0317    34.0430     1.8242     1.8099    27.2093    27.2195    5.94468    6.08844         18 0.0000e+00
      40761   1698.332    163.000     1.8046   2.990087     1.7823   2.988633      78.70     0.0261     2.6869     2.4007  2.0451751  0.8711963   46.99664  -47.24796    34.0178    34.0235     1.7964     1.7741    27.2002    27.2065    5.93815    6.08644         18 0.0000e+00
      40780   1699.127    162.000     1.7738   2.986146     1.7558   2.985140      76.53     0.0285     2.6816     2.3970  2.0467267  0.8696347   46.99664  -47.24796    34.0019    34.0087     1.7657     1.7477    27.1898    27.1966    5.92982    6.07747         20 0.0000e+00
      40803   1700.098    161.000     1.7574   2.984032     1.7415   2.983263      93.28     0.0283     2.6769     2.3925  2.0493538  0.8669857   46.99664  -47.24797    33.9935    34.0009     1.7493     1.7335    27.1843    27.1914    5.91625    6.06517         27 0.0000e+00
      40833   1701.321    160.000     1.7451   2.982442     1.7261   2.981321      95.50     0.0306     2.6691     2.3873  2.0513415  0.8635966   46.99664  -47.24798    33.9873    33.9937     1.7371     1.7181    27.1802    27.1867    5.90116    6.07117         31 0.0000e+00
      40865   1702.674    159.000     1.7351   2.981138     1.7105   2.979192      96.44     0.0324     2.6635     2.3842  2.0532160  0.8606049   46.99664  -47.24798    33.9822    33.9842     1.7271     1.7025    27.1769    27.1803    5.91046    6.07477         33 0.0000e+00
      40897   1704.019    158.000     1.7235   2.979431     1.6939   2.977042      92.59     0.0301     2.6595     2.3804  2.0563688  0.8570924   46.99663  -47.24798    33.9738    33.9755     1.7156     1.6861    27.1710    27.1745    5.90584    6.05541         31 0.0000e+00
      40925   1705.172    157.000     1.7092   2.977514     1.6791   2.975168      96.97     0.0349     2.6559     2.3774  2.0579832  0.8569348   46.99662  -47.24800    33.9656    33.9684     1.7014     1.6714    27.1654    27.1698    5.89226    6.07097         24 0.0000e+00
      40947   1706.102    156.000     1.6827   2.974356     1.6575   2.972471      64.19     0.0398     2.6529     2.3773  2.0603404  0.8566726   46.99662  -47.24800    33.9549    33.9582     1.6749     1.6498    27.1588    27.1633    5.89982    6.11575         21 0.0000e+00
      40967   1706.929    155.000     1.6601   2.971457     1.6365   2.970046      57.16     0.0352     2.6510     2.3799  2.0607355  0.8565627   46.99662  -47.24800    33.9432    33.9508     1.6524     1.6289    27.1510    27.1588    5.91475    6.16393         19 0.0000e+00
      40987   1707.747    154.000     1.6352   2.968537     1.6186   2.967794      96.37     0.0338     2.6515     2.3841  2.0646994  0.8534325   46.99662  -47.24800    33.9336    33.9422     1.6277     1.6111    27.1452    27.1532    5.95172    6.19961         21 0.0000e+00
      41008   1708.629    153.000     1.6198   2.966606     1.6047   2.965941      96.61     0.0343     2.6536     2.3896  2.0647130  0.8534788   46.99662  -47.24801    33.9264    33.9343     1.6123     1.5972    27.1405    27.1479    6.00391    6.23069         22 0.0000e+00
      41032   1709.639    152.000     1.6095   2.965246     1.5956   2.964836      90.14     0.0314     2.6603     2.3960  2.0683963  0.8483512   46.99662  -47.24802    33.9209    33.9307     1.6021     1.5882    27.1368    27.1457    6.04955    6.24425         26 0.0000e+00
      41059   1710.757    151.000     1.5998   2.964145     1.5739   2.962634      96.69     0.0301     2.6673     2.4021  2.0690012  0.8473022   46.99662  -47.24802    33.9180    33.9268     1.5924     1.5666    27.1352    27.1441    6.07199    6.26679         26 0.0000e+00
      41083   1711.765    150.000     1.5829   2.962279     1.5391   2.958781      96.60     0.0285     2.6749     2.4084  2.0734856  0.8436579   46.99662  -47.24802    33.9131    33.9160     1.5756     1.5319    27.1325    27.1379    6.11600    6.31253         23 0.0000e+00
      41106   1712.707    149.000     1.5639   2.959836     1.5040   2.954935      89.81     0.0306     2.6828     2.4158  2.0733132  0.8437119   46.99662  -47.24803    33.9033    33.9058     1.5567     1.4969    27.1259    27.1321    6.15145    6.35724         23 0.0000e+00
      41132   1713.788    148.000     1.5141   2.954654     1.4837   2.952549      96.78     0.0307     2.6927     2.4252  2.0780768  0.8392545   46.99662  -47.24804    33.8918    33.8980     1.5071     1.4766    27.1202    27.1273    6.20722    6.40572         30 0.0000e+00
