data/CTD/2013/CNV/U021A051.CNV
* Sea-Bird SBE 9 Data File:
* FileName = C:\CTD_ACQUISITION\2013021HUD\ctddata\021A051.hdr
* Software Version Seasave V 7.22.2
* Temperature SN = 5081
* Conductivity SN = 3561
* Number of Bytes Per Scan = 37
* Number of Voltage Words = 4
* Number of Scans Averaged by the Deck Unit = 1
* NMEA Latitude = 48 50.70 N
* NMEA Longitude = 045 44.75 W
* NMEA UTC (Time) = Jul 05 2013 02:25:27
* NMEA baud rate = 9600
** Ship: Hudson
** Cruise: HUD2013021
** Chief_Scientist: Greenan
** Organization: BIO
** Area_of_Operation: Sackville Spur
** Station: 51
** Sounding:  2274
** Event_Comments: SS26  393211
# nquan = 25
# nvalues = 2089                        
# units = specified
# name 0 = scan: Scan Count
# name 1 = timeS: Time, Elapsed [seconds]
# name 2 = prDM: Pressure, Digiquartz [db]
# name 3 = t068C: Temperature [ITS-68, deg C]
# name 4 = c0S/m: Conductivity [S/m]
# name 5 = t168C: Temperature, 2 [ITS-68, deg C]
# name 6 = c1S/m: Conductivity, 2 [S/m]
# name 7 = altM: Altimeter [m]
# name 8 = flCUVA: Fluorescence, Chelsea UV Aquatracka [ug/l]
# name 9 = sbeox0V: Oxygen raw, SBE 43 [V]
# name 10 = sbeox1V: Oxygen raw, SBE 43, 2 [V]
# name 11 = upoly0: Upoly 0, Optode 4330F - O2 D-Phase
# name 12 = upoly1: Upoly 1, Optode 4330F - O2 Temp
# name 13 = latitude: Latitude [deg]
# name 14 = longitude: Longitude [deg]
# name 15 = sal00: Salinity, Practical [PSU]
# name 16 = sal11: Salinity, Practical, 2 [PSU]
# name 17 = potemp068C: Potential Temperature [ITS-68, deg C]
# name 18 = potemp168C: Potential Temperature, 2 [ITS-68, deg C]
# name 19 = sigma-é00: Density [sigma-theta, Kg/m^3]
# name 20 = sigma-é11: Density, 2 [sigma-theta, Kg/m^3]
# name 21 = sbeox0ML/L: Oxygen, SBE 43 [ml/l], WS = 2
# name 22 = sbeox1ML/L: Oxygen, SBE 43, 2 [ml/l], WS = 2
# name 23 = nbin: number of scans per bin
# name 24 = flag: flag
# span 0 =      61161,     102835       
# span 1 =   2548.331,   4284.755       
# span 2 =      1.000,   2089.000       
# span 3 =     2.9291,     8.3256       
# span 4 =   3.124168,   3.558060       
# span 5 =     2.9285,     8.3282       
# span 6 =   3.125570,   3.559414       
# span 7 =       4.79,      99.59       
# span 8 =     0.0028,     0.5871       
# span 9 =     2.2696,     3.3437       
# span 10 =     2.0385,     2.9796      
# span 11 =  1.7036577,  2.0916142      
# span 12 =  0.9911046,  1.6332687      
# span 13 =   48.84724,   48.84868      
# span 14 =  -45.74790,  -45.74289      
# span 15 =    33.9214,    34.9220      
# span 16 =    33.9392,    34.9384      
# span 17 =     2.7730,     8.3244      
# span 18 =     2.7721,     8.3269      
# span 19 =    26.4191,    27.8402      
# span 20 =    26.4332,    27.8535      
# span 21 =    5.88117,    7.31738      
# span 22 =    6.03782,    7.52892      
# span 23 =         10,        108      
# span 24 = 0.0000e+00, 0.0000e+00      
# interval = decibars: 1                
# start_time = Jul 05 2013 02:25:27 [NMEA time, header]
# bad_flag = -9.990e-29
*END*
[from data line 116]
      63850   2660.360   1973.000     3.0054   3.245278     3.0072   3.246815      95.34     0.0187     2.2957     2.0579  2.0833173  0.9987790   48.84866  -45.74788    34.9178    34.9344     2.8552     2.8570    27.8329    27.8460    5.92824    6.13999         16 0.0000e+00
      63865   2661.010   1972.000     3.0071   3.245391     3.0071   3.246774      55.45     0.0161     2.2956     2.0581  2.0834835  0.9987790   48.84866  -45.74788    34.9179    34.9344     2.8570     2.8570    27.8328    27.8460    5.92212    6.13774         16 0.0000e+00
      63882   2661.694   1971.000     3.0075   3.245394     3.0072   3.246739      81.70     0.0132     2.2963     2.0582  2.0841625  0.9987790   48.84866  -45.74788    34.9180    34.9344     2.8575     2.8572    27.8328    27.8459    5.92963    6.13850         17 0.0000e+00
      63901   2662.501   1970.000     3.0077   3.245386     3.0088   3.246837      95.58     0.0143     2.2967     2.0583  2.0854387  0.9987790   48.84866  -45.74788    34.9181    34.9344     2.8578     2.8588    27.8329    27.8458    5.92485    6.13460         22 0.0000e+00
      63929   2663.678   1969.000     3.0082   3.245378     3.0096   3.246872      74.37     0.0167     2.2966     2.0584  2.0849602  0.9989150   48.84866  -45.74790    34.9180    34.9344     2.8584     2.8597    27.8327    27.8457    5.92545    6.13293         35 0.0000e+00
      63963   2665.099   1968.000     3.0082   3.245330     3.0099   3.246830      92.13     0.0176     2.2972     2.0585  2.0833757  0.9993252   48.84866  -45.74790    34.9180    34.9341     2.8585     2.8601    27.8327    27.8454    5.92314    6.13470         28 0.0000e+00
      63985   2666.015   1967.000     3.0091   3.245340     3.0117   3.246953      23.20     0.0142     2.2974     2.0587  2.0846531  0.9997499   48.84866  -45.74790    34.9176    34.9342     2.8595     2.8620    27.8323    27.8453    5.93129    6.13690         19 0.0000e+00
      64003   2666.731   1966.000     3.0127   3.245622     3.0136   3.247088      78.86     0.0146     2.2982     2.0589  2.0854728  1.0000008   48.84866  -45.74790    34.9176    34.9343     2.8631     2.8710    27.8320    27.8452    5.92839    6.14186         16 0.0000e+00
      64019   2667.403   1965.000     3.0147   3.245788     3.0147   3.247155      56.49     0.0169     2.2979     2.0592  2.0854702  1.0000000   48.84866  -45.74790    34.9180    34.9344     2.8652     2.8650    27.8321    27.8453    5.92317    6.13954         16 0.0000e+00
      64035   2668.104   1964.000     3.0159   3.245843     3.0155   3.247191      95.79     0.0157     2.2982     2.0595  2.0854702  1.0000678   48.84866  -45.74790    34.9179    34.9344     2.8664     2.8660    27.8319    27.8452    5.92588    6.13853         18 0.0000e+00
      64055   2668.898   1963.000     3.0164   3.245853     3.0160   3.247198      88.61     0.0136     2.2985     2.0597  2.0854135  1.0000584   48.84866  -45.74790    34.9179    34.9345     2.8671     2.8666    27.8318    27.8451    5.92793    6.14041         21 0.0000e+00
      64077   2669.847   1962.000     3.0166   3.245833     3.0165   3.247196      67.80     0.0157     2.2991     2.0602  2.0839045  1.0000005   48.84866  -45.74790    34.9180    34.9345     2.8673     2.8671    27.8319    27.8451    5.93302    6.13869         24 0.0000e+00
      64100   2670.805   1961.000     3.0169   3.245813     3.0167   3.247171      84.70     0.0174     2.2996     2.0604  2.0827804  1.0001179   48.84866  -45.74790    34.9179    34.9344     2.8677     2.8674    27.8318    27.8450    5.92060    6.14033         21 0.0000e+00
      64120   2671.608   1960.000     3.0173   3.245795     3.0173   3.247170      95.24     0.0188     2.2992     2.0606  2.0824156  1.0004767   48.84866  -45.74790    34.9177    34.9343     2.8682     2.8681    27.8316    27.8448    5.92420    6.13164         18 0.0000e+00
      64136   2672.294   1959.000     3.0175   3.245785     3.0180   3.247205      95.36     0.0197     2.2998     2.0604  2.0822132  1.0012242   48.84866  -45.74790    34.9178    34.9344     2.8685     2.8689    27.8317    27.8449    5.92690    6.13165         15 0.0000e+00
      64152   2672.938   1958.000     3.0184   3.245825     3.0181   3.247185      60.38     0.0168     2.2998     2.0607  2.0824938  1.0012211   48.84866  -45.74790    34.9178    34.9345     2.8695     2.8691    27.8316    27.8449    5.91280    6.12982         16 0.0000e+00
      64167   2673.581   1957.000     3.0188   3.245822     3.0183   3.247161      72.13     0.0179     2.2991     2.0605  2.0822961  1.0012211   48.84866  -45.74789    34.9179    34.9345     2.8699     2.8694    27.8316    27.8449    5.92297    6.12667         15 0.0000e+00
      64184   2674.288   1956.000     3.0190   3.245792     3.0184   3.247133      95.57     0.0161     2.3005     2.0605  2.0854535  1.0012211   48.84866  -45.74788    34.9179    34.9345     2.8702     2.8696    27.8316    27.8449    5.94201    6.12883         19 0.0000e+00
      64205   2675.152   1955.000     3.0191   3.245759     3.0184   3.247076      95.73     0.0180     2.3009     2.0605  2.0854702  1.0012211   48.84866  -45.74789    34.9179    34.9344     2.8704     2.8696    27.8315    27.8448    5.92635    6.13071         24 0.0000e+00
      64232   2676.295   1954.000     3.0189   3.245716     3.0182   3.247020      50.77     0.0147     2.3007     2.0609  2.0854702  1.0012211   48.84866  -45.74790    34.9179    34.9344     2.8703     2.8695    27.8316    27.8448    5.92012    6.13982         30 0.0000e+00
      64261   2677.483   1953.000     3.0187   3.245642     3.0179   3.246942      87.23     0.0126     2.3012     2.0615  2.0854204  1.0012211   48.84866  -45.74790    34.9178    34.9343     2.8702     2.8739    27.8315    27.8447    5.92903    6.13548         25 0.0000e+00
      64282   2678.383   1952.000     3.0187   3.245603     3.0183   3.246931      96.03     0.0149     2.3015     2.0616  2.0854707  1.0012211   48.84866  -45.74790    34.9178    34.9342     2.8703     2.8698    27.8315    27.8446    5.93516    6.13412         19 0.0000e+00
      64300   2679.146   1951.000     3.0188   3.245566     3.0182   3.246901      44.79     0.0160     2.3023     2.0619  2.0854702  1.0012211   48.84866  -45.74790    34.9178    34.9344     2.8704     2.8698    27.8315    27.8448    5.93558    6.14453         18 0.0000e+00
      64318   2679.894   1950.000     3.0189   3.245536     3.0184   3.246865      94.33     0.0141     2.3019     2.0625  2.0840499  1.0012211   48.84866  -45.74790    34.9178    34.9343     2.8707     2.8701    27.8314    27.8447    5.92613    6.14119         18 0.0000e+00
      64338   2680.693   1949.000     3.0190   3.245512     3.0185   3.246838      95.77     0.0130     2.3030     2.0626  2.0826478  1.0012211   48.84866  -45.74790    34.9179    34.9343     2.8708     2.8703    27.8315    27.8447    5.93166    6.13213         21 0.0000e+00
      64360   2681.613   1948.000     3.0192   3.245486     3.0188   3.246832      80.89     0.0120     2.3031     2.0625  2.0828130  1.0012211   48.84866  -45.74790    34.9178    34.9344     2.8711     2.8707    27.8314    27.8447    5.92629    6.13168         23 0.0000e+00
      64383   2682.576   1947.000     3.0194   3.245474     3.0193   3.246835      68.39     0.0082     2.3028     2.0629  2.0829186  1.0012211   48.84866  -45.74790    34.9179    34.9344     2.8714     2.8713    27.8315    27.8446    5.91859    6.13833         22 0.0000e+00
      64403   2683.436   1946.000     3.0200   3.245467     3.0206   3.246906      95.98     0.0105     2.3030     2.0631  2.0827022  1.0012211   48.84866  -45.74790    34.9177    34.9343     2.8721     2.8726    27.8312    27.8445    5.92311    6.13639         19 0.0000e+00
      64422   2684.196   1945.000     3.0206   3.245493     3.0224   3.247025      57.82     0.0150     2.3029     2.0632  2.0850878  1.0012211   48.84866  -45.74790    34.9179    34.9344     2.8728     2.8745    27.8313    27.8444    5.92091    6.13460         18 0.0000e+00
      64439   2684.928   1944.000     3.0224   3.245611     3.0236   3.247101      28.55     0.0150     2.3029     2.0635  2.0853310  1.0012881   48.84866  -45.74790    34.9179    34.9344     2.8747     2.8758    27.8311    27.8443    5.92038    6.13429         18 0.0000e+00
      64458   2685.699   1943.000     3.0242   3.245728     3.0243   3.247129      78.52     0.0130     2.3033     2.0635  2.0852146  1.0015393   48.84866  -45.74790    34.9179    34.9345     2.8765     2.8766    27.8310    27.8443    5.92379    6.13606         19 0.0000e+00
      64479   2686.569   1942.000     3.0250   3.245764     3.0249   3.247128      95.44     0.0150     2.3031     2.0641  2.0852571  1.0023751   48.84866  -45.74790    34.9179    34.9344     2.8774     2.8772    27.8310    27.8441    5.92276    6.13760         23 0.0000e+00
      64503   2687.573   1941.000     3.0252   3.245741     3.0250   3.247099      75.58     0.0151     2.3042     2.0641  2.0845497  1.0023448   48.84866  -45.74790    34.9179    34.9344     2.8777     2.8774    27.8309    27.8441    5.94580    6.13859         25 0.0000e+00
      64527   2688.576   1940.000     3.0253   3.245698     3.0253   3.247077      68.05     0.0169     2.3050     2.0647  2.0825007  1.0024433   48.84866  -45.74790    34.9178    34.9343     2.8779     2.8778    27.8308    27.8440    5.92195    6.13881         22 0.0000e+00
      64547   2689.424   1939.000     3.0256   3.245691     3.0258   3.247088      96.16     0.0155     2.3045     2.0650  2.0827730  1.0024420   48.84868  -45.74790    34.9179    34.9344     2.8782     2.8784    27.8308    27.8440    5.92648    6.14070         19 0.0000e+00
      64565   2690.152   1938.000     3.0262   3.245710     3.0261   3.247082      95.95     0.0160     2.3053     2.0653  2.0827224  1.0024420   48.84868  -45.74790    34.9179    34.9344     2.8790     2.8788    27.8308    27.8440    5.93850    6.13883         16 0.0000e+00
      64581   2690.816   1937.000     3.0269   3.245728     3.0268   3.247089      69.78     0.0140     2.3057     2.0655  2.0831831  1.0024420   48.84868  -45.74790    34.9179    34.9343     2.8798     2.8795    27.8307    27.8439    5.92967    6.13385         16 0.0000e+00
      64596   2691.471   1936.000     3.0275   3.245741     3.0274   3.247112      61.21     0.0129     2.3060     2.0654  2.0828791  1.0024420   48.84868  -45.74790    34.9179    34.9344     2.8804     2.8803    27.8306    27.8438    5.92799    6.13221         16 0.0000e+00
      64613   2692.156   1935.000     3.0282   3.245760     3.0280   3.247124      95.36     0.0113     2.3059     2.0656  2.0821774  1.0024420   48.84868  -45.74790    34.9179    34.9344     2.8812     2.8809    27.8305    27.8438    5.92651    6.13489         17 0.0000e+00
      64631   2692.932   1934.000     3.0286   3.245765     3.0286   3.247131      95.82     0.0093     2.3062     2.0658  2.0820522  1.0024420   48.84868  -45.74790    34.9180    34.9344     2.8817     2.8816    27.8306    27.8437    5.92585    6.13495         20 0.0000e+00
      64655   2693.907   1933.000     3.0288   3.245743     3.0289   3.247123      61.42     0.0159     2.3062     2.0660  2.0818992  1.0024420   48.84868  -45.74790    34.9180    34.9344     2.8820     2.8820    27.8306    27.8437    5.92743    6.13133         27 0.0000e+00
      64684   2695.124   1932.000     3.0289   3.245700     3.0289   3.247085      67.31     0.0142     2.3070     2.0659  2.0818057  1.0024420   48.84868  -45.74788    34.9179    34.9344     2.8821     2.8821    27.8305    27.8437    5.92869    6.13473         30 0.0000e+00
      64711   2696.259   1931.000     3.0291   3.245672     3.0295   3.247080      96.03     0.0137     2.3070     2.0667  2.0826426  1.0027554   48.84868  -45.74790    34.9178    34.9342     2.8824     2.8828    27.8304    27.8435    5.92809    6.14332         24 0.0000e+00
      64732   2697.143   1930.000     3.0298   3.245688     3.0297   3.247056      43.71     0.0147     2.3075     2.0669  2.0834956  1.0028292   48.84868  -45.74790    34.9177    34.9342     2.8832     2.8831    27.8303    27.8434    5.93392    6.13359         19 0.0000e+00
      64750   2697.893   1929.000     3.0306   3.245716     3.0299   3.247054      92.78     0.0127     2.3073     2.0669  2.0826242  1.0029166   48.84868  -45.74789    34.9178    34.9345     2.8841     2.8834    27.8302    27.8436    5.93600    6.13320         18 0.0000e+00
      64767   2698.600   1928.000     3.0309   3.245710     3.0303   3.247036      95.36     0.0146     2.3087     2.0671  2.0818882  1.0032791   48.84868  -45.74788    34.9178    34.9344     2.8845     2.8838    27.8302    27.8435    5.94370    6.13162         16 0.0000e+00
      64784   2699.310   1927.000     3.0310   3.245687     3.0303   3.247006      95.88     0.0158     2.3091     2.0671  2.0819426  1.0031886   48.84868  -45.74790    34.9179    34.9345     2.8847     2.8839    27.8303    27.8436    5.93463    6.13037         18 0.0000e+00
      64803   2700.081   1926.000     3.0312   3.245670     3.0306   3.246993      48.67     0.0142     2.3090     2.0672  2.0818703  1.0034120   48.84868  -45.74788    34.9180    34.9345     2.8850     2.8843    27.8303    27.8435    5.92688    6.12878         20 0.0000e+00
      64824   2700.979   1925.000     3.0315   3.245656     3.0312   3.246995      93.24     0.0154     2.3092     2.0671  2.0818086  1.0028796   48.84866  -45.74789    34.9180    34.9344     2.8853     2.8850    27.8303    27.8434    5.93469    6.12895         23 0.0000e+00
      64849   2701.986   1924.000     3.0318   3.245621     3.0318   3.247009      95.79     0.0152     2.3100     2.0675  2.0821657  1.0034636   48.84866  -45.74790    34.9178    34.9344     2.8857     2.8857    27.8301    27.8433    5.93803    6.14252         24 0.0000e+00
      64870   2702.890   1923.000     3.0326   3.245648     3.0326   3.247038      45.97     0.0154     2.3102     2.0681  2.0822585  1.0036664   48.84866  -45.74790    34.9177    34.9344     2.8866     2.8865    27.8300    27.8433    5.93924    6.14131         19 0.0000e+00
      64888   2703.644   1922.000     3.0334   3.245683     3.0332   3.247053      63.44     0.0141     2.3108     2.0685  2.0820904  1.0036631   48.84867  -45.74789    34.9178    34.9343     2.8875     2.8873    27.8299    27.8432    5.93348    6.14634         17 0.0000e+00
      64905   2704.329   1921.000     3.0341   3.245716     3.0337   3.247061      96.09     0.0155     2.3107     2.0691  2.0818784  1.0036631   48.84868  -45.74788    34.9178    34.9344     2.8883     2.8879    27.8299    27.8431    5.93040    6.14790         16 0.0000e+00
      64921   2705.012   1920.000     3.0353   3.245775     3.0353   3.247154      95.73     0.0161     2.3111     2.0695  2.0818057  1.0036631   48.84866  -45.74789    34.9178    34.9344     2.8896     2.8895    27.8297    27.8430    5.93687    6.15077         17 0.0000e+00
      64940   2705.772   1919.000     3.0376   3.245942     3.0381   3.247366      70.20     0.0160     2.3114     2.0704  2.0818071  1.0036631   48.84866  -45.74790    34.9179    34.9344     2.8918     2.8923    27.8296    27.8428    5.93603    6.15100         20 0.0000e+00
      64962   2706.714   1918.000     3.0391   3.246049     3.0412   3.247605      75.57     0.0114     2.3117     2.0707  2.0818071  1.0036631   48.84867  -45.74790    34.9180    34.9345     2.8935     2.8954    27.8295    27.8425    5.93751    6.14257         26 0.0000e+00
      64989   2707.833   1917.000     3.0405   3.246155     3.0417   3.247612      95.51     0.0104     2.3125     2.0709  2.0818071  1.0036631   48.84868  -45.74790    34.9183    34.9345     2.8949     2.8961    27.8296    27.8425    5.94242    6.13756         26 0.0000e+00
