data/CTD/2013/CNV/U021A028.CNV
* Sea-Bird SBE 9 Data File:
* FileName = C:\CTD_ACQUISITION\2013021HUD\ctddata\021A028.hdr
* Software Version Seasave V 7.22.2
* Temperature SN = 5081
* Conductivity SN = 3561
* Number of Bytes Per Scan = 37
* Number of Voltage Words = 4
* Number of Scans Averaged by the Deck Unit = 1
* NMEA Latitude = 47 53.98 N
* NMEA Longitude = 046 03.76 W
* NMEA UTC (Time) = Jul 03 2013 00:44:40
* NMEA baud rate = 9600
** Ship: Hudson
** Cruise: HUD2013021
** Chief_Scientist: Greenan
** Organization: BIO
** Area_of_Operation: Sackville Spur
** Station: 28
** Sounding:  925
** Event_Comments: SS18  393131
# nquan = 25
# nvalues = 905                         
# units = specified
# name 0 = scan: Scan Count
# name 1 = timeS: Time, Elapsed [seconds]
# name 2 = prDM: Pressure, Digiquartz [db]
# name 3 = t068C: Temperature [ITS-68, deg C]
# name 4 = c0S/m: Conductivity [S/m]
# name 5 = t168C: Temperature, 2 [ITS-68, deg C]
# name 6 = c1S/m: Conductivity, 2 [S/m]
# name 7 = altM: Altimeter [m]
# name 8 = flCUVA: Fluorescence, Chelsea UV Aquatracka [ug/l]
# name 9 = sbeox0V: Oxygen raw, SBE 43 [V]
# name 10 = sbeox1V: Oxygen raw, SBE 43, 2 [V]
# name 11 = upoly0: Upoly 0, Optode 4330F - O2 D-Phase
# name 12 = upoly1: Upoly 1, Optode 4330F - O2 Temp
# name 13 = latitude: Latitude [deg]
# name 14 = longitude: Longitude [deg]
# name 15 = sal00: Salinity, Practical [PSU]
# name 16 = sal11: Salinity, Practical, 2 [PSU]
# name 17 = potemp068C: Potential Temperature [ITS-68, deg C]
# name 18 = potemp168C: Potential Temperature, 2 [ITS-68, deg C]
# name 19 = sigma-é00: Density [sigma-theta, Kg/m^3]
# name 20 = sigma-é11: Density, 2 [sigma-theta, Kg/m^3]
# name 21 = sbeox0ML/L: Oxygen, SBE 43 [ml/l], WS = 2
# name 22 = sbeox1ML/L: Oxygen, SBE 43, 2 [ml/l], WS = 2
# name 23 = nbin: number of scans per bin
# name 24 = flag: flag
# span 0 =      34111,      53924       
# span 1 =   1421.234,   2246.791       
# span 2 =      1.000,    905.000       
# span 3 =     1.5280,     6.4956       
# span 4 =   2.943998,   3.370700       
# span 5 =     1.5060,     6.5213       
# span 6 =   2.943714,   3.376411       
# span 7 =       3.49,      99.56       
# span 8 =     0.0062,     0.6889       
# span 9 =     2.6099,     3.3803       
# span 10 =     2.3470,     3.0094      
# span 11 =  1.7366495,  2.0379381      
# span 12 =  0.8594969,  1.3548239      
# span 13 =   47.89938,   47.89964      
# span 14 =  -46.06078,  -46.05990      
# span 15 =    32.7539,    34.9123      
# span 16 =    32.7697,    34.9280      
# span 17 =     1.5258,     6.4934      
# span 18 =     1.5037,     6.5190      
# span 19 =    25.7662,    27.7379      
# span 20 =    25.7790,    27.7505      
# span 21 =    5.56884,    7.91535      
# span 22 =    5.68092,    7.94127      
# span 23 =          8,        102      
# span 24 = 0.0000e+00, 0.0000e+00      
# interval = decibars: 1                
# start_time = Jul 03 2013 00:44:40 [NMEA time, header]
# bad_flag = -9.990e-29
*END*
[from data line 522]
      45762   1906.728    383.000     4.2019   3.280472     4.1984   3.281413      96.40     0.0163     2.8096     2.5064  1.9597069  1.1538461   47.89952  -46.06017    34.8767    34.8916     4.1739     4.1722    27.6698    27.6821    6.11170    6.22828         24 0.0000e+00
      45788   1907.806    382.000     4.2003   3.280240     4.2008   3.281611      96.46     0.0172     2.8094     2.5054  1.9597069  1.1538461   47.89952  -46.06016    34.8762    34.8919     4.1724     4.1728    27.6696    27.6820    6.09473    6.20728         28 0.0000e+00
      45816   1908.972    381.000     4.2018   3.280350     4.2035   3.281837      96.40     0.0143     2.8082     2.5030  1.9586083  1.1538461   47.89952  -46.06016    34.8764    34.8922     4.1740     4.1756    27.6696    27.6820    6.08826    6.19480         27 0.0000e+00
      45840   1909.954    380.000     4.2067   3.280801     4.2129   3.282690      96.95     0.0172     2.8078     2.5017  1.9584837  1.1538461   47.89952  -46.06016    34.8771    34.8929     4.1789     4.1850    27.6697    27.6816    6.09621    6.19902         20 0.0000e+00
      45858   1910.691    379.000     4.2219   3.282236     4.2307   3.284397      96.00     0.0162     2.8078     2.5010  1.9584860  1.1538461   47.89952  -46.06016    34.8786    34.8948     4.1941     4.2028    27.6692    27.6811    6.09786    6.20215         16 0.0000e+00
      45872   1911.297    378.000     4.2390   3.283892     4.2447   3.285770      96.24     0.0123     2.8077     2.5014  1.9585806  1.1538461   47.89952  -46.06016    34.8805    34.8967     4.2112     4.2169    27.6689    27.6811    6.09856    6.20901         13 0.0000e+00
      45885   1911.836    377.000     4.2463   3.284576     4.2478   3.286046      95.94     0.0123     2.8094     2.5014  1.9584856  1.1538461   47.89952  -46.06016    34.8814    34.8971     4.2186     4.2201    27.6688    27.6811    6.09472    6.21154         13 0.0000e+00
      45898   1912.362    376.000     4.2479   3.284678     4.2476   3.285969      96.55     0.0112     2.8082     2.5021  1.9578439  1.1538461   47.89952  -46.06016    34.8814    34.8969     4.2203     4.2200    27.6687    27.6810    6.08379    6.20984         13 0.0000e+00
      45911   1912.928    375.000     4.2479   3.284628     4.2481   3.285971      96.16     0.0117     2.8083     2.5023  1.9559882  1.1538461   47.89952  -46.06016    34.8814    34.8970     4.2203     4.2205    27.6686    27.6810    6.08471    6.20535         14 0.0000e+00
      45928   1913.622    374.000     4.2484   3.284644     4.2498   3.286087      94.87     0.0116     2.8085     2.5021  1.9560411  1.1538461   47.89953  -46.06016    34.8816    34.8971     4.2209     4.2223    27.6687    27.6809    6.08873    6.20344         20 0.0000e+00
      45957   1914.849    373.000     4.2494   3.284688     4.2499   3.286051      88.18     0.0159     2.8086     2.5027  1.9568398  1.1551968   47.89954  -46.06015    34.8816    34.8971     4.2220     4.2224    27.6686    27.6809    6.08400    6.20737         45 0.0000e+00
      46008   1916.950    372.000     4.2457   3.284265     4.2458   3.285614      95.95     0.0183     2.8071     2.5039  1.9564368  1.1562974   47.89954  -46.06014    34.8810    34.8969     4.2184     4.2184    27.6685    27.6811    6.07425    6.21208         38 0.0000e+00
      46031   1917.933    371.000     4.2485   3.284466     4.2464   3.285628      96.97     0.0128     2.8073     2.5038  1.9560378  1.1564850   47.89954  -46.06014    34.8809    34.8969     4.2213     4.2191    27.6682    27.6811    6.07967    6.20146         19 0.0000e+00
      46049   1918.646    370.000     4.2544   3.285000     4.2555   3.286395      92.56     0.0129     2.8072     2.5035  1.9562117  1.1567855   47.89954  -46.06013    34.8816    34.8968     4.2272     4.2283    27.6680    27.6800    6.07534    6.20726         15 0.0000e+00
      46063   1919.258    369.000     4.2591   3.285407     4.2595   3.286757      95.89     0.0161     2.8067     2.5043  1.9562068  1.1558697   47.89954  -46.06012    34.8819    34.8974     4.2320     4.2324    27.6677    27.6801    6.07774    6.21190         15 0.0000e+00
      46077   1919.849    368.000     4.2621   3.285647     4.2627   3.287020      96.94     0.0167     2.8071     2.5045  1.9560453  1.1555929   47.89954  -46.06012    34.8821    34.8977     4.2351     4.2356    27.6676    27.6800    6.08270    6.21050         14 0.0000e+00
      46092   1920.460    367.000     4.2646   3.285850     4.2656   3.287267      69.85     0.0175     2.8078     2.5052  1.9566154  1.1561270   47.89954  -46.06012    34.8824    34.8980     4.2376     4.2386    27.6675    27.6799    6.08521    6.20881         15 0.0000e+00
      46109   1921.154    366.000     4.2666   3.285997     4.2667   3.287341      92.14     0.0163     2.8081     2.5051  1.9572537  1.1567906   47.89954  -46.06012    34.8826    34.8983     4.2396     4.2398    27.6675    27.6799    6.08763    6.20466         19 0.0000e+00
      46132   1922.143    365.000     4.2671   3.286010     4.2672   3.287347      94.50     0.0181     2.8089     2.5055  1.9567389  1.1570311   47.89954  -46.06012    34.8827    34.8983     4.2402     4.2403    27.6675    27.6799    6.07560    6.20426         32 0.0000e+00
      46180   1924.105    364.000     4.2641   3.285672     4.2650   3.287092      97.28     0.0206     2.8079     2.5056  1.9556373  1.1575799   47.89954  -46.06012    34.8824    34.8982     4.2373     4.2382    27.6676    27.6800    6.07527    6.20609         46 0.0000e+00
      46207   1925.246    363.000     4.2659   3.285774     4.2656   3.287073      96.95     0.0177     2.8088     2.5064  1.9573296  1.1575092   47.89954  -46.06012    34.8823    34.8979     4.2392     4.2389    27.6673    27.6798    6.07758    6.20808         18 0.0000e+00
      46222   1925.880    362.000     4.2685   3.285989     4.2695   3.287407      96.94     0.0189     2.8082     2.5065  1.9572649  1.1575092   47.89954  -46.06012    34.8826    34.8982     4.2419     4.2429    27.6672    27.6795    6.08129    6.20722         14 0.0000e+00
      46235   1926.406    361.000     4.2695   3.286034     4.2695   3.287364      79.33     0.0156     2.8097     2.5067  1.9569541  1.1575092   47.89954  -46.06012    34.8826    34.8982     4.2429     4.2429    27.6671    27.6796    6.08825    6.20441         12 0.0000e+00
      46246   1926.888    360.000     4.2660   3.285602     4.2642   3.286750      65.55     0.0139     2.8094     2.5067  1.9560575  1.1575092   47.89954  -46.06010    34.8817    34.8971     4.2395     4.2377    27.6668    27.6793    6.08959    6.20812         12 0.0000e+00
      46258   1927.376    359.000     4.2669   3.285610     4.2657   3.286815      95.81     0.0141     2.8106     2.5068  1.9560440  1.1575092   47.89954  -46.06010    34.8814    34.8968     4.2405     4.2393    27.6665    27.6789    6.08305    6.20582         12 0.0000e+00
      46272   1927.944    358.000     4.2717   3.286042     4.2733   3.287535      96.93     0.0146     2.8106     2.5074  1.9560440  1.1575092   47.89954  -46.06010    34.8819    34.8978     4.2454     4.2470    27.6664    27.6788    6.07968    6.20768         15 0.0000e+00
      46302   1929.193    357.000     4.2735   3.286215     4.2721   3.287393      95.41     0.0174     2.8104     2.5074  1.9559029  1.1582143   47.89956  -46.06009    34.8825    34.8979     4.2473     4.2458    27.6666    27.6790    6.07380    6.19783         57 0.0000e+00
      46358   1931.561    356.000     4.2811   3.286935     4.2714   3.287284      96.79     0.0154     2.8103     2.5056  1.9546686  1.1587837   47.89956  -46.06008    34.8835    34.8979     4.2549     4.2452    27.6666    27.6791    6.07252    6.18883         31 0.0000e+00
      46375   1932.261    355.000     4.2735   3.286096     4.2724   3.287327      96.93     0.0138     2.8105     2.5061  1.9548229  1.1587301   47.89956  -46.06008    34.8823    34.8979     4.2474     4.2463    27.6664    27.6789    6.08107    6.20531         15 0.0000e+00
      46389   1932.839    354.000     4.2770   3.286390     4.2774   3.287764      96.95     0.0125     2.8110     2.5071  1.9551073  1.1587301   47.89956  -46.06008    34.8825    34.8984     4.2510     4.2513    27.6662    27.6788    6.07563    6.19772         13 0.0000e+00
      46401   1933.340    353.000     4.2843   3.287088     4.2864   3.288622      95.13     0.0113     2.8116     2.5060  1.9553815  1.1587301   47.89956  -46.06008    34.8836    34.8995     4.2583     4.2604    27.6663    27.6787    6.07491    6.17954         11 0.0000e+00
      46413   1933.818    352.000     4.2888   3.287483     4.2906   3.288981      88.89     0.0161     2.8105     2.5060  1.9554341  1.1587301   47.89956  -46.06008    34.8841    34.8998     4.2628     4.2647    27.6662    27.6785    6.06217    6.17477         12 0.0000e+00
      46425   1934.327    351.000     4.2898   3.287524     4.2895   3.288820      96.60     0.0198     2.8107     2.5051  1.9555727  1.1587301   47.89956  -46.06008    34.8840    34.8995     4.2639     4.2637    27.6660    27.6784    6.07050    6.17385         13 0.0000e+00
      46440   1934.946    350.000     4.2890   3.287381     4.2874   3.288542      96.82     0.0177     2.8111     2.5046  1.9559554  1.1587301   47.89956  -46.06008    34.8837    34.8991     4.2632     4.2616    27.6659    27.6783    6.07364    6.17955         18 0.0000e+00
      46477   1936.508    349.000     4.2861   3.287052     4.2855   3.288340      95.00     0.0153     2.8122     2.5058  1.9560384  1.1593446   47.89957  -46.06006    34.8834    34.8992     4.2604     4.2598    27.6659    27.6785    6.08045    6.20053         62 0.0000e+00
      46527   1938.583    348.000     4.2805   3.286453     4.2825   3.288022      92.64     0.0151     2.8138     2.5088  1.9560440  1.1599960   47.89957  -46.06006    34.8828    34.8992     4.2549     4.2569    27.6660    27.6788    6.08646    6.21485         24 0.0000e+00
      46544   1939.302    347.000     4.2841   3.286744     4.2819   3.287890      95.33     0.0156     2.8149     2.5099  1.9557532  1.1599512   47.89956  -46.06006    34.8829    34.8987     4.2586     4.2576    27.6657    27.6785    6.08978    6.21138         17 0.0000e+00
      46559   1939.929    346.000     4.2754   3.285806     4.2718   3.286804      96.91     0.0154     2.8155     2.5102  1.9559542  1.1599512   47.89956  -46.06006    34.8816    34.8971     4.2500     4.2464    27.6656    27.6783    6.08752    6.20514         14 0.0000e+00
      46573   1940.488    345.000     4.2584   3.283948     4.2533   3.284710      96.85     0.0142     2.8154     2.5103  1.9559501  1.1599512   47.89956  -46.06006    34.8782    34.8926     4.2331     4.2280    27.6647    27.6767    6.08865    6.20743         13 0.0000e+00
      46586   1941.045    344.000     4.2472   3.282666     4.2416   3.283374      96.89     0.0128     2.8165     2.5106  1.9559566  1.1599512   47.89956  -46.06006    34.8755    34.8898     4.2220     4.2164    27.6638    27.6757    6.09008    6.21124         14 0.0000e+00
      46601   1941.664    343.000     4.2407   3.281893     4.2358   3.282703      89.46     0.0144     2.8161     2.5109  1.9558938  1.1599512   47.89957  -46.06006    34.8737    34.8884     4.2156     4.2107    27.6630    27.6752    6.08473    6.21060         16 0.0000e+00
      46620   1942.460    342.000     4.2380   3.281545     4.2349   3.282534      96.13     0.0155     2.8162     2.5111  1.9564905  1.1593961   47.89958  -46.06006    34.8730    34.8880     4.2130     4.2099    27.6628    27.6750    6.09095    6.20778         23 0.0000e+00
      46663   1944.250    341.000     4.2398   3.281698     4.2449   3.283576      87.11     0.0134     2.8175     2.5114  1.9573649  1.1581699   47.89958  -46.06005    34.8735    34.8902     4.2148     4.2199    27.6629    27.6757    6.09807    6.21084         61 0.0000e+00
      46707   1946.067    340.000     4.2458   3.282338     4.2541   3.284544      90.81     0.0178     2.8191     2.5126  1.9582514  1.1574756   47.89958  -46.06004    34.8752    34.8925     4.2209     4.2292    27.6637    27.6765    6.08929    6.21096         22 0.0000e+00
      46723   1946.761    339.000     4.2461   3.282241     4.2464   3.283632      97.01     0.0103     2.8191     2.5127  1.9551873  1.1571790   47.89958  -46.06004    34.8743    34.8904     4.2213     4.2216    27.6629    27.6756    6.09390    6.20832         15 0.0000e+00
      46736   1947.309    338.000     4.2416   3.281691     4.2424   3.283110      94.85     0.0109     2.8196     2.5129  1.9548256  1.1570016   47.89958  -46.06004    34.8731    34.8890     4.2168     4.2176    27.6624    27.6750    6.10015    6.20689         12 0.0000e+00
      46748   1947.776    337.000     4.2408   3.281536     4.2411   3.282890      86.76     0.0126     2.8196     2.5125  1.9548229  1.1570210   47.89958  -46.06004    34.8726    34.8883     4.2162     4.2164    27.6621    27.6745    6.09565    6.20225         10 0.0000e+00
      46758   1948.215    336.000     4.2400   3.281384     4.2395   3.282665      95.08     0.0110     2.8202     2.5127  1.9548229  1.1567276   47.89958  -46.06004    34.8722    34.8878     4.2154     4.2149    27.6619    27.6743    6.09502    6.20047         11 0.0000e+00
      46769   1948.662    335.000     4.2378   3.281095     4.2364   3.282278      96.93     0.0109     2.8202     2.5121  1.9548229  1.1570621   47.89958  -46.06004    34.8716    34.8871     4.2133     4.2119    27.6616    27.6740    6.09143    6.19908         11 0.0000e+00
      46781   1949.158    334.000     4.2352   3.280765     4.2329   3.281868      96.88     0.0135     2.8200     2.5121  1.9548229  1.1568552   47.89958  -46.06004    34.8711    34.8864     4.2108     4.2085    27.6614    27.6739    6.08871    6.19977         13 0.0000e+00
      46796   1949.791    333.000     4.2320   3.280374     4.2283   3.281312      96.12     0.0147     2.8200     2.5121  1.9548229  1.1568656   47.89958  -46.06004    34.8703    34.8853     4.2077     4.2040    27.6611    27.6735    6.09035    6.20777         19 0.0000e+00
      46858   1952.384    332.000     4.2296   3.280099     4.2340   3.281932      94.79     0.0120     2.8202     2.5153  1.9561020  1.1561943   47.89960  -46.06002    34.8702    34.8871     4.2053     4.2098    27.6613    27.6743    6.09164    6.22927         82 0.0000e+00
      46898   1954.031    331.000     4.2295   3.279994     4.2324   3.281702      96.92     0.0093     2.8210     2.5169  1.9559636  1.1550481   47.89960  -46.06002    34.8696    34.8867     4.2053     4.2082    27.6609    27.6741    6.09274    6.21542         15 0.0000e+00
      46911   1954.596    330.000     4.2310   3.280127     4.2326   3.281654      88.57     0.0102     2.8208     2.5168  1.9562377  1.1543953   47.89960  -46.06002    34.8701    34.8864     4.2069     4.2085    27.6611    27.6739    6.09490    6.21019         13 0.0000e+00
      46923   1955.098    329.000     4.2261   3.279562     4.2306   3.281403      91.71     0.0126     2.8210     2.5168  1.9563813  1.1538292   47.89960  -46.06002    34.8691    34.8860     4.2021     4.2066    27.6608    27.6738    6.09905    6.20601         11 0.0000e+00
      46934   1955.548    328.000     4.2186   3.278727     4.2182   3.280039      97.01     0.0132     2.8218     2.5157  1.9564894  1.1538461   47.89960  -46.06002    34.8678    34.8836     4.1947     4.1943    27.6605    27.6732    6.10820    6.20056         11 0.0000e+00
      46945   1955.991    327.000     4.2112   3.277887     4.2084   3.278936      96.93     0.0144     2.8223     2.5158  1.9568144  1.1538461   47.89960  -46.06002    34.8662    34.8815     4.1874     4.1846    27.6600    27.6725    6.10536    6.20158         11 0.0000e+00
