data/CTD/2013/CNV/U021A051.CNV
* Sea-Bird SBE 9 Data File:
* FileName = C:\CTD_ACQUISITION\2013021HUD\ctddata\021A051.hdr
* Software Version Seasave V 7.22.2
* Temperature SN = 5081
* Conductivity SN = 3561
* Number of Bytes Per Scan = 37
* Number of Voltage Words = 4
* Number of Scans Averaged by the Deck Unit = 1
* NMEA Latitude = 48 50.70 N
* NMEA Longitude = 045 44.75 W
* NMEA UTC (Time) = Jul 05 2013 02:25:27
* NMEA baud rate = 9600
** Ship: Hudson
** Cruise: HUD2013021
** Chief_Scientist: Greenan
** Organization: BIO
** Area_of_Operation: Sackville Spur
** Station: 51
** Sounding:  2274
** Event_Comments: SS26  393211
# nquan = 25
# nvalues = 2089                        
# units = specified
# name 0 = scan: Scan Count
# name 1 = timeS: Time, Elapsed [seconds]
# name 2 = prDM: Pressure, Digiquartz [db]
# name 3 = t068C: Temperature [ITS-68, deg C]
# name 4 = c0S/m: Conductivity [S/m]
# name 5 = t168C: Temperature, 2 [ITS-68, deg C]
# name 6 = c1S/m: Conductivity, 2 [S/m]
# name 7 = altM: Altimeter [m]
# name 8 = flCUVA: Fluorescence, Chelsea UV Aquatracka [ug/l]
# name 9 = sbeox0V: Oxygen raw, SBE 43 [V]
# name 10 = sbeox1V: Oxygen raw, SBE 43, 2 [V]
# name 11 = upoly0: Upoly 0, Optode 4330F - O2 D-Phase
# name 12 = upoly1: Upoly 1, Optode 4330F - O2 Temp
# name 13 = latitude: Latitude [deg]
# name 14 = longitude: Longitude [deg]
# name 15 = sal00: Salinity, Practical [PSU]
# name 16 = sal11: Salinity, Practical, 2 [PSU]
# name 17 = potemp068C: Potential Temperature [ITS-68, deg C]
# name 18 = potemp168C: Potential Temperature, 2 [ITS-68, deg C]
# name 19 = sigma-é00: Density [sigma-theta, Kg/m^3]
# name 20 = sigma-é11: Density, 2 [sigma-theta, Kg/m^3]
# name 21 = sbeox0ML/L: Oxygen, SBE 43 [ml/l], WS = 2
# name 22 = sbeox1ML/L: Oxygen, SBE 43, 2 [ml/l], WS = 2
# name 23 = nbin: number of scans per bin
# name 24 = flag: flag
# span 0 =      61161,     102835       
# span 1 =   2548.331,   4284.755       
# span 2 =      1.000,   2089.000       
# span 3 =     2.9291,     8.3256       
# span 4 =   3.124168,   3.558060       
# span 5 =     2.9285,     8.3282       
# span 6 =   3.125570,   3.559414       
# span 7 =       4.79,      99.59       
# span 8 =     0.0028,     0.5871       
# span 9 =     2.2696,     3.3437       
# span 10 =     2.0385,     2.9796      
# span 11 =  1.7036577,  2.0916142      
# span 12 =  0.9911046,  1.6332687      
# span 13 =   48.84724,   48.84868      
# span 14 =  -45.74790,  -45.74289      
# span 15 =    33.9214,    34.9220      
# span 16 =    33.9392,    34.9384      
# span 17 =     2.7730,     8.3244      
# span 18 =     2.7721,     8.3269      
# span 19 =    26.4191,    27.8402      
# span 20 =    26.4332,    27.8535      
# span 21 =    5.88117,    7.31738      
# span 22 =    6.03782,    7.52892      
# span 23 =         10,        108      
# span 24 = 0.0000e+00, 0.0000e+00      
# interval = decibars: 1                
# start_time = Jul 05 2013 02:25:27 [NMEA time, header]
# bad_flag = -9.990e-29
*END*
      61161   2548.331   2089.000     2.9348   3.243661     2.9340   3.244982       9.08     0.0212     2.2698     2.0392  2.0916142  0.9921030   48.84848  -45.74770    34.9174    34.9341     2.7751     2.7730    27.8398    27.8532    5.91747    6.15833         22 0.0000e+00
      61213   2550.508   2088.000     2.9347   3.243634     2.9339   3.244943       9.58     0.0162     2.2696     2.0385  2.0915041  0.9915229   48.84848  -45.74771    34.9177    34.9342     2.7751     2.7766    27.8400    27.8533    5.92673    6.15808         49 0.0000e+00
      61399   2558.260   2087.000     2.9348   3.243615     2.9340   3.244914      10.78     0.0175     2.2703     2.0389  2.0905023  0.9919255   48.84850  -45.74772    34.9178    34.9343     2.7753     2.7734    27.8401    27.8533    5.92467    6.16563         74 0.0000e+00
      61564   2565.111   2086.000     2.9350   3.243578     2.9342   3.244886      11.26     0.0154     2.2704     2.0395  2.0915811  0.9914504   48.84852  -45.74772    34.9177    34.9342     2.7756     2.7747    27.8399    27.8533    5.93415    6.16319         19 0.0000e+00
      61582   2565.874   2085.000     2.9349   3.243525     2.9338   3.244823      12.18     0.0190     2.2711     2.0394  2.0915751  0.9914530   48.84852  -45.74772    34.9176    34.9343     2.7756     2.7745    27.8399    27.8533    5.93447    6.15670         22 0.0000e+00
      61607   2566.921   2084.000     2.9347   3.243477     2.9330   3.244709      13.12     0.0193     2.2706     2.0390  2.0915751  0.9914530   48.84852  -45.74772    34.9177    34.9343     2.7755     2.7738    27.8400    27.8534    5.91991    6.15671         30 0.0000e+00
      61648   2568.611   2083.000     2.9344   3.243410     2.9331   3.244665      14.31     0.0183     2.2708     2.0392  2.0905025  0.9914530   48.84853  -45.74772    34.9177    34.9342     2.7753     2.7739    27.8400    27.8533    5.92751    6.16062         48 0.0000e+00
      61688   2570.294   2082.000     2.9342   3.243347     2.9334   3.244642      15.29     0.0211     2.2709     2.0391  2.0913663  0.9914530   48.84854  -45.74772    34.9176    34.9340     2.7752     2.7743    27.8399    27.8531    5.93136    6.15895         29 0.0000e+00
      61711   2571.234   2081.000     2.9334   3.243239     2.9321   3.244495      15.97     0.0205     2.2712     2.0392  2.0915763  0.9914530   48.84854  -45.74772    34.9177    34.9342     2.7745     2.7791    27.8400    27.8534    5.93062    6.15681         20 0.0000e+00
      61730   2572.039   2080.000     2.9326   3.243125     2.9317   3.244426      16.82     0.0196     2.2716     2.0391  2.0915751  0.9921578   48.84854  -45.74772    34.9177    34.9342     2.7738     2.7729    27.8401    27.8534    5.93157    6.16343         19 0.0000e+00
      61749   2572.838   2079.000     2.9322   3.243051     2.9313   3.244354      17.59     0.0208     2.2716     2.0396  2.0915751  0.9926640   48.84854  -45.74772    34.9177    34.9342     2.7734     2.7726    27.8402    27.8534    5.93109    6.16672         20 0.0000e+00
      61771   2573.746   2078.000     2.9319   3.242977     2.9310   3.244291      18.72     0.0213     2.2722     2.0397  2.0910800  0.9922283   48.84854  -45.74772    34.9176    34.9342     2.7733     2.7724    27.8401    27.8535    5.93778    6.16166         24 0.0000e+00
      61797   2574.842   2077.000     2.9317   3.242931     2.9309   3.244235      19.64     0.0183     2.2724     2.0399  2.0903482  0.9915377   48.84854  -45.74772    34.9177    34.9342     2.7732     2.7723    27.8402    27.8535    5.93877    6.16268         27 0.0000e+00
      61823   2575.906   2076.000     2.9317   3.242883     2.9307   3.244178      20.42     0.0181     2.2729     2.0401  2.0910099  0.9915050   48.84855  -45.74772    34.9176    34.9342     2.7733     2.7723    27.8401    27.8534    5.93009    6.16589         23 0.0000e+00
      61844   2576.776   2075.000     2.9316   3.242828     2.9305   3.244118      21.33     0.0169     2.2731     2.0406  2.0915928  0.9914514   48.84856  -45.74772    34.9176    34.9342     2.7732     2.7721    27.8401    27.8534    5.94214    6.16903         19 0.0000e+00
      61861   2577.518   2074.000     2.9314   3.242778     2.9304   3.244064      22.32     0.0153     2.2737     2.0408  2.0915751  0.9914530   48.84856  -45.74772    34.9176    34.9341     2.7732     2.7721    27.8401    27.8534    5.93043    6.16662         17 0.0000e+00
      61878   2578.191   2073.000     2.9312   3.242723     2.9304   3.244029      23.04     0.0160     2.2733     2.0410  2.0903478  0.9914530   48.84856  -45.74772    34.9177    34.9342     2.7731     2.7797    27.8402    27.8534    5.92399    6.16948         16 0.0000e+00
      61893   2578.839   2072.000     2.9312   3.242679     2.9304   3.243997      23.92     0.0141     2.2731     2.0415  2.0903542  0.9914530   48.84856  -45.74772    34.9176    34.9342     2.7731     2.7723    27.8401    27.8535    5.93565    6.17002         15 0.0000e+00
      61908   2579.471   2071.000     2.9312   3.242651     2.9303   3.243937      24.94     0.0151     2.2742     2.0416  2.0903542  0.9914530   48.84856  -45.74772    34.9177    34.9342     2.7733     2.7723    27.8402    27.8534    5.93605    6.16593         15 0.0000e+00
      61924   2580.113   2070.000     2.9312   3.242597     2.9301   3.243892      25.85     0.0179     2.2739     2.0416  2.0884218  0.9914530   48.84856  -45.74772    34.9176    34.9343     2.7733     2.7722    27.8401    27.8535    5.92443    6.16772         16 0.0000e+00
      61940   2580.777   2069.000     2.9311   3.242547     2.9301   3.243842      26.67     0.0150     2.2738     2.0419  2.0884154  0.9914530   48.84856  -45.74772    34.9176    34.9341     2.7733     2.7723    27.8401    27.8534    5.92746    6.17145         17 0.0000e+00
      61957   2581.499   2068.000     2.9310   3.242507     2.9302   3.243813      27.75     0.0142     2.2740     2.0423  2.0884535  0.9914530   48.84856  -45.74772    34.9177    34.9342     2.7733     2.7725    27.8402    27.8534    5.93367    6.16706         18 0.0000e+00
      61976   2582.288   2067.000     2.9310   3.242462     2.9301   3.243767      28.65     0.0176     2.2744     2.0424  2.0908582  0.9914530   48.84856  -45.74772    34.9176    34.9342     2.7734     2.7725    27.8401    27.8535    5.93701    6.16151         19 0.0000e+00
      61996   2583.134   2066.000     2.9309   3.242417     2.9301   3.243719      29.63     0.0197     2.2745     2.0424  2.0912302  0.9914530   48.84856  -45.74774    34.9177    34.9341     2.7734     2.7726    27.8402    27.8534    5.93148    6.15885         21 0.0000e+00
      62017   2583.990   2065.000     2.9308   3.242371     2.9300   3.243668      29.93     0.0202     2.2746     2.0424  2.0905364  0.9914530   48.84856  -45.74774    34.9177    34.9342     2.7734     2.7725    27.8401    27.8534    5.93104    6.16189         21 0.0000e+00
      62037   2584.836   2064.000     2.9308   3.242327     2.9297   3.243600      31.71     0.0202     2.2753     2.0426  2.0903578  0.9914530   48.84856  -45.74774    34.9177    34.9341     2.7734     2.7724    27.8402    27.8534    5.93919    6.16124         20 0.0000e+00
      62057   2585.658   2063.000     2.9305   3.242264     2.9294   3.243541      32.55     0.0179     2.2752     2.0426  2.0903542  0.9914530   48.84856  -45.74774    34.9177    34.9341     2.7733     2.7722    27.8401    27.8534    5.92773    6.15492         19 0.0000e+00
      62076   2586.459   2062.000     2.9303   3.242209     2.9293   3.243486      33.37     0.0157     2.2754     2.0425  2.0903542  0.9914530   48.84856  -45.74774    34.9177    34.9342     2.7732     2.7721    27.8402    27.8535    5.92433    6.15433         19 0.0000e+00
      62095   2587.256   2061.000     2.9300   3.242144     2.9294   3.243457      32.85     0.0148     2.2753     2.0424  2.0903542  0.9914530   48.84858  -45.74774    34.9177    34.9342     2.7730     2.7723    27.8402    27.8534    5.94013    6.15542         19 0.0000e+00
      62115   2588.079   2060.000     2.9300   3.242093     2.9294   3.243415      33.13     0.0152     2.2762     2.0425  2.0903542  0.9914530   48.84858  -45.74774    34.9177    34.9341     2.7730     2.7724    27.8402    27.8534    5.94291    6.15819         21 0.0000e+00
      62136   2588.940   2059.000     2.9299   3.242051     2.9292   3.243360      34.21     0.0182     2.2766     2.0426  2.0903542  0.9914530   48.84858  -45.74774    34.9177    34.9342     2.7731     2.7723    27.8402    27.8534    5.93547    6.16079         21 0.0000e+00
      62157   2589.820   2058.000     2.9298   3.242005     2.9289   3.243296      35.48     0.0194     2.2769     2.0430  2.0903542  0.9914530   48.84858  -45.74774    34.9177    34.9342     2.7731     2.7721    27.8402    27.8535    5.94051    6.16654         21 0.0000e+00
      62177   2590.666   2057.000     2.9297   3.241952     2.9288   3.243251      36.04     0.0192     2.2773     2.0434  2.0904183  0.9913888   48.84858  -45.74774    34.9177    34.9342     2.7731     2.7721    27.8402    27.8535    5.92490    6.16184         19 0.0000e+00
      62196   2591.454   2056.000     2.9296   3.241910     2.9289   3.243215      36.77     0.0189     2.2765     2.0434  2.0903528  0.9914544   48.84858  -45.74774    34.9177    34.9342     2.7731     2.7723    27.8402    27.8534    5.92446    6.15953         18 0.0000e+00
      62214   2592.200   2055.000     2.9295   3.241850     2.9289   3.243167      37.78     0.0146     2.2771     2.0436  2.0883543  0.9914530   48.84858  -45.74774    34.9176    34.9341     2.7731     2.7723    27.8401    27.8534    5.93628    6.16065         18 0.0000e+00
      62232   2592.940   2054.000     2.9295   3.241811     2.9287   3.243122      40.34     0.0148     2.2773     2.0438  2.0887952  0.9914530   48.84858  -45.74774    34.9177    34.9342     2.7731     2.7723    27.8402    27.8535    5.93570    6.16019         18 0.0000e+00
      62250   2593.716   2053.000     2.9294   3.241764     2.9286   3.243070      40.27     0.0173     2.2778     2.0438  2.0895255  0.9913233   48.84859  -45.74774    34.9177    34.9342     2.7731     2.7722    27.8402    27.8535    5.93323    6.16463         19 0.0000e+00
      62270   2594.549   2052.000     2.9292   3.241712     2.9285   3.243015      42.29     0.0178     2.2778     2.0444  2.0915942  0.9912781   48.84860  -45.74774    34.9177    34.9341     2.7731     2.7723    27.8402    27.8534    5.93305    6.16695         21 0.0000e+00
      62292   2595.455   2051.000     2.9291   3.241663     2.9286   3.242984      42.77     0.0176     2.2781     2.0447  2.0915222  0.9911879   48.84859  -45.74774    34.9177    34.9341     2.7730     2.7725    27.8402    27.8534    5.94391    6.16652         23 0.0000e+00
      62314   2596.379   2050.000     2.9291   3.241625     2.9288   3.242963      51.08     0.0176     2.2788     2.0450  2.0912473  0.9911757   48.84858  -45.74774    34.9178    34.9342     2.7731     2.7727    27.8402    27.8534    5.93716    6.16023         22 0.0000e+00
      62336   2597.286   2049.000     2.9293   3.241593     2.9288   3.242923      68.22     0.0142     2.2791     2.0451  2.0912843  0.9911046   48.84858  -45.74774    34.9177    34.9341     2.7734     2.7729    27.8402    27.8534    5.93895    6.16112         21 0.0000e+00
      62358   2598.202   2048.000     2.9294   3.241564     2.9288   3.242888      45.59     0.0172     2.2795     2.0453  2.0879884  0.9913979   48.84860  -45.74776    34.9177    34.9342     2.7736     2.7729    27.8401    27.8534    5.93932    6.16353         23 0.0000e+00
      62380   2599.143   2047.000     2.9294   3.241533     2.9293   3.242885      47.12     0.0180     2.2795     2.0456  2.0880229  0.9914528   48.84860  -45.74776    34.9178    34.9342     2.7737     2.7735    27.8402    27.8533    5.93139    6.16234         22 0.0000e+00
      62402   2600.043   2046.000     2.9296   3.241503     2.9298   3.242899      88.83     0.0174     2.2798     2.0458  2.0895426  0.9914530   48.84860  -45.74776    34.9177    34.9343     2.7740     2.7741    27.8401    27.8534    5.92926    6.16438         21 0.0000e+00
      62421   2600.838   2045.000     2.9300   3.241493     2.9299   3.242860      74.02     0.0181     2.2795     2.0461  2.0903590  0.9914530   48.84860  -45.74776    34.9176    34.9342     2.7744     2.7742    27.8400    27.8533    5.92741    6.16489         17 0.0000e+00
      62438   2601.543   2044.000     2.9305   3.241495     2.9307   3.242890      50.31     0.0211     2.2798     2.0464  2.0903542  0.9914530   48.84860  -45.74776    34.9177    34.9341     2.7750     2.7752    27.8400    27.8531    5.94312    6.16079         17 0.0000e+00
      62454   2602.210   2043.000     2.9313   3.241527     2.9318   3.242950      52.16     0.0228     2.2803     2.0462  2.0879800  0.9914530   48.84860  -45.74776    34.9176    34.9342     2.7759     2.7763    27.8399    27.8531    5.94821    6.16027         16 0.0000e+00
      62470   2602.893   2042.000     2.9323   3.241574     2.9331   3.243029      93.73     0.0215     2.2810     2.0466  2.0879815  0.9914530   48.84860  -45.74776    34.9176    34.9342     2.7770     2.7777    27.8398    27.8530    5.94081    6.16519         17 0.0000e+00
      62489   2603.650   2041.000     2.9336   3.241646     2.9344   3.243100      57.78     0.0197     2.2811     2.0468  2.0882280  0.9913901   48.84860  -45.74776    34.9176    34.9343     2.7784     2.7790    27.8396    27.8529    5.93394    6.16228         19 0.0000e+00
      62511   2604.570   2040.000     2.9339   3.241644     2.9348   3.243097      67.54     0.0140     2.2813     2.0471  2.0883019  0.9913076   48.84860  -45.74776    34.9178    34.9342     2.7787     2.7796    27.8398    27.8528    5.93229    6.16213         25 0.0000e+00
      62537   2605.660   2039.000     2.9343   3.241642     2.9346   3.243046      76.75     0.0157     2.2813     2.0473  2.0880020  0.9911218   48.84860  -45.74776    34.9178    34.9343     2.7792     2.7794    27.8397    27.8529    5.94139    6.16168         26 0.0000e+00
      62561   2606.655   2038.000     2.9350   3.241669     2.9383   3.243304      95.26     0.0171     2.2821     2.0475  2.0869503  0.9914631   48.84861  -45.74776    34.9178    34.9341     2.7800     2.7832    27.8397    27.8524    5.93730    6.15938         21 0.0000e+00
      62580   2607.464   2037.000     2.9380   3.241843     2.9436   3.243744      66.89     0.0157     2.2821     2.0476  2.0874522  0.9914530   48.84862  -45.74776    34.9172    34.9341     2.7831     2.7885    27.8389    27.8519    5.93094    6.15657         18 0.0000e+00
      62597   2608.183   2036.000     2.9422   3.242194     2.9466   3.243992      57.43     0.0159     2.2817     2.0477  2.0868945  0.9914530   48.84862  -45.74778    34.9175    34.9344     2.7873     2.7916    27.8387    27.8519    5.93471    6.15588         17 0.0000e+00
      62614   2608.886   2035.000     2.9453   3.242459     2.9478   3.244056      53.04     0.0176     2.2828     2.0477  2.0870526  0.9914530   48.84862  -45.74778    34.9179    34.9343     2.7904     2.7929    27.8388    27.8517    5.93041    6.15338         17 0.0000e+00
      62632   2609.621   2034.000     2.9474   3.242609     2.9485   3.244078      78.31     0.0207     2.2821     2.0476  2.0868847  0.9916447   48.84862  -45.74778    34.9179    34.9343     2.7926     2.7936    27.8386    27.8517    5.92316    6.14942         19 0.0000e+00
      62651   2610.412   2033.000     2.9486   3.242679     2.9490   3.244075      95.49     0.0216     2.2822     2.0476  2.0867562  0.9926674   48.84862  -45.74778    34.9179    34.9343     2.7939     2.7942    27.8385    27.8516    5.93271    6.14961         19 0.0000e+00
