data/CTD/2013/CNV/U021A011.CNV
* Sea-Bird SBE 9 Data File:
* FileName = C:\CTD_ACQUISITION\2013021HUD\ctddata\021A011.hdr
* Software Version Seasave V 7.22.2
* Temperature SN = 5081
* Conductivity SN = 3561
* Number of Bytes Per Scan = 37
* Number of Voltage Words = 4
* Number of Scans Averaged by the Deck Unit = 1
* NMEA Latitude = 46 59.93 N
* NMEA Longitude = 047 21.52 W
* NMEA UTC (Time) = Jul 01 2013 19:37:40
* NMEA baud rate = 9600
** Ship: Hudson
** Cruise: HUD2013021
** Chief_Scientist: Greenan
** Organization: BIO
** Area_of_Operation: Sackville Spur
** Station: 11
** Sounding:  259
** Event_Comments: FC14.5  393109
# nquan = 25
# nvalues = 255                         
# units = specified
# name 0 = scan: Scan Count
# name 1 = timeS: Time, Elapsed [seconds]
# name 2 = prDM: Pressure, Digiquartz [db]
# name 3 = t068C: Temperature [ITS-68, deg C]
# name 4 = c0S/m: Conductivity [S/m]
# name 5 = t168C: Temperature, 2 [ITS-68, deg C]
# name 6 = c1S/m: Conductivity, 2 [S/m]
# name 7 = altM: Altimeter [m]
# name 8 = flCUVA: Fluorescence, Chelsea UV Aquatracka [ug/l]
# name 9 = sbeox0V: Oxygen raw, SBE 43 [V]
# name 10 = sbeox1V: Oxygen raw, SBE 43, 2 [V]
# name 11 = upoly0: Upoly 0, Optode 4330F - O2 D-Phase
# name 12 = upoly1: Upoly 1, Optode 4330F - O2 Temp
# name 13 = latitude: Latitude [deg]
# name 14 = longitude: Longitude [deg]
# name 15 = sal00: Salinity, Practical [PSU]
# name 16 = sal11: Salinity, Practical, 2 [PSU]
# name 17 = potemp068C: Potential Temperature [ITS-68, deg C]
# name 18 = potemp168C: Potential Temperature, 2 [ITS-68, deg C]
# name 19 = sigma-é00: Density [sigma-theta, Kg/m^3]
# name 20 = sigma-é11: Density, 2 [sigma-theta, Kg/m^3]
# name 21 = sbeox0ML/L: Oxygen, SBE 43 [ml/l], WS = 2
# name 22 = sbeox1ML/L: Oxygen, SBE 43, 2 [ml/l], WS = 2
# name 23 = nbin: number of scans per bin
# name 24 = flag: flag
# span 0 =      16788,      27654       
# span 1 =    699.477,   1152.198       
# span 2 =      1.000,    255.000       
# span 3 =    -0.7487,     6.4690       
# span 4 =   2.694450,   3.241805       
# span 5 =    -0.7594,     6.4710       
# span 6 =   2.694517,   3.242761       
# span 7 =       2.89,      97.12       
# span 8 =     0.0095,     0.1796       
# span 9 =     2.6010,     3.3717       
# span 10 =     2.3331,     3.0535      
# span 11 =  1.7185216,  2.1075952      
# span 12 =  0.5448438,  1.4270780      
# span 13 =   46.99870,   46.99926      
# span 14 =  -47.35668,  -47.35558      
# span 15 =    32.3515,    34.2707      
# span 16 =    32.3656,    34.2857      
# span 17 =    -0.7500,     6.4685      
# span 18 =    -0.7608,     6.4710      
# span 19 =    25.4033,    27.3618      
# span 20 =    25.4132,    27.3738      
# span 21 =    5.71255,    8.07566      
# span 22 =    5.87628,    8.32090      
# span 23 =         16,       2528      
# span 24 = 0.0000e+00, 0.0000e+00      
# interval = decibars: 1                
# start_time = Jul 01 2013 19:37:40 [NMEA time, header]
# bad_flag = -9.990e-29
*END*
[from data line 116]
      23375    973.925    139.000     1.1748   2.915544     1.1705   2.916267      96.54     0.0371     2.7063     2.4388  2.0405259  0.7859604   46.99876  -47.35620    33.7652    33.7791     1.1685     1.1643    27.0417    27.0531    6.24800    6.48675         46 0.0000e+00
      23416    975.629    138.000     1.1690   2.914875     1.1688   2.915943      96.68     0.0330     2.7207     2.4563  2.0441444  0.7850893   46.99876  -47.35618    33.7631    33.7773     1.1629     1.1627    27.0403    27.0518    6.36406    6.60174         30 0.0000e+00
      23438    976.556    137.000     1.1646   2.914214     1.1668   2.915681      96.67     0.0304     2.7317     2.4676  2.0448701  0.7841194   46.99876  -47.35618    33.7604    33.7767     1.1585     1.1607    27.0384    27.0514    6.42884    6.64271         18 0.0000e+00
      23455    977.241    136.000     1.1503   2.912624     1.1507   2.913959      96.37     0.0315     2.7418     2.4760  2.0451052  0.7838781   46.99874  -47.35618    33.7560    33.7727     1.1442     1.1447    27.0359    27.0492    6.48512    6.68604         16 0.0000e+00
      23471    977.896    135.000     1.1284   2.910257     1.1292   2.911570      97.12     0.0333     2.7520     2.4849  2.0451770  0.7838828   46.99874  -47.35618    33.7499    33.7659     1.1225     1.1233    27.0324    27.0452    6.54400    6.73229         16 0.0000e+00
      23488    978.618    134.000     1.0905   2.906215     1.0931   2.907592      96.75     0.0329     2.7652     2.4952  2.0539558  0.7817835   46.99874  -47.35618    33.7397    33.7545     1.0846     1.0872    27.0266    27.0384    6.60950    6.78699         19 0.0000e+00
      23510    979.551    133.000     1.0662   2.903256     1.0593   2.903920      68.08     0.0337     2.7828     2.5097  2.0549335  0.7814449   46.99874  -47.35618    33.7285    33.7446     1.0604     1.0535    27.0193    27.0326    6.68732    6.84725         26 0.0000e+00
      23539    980.763    132.000     1.0432   2.901059     1.0238   2.899905      96.86     0.0311     2.8081     2.5283  2.0580904  0.7773398   46.99874  -47.35618    33.7248    33.7321     1.0375     1.0181    27.0176    27.0248    6.78429    6.91417         31 0.0000e+00
      23568    981.952    131.000     0.9714   2.893069     0.9734   2.894902      96.40     0.0268     2.8336     2.5463  2.0584738  0.7760792   46.99874  -47.35618    33.7020    33.7229     0.9658     0.9678    27.0039    27.0205    6.87469    6.98751         25 0.0000e+00
      23591    982.901    130.000     0.9138   2.886650     0.9130   2.888132      96.87     0.0263     2.8523     2.5610  2.0573819  0.7728781   46.99874  -47.35618    33.6818    33.7017     0.9083     0.9075    26.9912    27.0073    6.91322    7.04160         22 0.0000e+00
      23611    983.764    129.000     0.8607   2.881077     0.8649   2.882847      96.49     0.0281     2.8681     2.5735  2.0573871  0.7728938   46.99874  -47.35618    33.6680    33.6863     0.8553     0.8595    26.9834    26.9979    6.95301    7.07574         20 0.0000e+00
      23633    984.680    128.000     0.7971   2.874542     0.8226   2.878051      94.45     0.0229     2.8833     2.5854  2.0595579  0.7697637   46.99874  -47.35618    33.6531    33.6709     0.7918     0.8173    26.9753    26.9880    6.98591    7.09810         24 0.0000e+00
      23664    985.942    127.000     0.7195   2.865703     0.7542   2.870682      95.91     0.0212     2.9013     2.5993  2.0587606  0.7662186   46.99874  -47.35618    33.6236    33.6503     0.7143     0.7490    26.9561    26.9756    7.02530    7.13568         38 0.0000e+00
      23700    987.479    126.000     0.6770   2.861221     0.6922   2.864036      42.48     0.0185     2.9191     2.6144  2.0560548  0.7579011   46.99872  -47.35617    33.6122    33.6322     0.6720     0.6871    26.9495    26.9647    7.03641    7.17946         31 0.0000e+00
      23725    988.510    125.000     0.6568   2.858738     0.6714   2.861487      94.30     0.0161     2.9281     2.6241  2.0481267  0.7477966   46.99872  -47.35616    33.6025    33.6223     0.6518     0.6664    26.9428    26.9579    7.05427    7.20712         21 0.0000e+00
      23744    989.293    124.000     0.6488   2.857491     0.6594   2.859949      95.97     0.0178     2.9346     2.6301  2.0451725  0.7435833   46.99872  -47.35616    33.5955    33.6159     0.6439     0.6544    26.9377    26.9535    7.05468    7.20862         17 0.0000e+00
      23761    990.015    123.000     0.6423   2.856545     0.6479   2.858333      89.26     0.0177     2.9390     2.6350  2.0443025  0.7433880   46.99872  -47.35616    33.5902    33.6081     0.6374     0.6430    26.9338    26.9479    7.05377    7.20892         18 0.0000e+00
      23779    990.761    122.000     0.6371   2.855563     0.6401   2.857197      81.91     0.0163     2.9432     2.6391  2.0380056  0.7411782   46.99872  -47.35616    33.5844    33.6023     0.6323     0.6353    26.9294    26.9437    7.06119    7.21811         18 0.0000e+00
      23800    991.623    121.000     0.6257   2.853904     0.6297   2.855662      94.37     0.0204     2.9477     2.6441  2.0379043  0.7415183   46.99872  -47.35616    33.5758    33.5943     0.6209     0.6249    26.9231    26.9378    7.05050    7.22685         23 0.0000e+00
      23827    992.736    120.000     0.6179   2.852651     0.6120   2.853142      96.00     0.0222     2.9507     2.6486  2.0296433  0.7341110   46.99872  -47.35616    33.5685    33.5814     0.6132     0.6072    26.9177    26.9284    7.04623    7.22168         31 0.0000e+00
      23858    994.052    119.000     0.5988   2.849957     0.6008   2.851617      93.01     0.0280     2.9544     2.6530  2.0258489  0.7311608   46.99872  -47.35616    33.5548    33.5743     0.5942     0.5961    26.9078    26.9234    7.06248    7.23535         31 0.0000e+00
      23886    995.197    118.000     0.5813   2.847933     0.5781   2.848770      96.18     0.0230     2.9578     2.6570  2.0207129  0.7276869   46.99872  -47.35614    33.5482    33.5625     0.5766     0.5735    26.9035    26.9152    7.09036    7.25688         24 0.0000e+00
      23909    996.146    117.000     0.5493   2.844090     0.5531   2.845814      96.47     0.0203     2.9618     2.6603  2.0182588  0.7269951   46.99872  -47.35614    33.5335    33.5518     0.5447     0.5485    26.8935    26.9080    7.08932    7.25430         22 0.0000e+00
      23930    997.045    116.000     0.5300   2.841963     0.5320   2.843458      91.44     0.0203     2.9628     2.6613  2.0134134  0.7252684   46.99872  -47.35614    33.5273    33.5446     0.5256     0.5275    26.8896    26.9034    7.07408    7.23462         21 0.0000e+00
      23951    997.932    115.000     0.4922   2.838270     0.5073   2.840773      65.28     0.0177     2.9632     2.6616  2.0128391  0.7250379   46.99872  -47.35614    33.5208    33.5371     0.4878     0.5029    26.8864    26.8987    7.07102    7.23772         21 0.0000e+00
      23972    998.800    114.000     0.4327   2.831806     0.4483   2.834830      80.26     0.0191     2.9631     2.6622  2.0048065  0.7182320   46.99872  -47.35614    33.5018    33.5243     0.4284     0.4440    26.8744    26.8917    7.08104    7.25646         21 0.0000e+00
      23994    999.693    113.000     0.3669   2.825157     0.3628   2.826193      95.75     0.0185     2.9630     2.6628  2.0048840  0.7180589   46.99872  -47.35614    33.4870    33.5049     0.3627     0.3587    26.8661    26.8808    7.10037    7.27170         23 0.0000e+00
      24018   1000.721    112.000     0.3251   2.820855     0.3200   2.821545      95.97     0.0193     2.9639     2.6631  2.0015879  0.7138206   46.99872  -47.35614    33.4767    33.4913     0.3210     0.3159    26.8601    26.8721    7.11556    7.28379         27 0.0000e+00
      24048   1001.946    111.000     0.3031   2.818485     0.3042   2.819818      92.08     0.0170     2.9649     2.6644  2.0003166  0.7108865   46.99872  -47.35614    33.4702    33.4865     0.2990     0.3001    26.8560    26.8690    7.12680    7.29976         30 0.0000e+00
      24075   1003.095    110.000     0.2838   2.816335     0.2774   2.817180      95.94     0.0144     2.9657     2.6656  1.9970367  0.7019864   46.99870  -47.35612    33.4635    33.4817     0.2798     0.2734    26.8517    26.8666    7.12409    7.30111         25 0.0000e+00
      24097   1004.019    109.000     0.2185   2.809824     0.2023   2.809656      69.98     0.0161     2.9657     2.6662  1.9960946  0.7011616   46.99870  -47.35612    33.4499    33.4653     0.2146     0.1984    26.8440    26.8573    7.11761    7.31698         20 0.0000e+00
      24118   1004.875    108.000     0.1471   2.802663     0.1317   2.802502      65.86     0.0200     2.9641     2.6666  1.9914547  0.6959145   46.99870  -47.35612    33.4341    33.4488     0.1434     0.1279    26.8349    26.8476    7.12384    7.32541         21 0.0000e+00
      24140   1005.802    107.000     0.0951   2.797795     0.0927   2.798664      94.90     0.0215     2.9628     2.6659  1.9914529  0.6958694   46.99870  -47.35612    33.4273    33.4414     0.0914     0.0890    26.8321    26.8436    7.12041    7.31031         24 0.0000e+00
      24168   1006.947    106.000     0.0627   2.794457     0.0674   2.796113      92.29     0.0218     2.9605     2.6640  1.9902438  0.6875053   46.99870  -47.35612    33.4193    33.4360     0.0590     0.0637    26.8272    26.8405    7.12288    7.30494         31 0.0000e+00
      24201   1008.315    105.000     0.0462   2.792673     0.0517   2.794569      96.43     0.0174     2.9587     2.6634  1.9866560  0.6808363   46.99870  -47.35612    33.4140    33.4333     0.0426     0.0481    26.8238    26.8391    7.14775    7.33354         33 0.0000e+00
      24229   1009.480    104.000     0.0373   2.791553     0.0367   2.792711      94.77     0.0184     2.9603     2.6640  1.9828906  0.6738659   46.99870  -47.35612    33.4099    33.4258     0.0337     0.0331    26.8209    26.8338    7.17089    7.34634         23 0.0000e+00
      24249   1010.330    103.000     0.0157   2.789228     0.0133   2.790288      56.55     0.0209     2.9610     2.6649  1.9829742  0.6723310   46.99870  -47.35610    33.4033    33.4199     0.0122     0.0098    26.8167    26.8302    7.16803    7.34544         18 0.0000e+00
      24266   1011.029    102.000    -0.0106   2.786494    -0.0196   2.786960      66.12     0.0188     2.9615     2.6647  1.9829051  0.6705375   46.99870  -47.35610    33.3964    33.4125    -0.0140    -0.0230    26.8124    26.8258    7.15261    7.33805         16 0.0000e+00
      24281   1011.687    101.000    -0.0431   2.783102    -0.0518   2.783535      96.39     0.0186     2.9602     2.6643  1.9829060  0.6709397   46.99870  -47.35610    33.3877    33.4029    -0.0465    -0.0551    26.8070    26.8196    7.13928    7.34649         16 0.0000e+00
      24298   1012.379    100.000    -0.0874   2.778348    -0.0922   2.779126      96.69     0.0161     2.9589     2.6642  1.9821771  0.6657056   46.99870  -47.35610    33.3737    33.3893    -0.0907    -0.0955    26.7978    26.8106    7.14707    7.36074         18 0.0000e+00
      24320   1013.295     99.000    -0.1306   2.773912    -0.1733   2.770821      96.59     0.0181     2.9575     2.6645  1.9817140  0.6620158   46.99870  -47.35610    33.3628    33.3684    -0.1338    -0.1764    26.7910    26.7975    7.17057    7.38876         28 0.0000e+00
      24356   1014.805     98.000    -0.1954   2.766975    -0.2187   2.766027      93.16     0.0227     2.9582     2.6665  1.9816849  0.6513550   46.99870  -47.35610    33.3421    33.3551    -0.1985    -0.2218    26.7773    26.7888    7.20355    7.41930         41 0.0000e+00
      24392   1016.306     97.000    -0.1832   2.767884    -0.2029   2.767233      74.51     0.0219     2.9597     2.6687  1.9804767  0.6436121   46.99870  -47.35610    33.3415    33.3544    -0.1863    -0.2060    26.7762    26.7876    7.21761    7.42555         30 0.0000e+00
      24417   1017.328     96.000    -0.2209   2.764588    -0.2768   2.760127      73.78     0.0254     2.9617     2.6710  1.9791908  0.6386077   46.99870  -47.35610    33.3392    33.3414    -0.2240    -0.2798    26.7764    26.7804    7.23520    7.45278         21 0.0000e+00
      24438   1018.212     95.000    -0.3062   2.755664    -0.3296   2.754321      87.26     0.0246     2.9629     2.6725  1.9797105  0.6398102   46.99870  -47.35608    33.3147    33.3224    -0.3092    -0.3325    26.7602    26.7674    7.24679    7.46083         21 0.0000e+00
      24459   1019.081     94.000    -0.3451   2.751239    -0.3569   2.751258      96.84     0.0248     2.9640     2.6735  1.9804616  0.6414276   46.99870  -47.35608    33.2989    33.3121    -0.3479    -0.3598    26.7491    26.7603    7.25083    7.46164         21 0.0000e+00
      24480   1019.963     93.000    -0.3674   2.748686    -0.3760   2.749030      89.37     0.0234     2.9636     2.6743  1.9806393  0.6404973   46.99870  -47.35608    33.2898    33.3039    -0.3702    -0.3789    26.7427    26.7545    7.24252    7.47957         21 0.0000e+00
      24502   1020.862     92.000    -0.3827   2.746788    -0.3909   2.747126      96.69     0.0233     2.9638     2.6764  1.9819322  0.6275123   46.99870  -47.35608    33.2819    33.2951    -0.3855    -0.3937    26.7370    26.7480    7.26198    7.50615         23 0.0000e+00
      24526   1021.878     91.000    -0.3935   2.745348    -0.4002   2.745838      96.82     0.0212     2.9656     2.6796  1.9822172  0.6254085   46.99870  -47.35608    33.2751    33.2889    -0.3962    -0.4029    26.7319    26.7434    7.29289    7.53392         27 0.0000e+00
      24561   1023.320     90.000    -0.3992   2.744791    -0.4054   2.745187      69.69     0.0224     2.9707     2.6857  1.9828111  0.6142683   46.99870  -47.35608    33.2745    33.2865    -0.4019    -0.4081    26.7317    26.7417    7.34232    7.56891         41 0.0000e+00
      24596   1024.809     89.000    -0.3990   2.744694    -0.4086   2.744810      91.55     0.0251     2.9787     2.6925  1.9795502  0.6108503   46.99870  -47.35608    33.2735    33.2856    -0.4016    -0.4112    26.7309    26.7410    7.37812    7.58864         28 0.0000e+00
      24620   1025.773     88.000    -0.4076   2.743659    -0.4263   2.742879      96.30     0.0286     2.9841     2.6963  1.9792418  0.6104995   46.99870  -47.35608    33.2698    33.2798    -0.4103    -0.4289    26.7282    26.7371    7.39566    7.60518         20 0.0000e+00
      24638   1026.553     87.000    -0.4299   2.741031    -0.4377   2.741257      96.83     0.0304     2.9881     2.7000  1.9794439  0.6075523   46.99870  -47.35608    33.2596    33.2712    -0.4325    -0.4402    26.7210    26.7306    7.40447    7.61540         18 0.0000e+00
      24656   1027.302     86.000    -0.4439   2.739124    -0.4471   2.739843      96.83     0.0214     2.9913     2.7024  1.9793795  0.6068475   46.99870  -47.35606    33.2501    33.2631    -0.4465    -0.4496    26.7139    26.7246    7.39913    7.60458         18 0.0000e+00
      24675   1028.088     85.000    -0.4546   2.737585    -0.4582   2.738375      88.16     0.0212     2.9938     2.7041  1.9790068  0.6060009   46.99870  -47.35606    33.2418    33.2563    -0.4571    -0.4607    26.7076    26.7195    7.38246    7.60169         20 0.0000e+00
      24696   1028.948     84.000    -0.4620   2.736520    -0.4653   2.737277      57.91     0.0209     2.9943     2.7057  1.9780335  0.6032080   46.99871  -47.35606    33.2363    33.2500    -0.4645    -0.4678    26.7034    26.7147    7.35152    7.60628         21 0.0000e+00
      24718   1029.885     83.000    -0.4637   2.736027    -0.4628   2.737021      82.73     0.0213     2.9935     2.7077  1.9779215  0.6026218   46.99872  -47.35606    33.2321    33.2444    -0.4661    -0.4652    26.7001    26.7101    7.35738    7.61671         24 0.0000e+00
