data/CTD/2013/CNV/U021A053.CNV
* Sea-Bird SBE 9 Data File:
* FileName = C:\CTD_ACQUISITION\2013021HUD\ctddata\021A053.hdr
* Software Version Seasave V 7.22.2
* Temperature SN = 5081
* Conductivity SN = 3561
* Number of Bytes Per Scan = 37
* Number of Voltage Words = 4
* Number of Scans Averaged by the Deck Unit = 1
* NMEA Latitude = 48 45.35 N
* NMEA Longitude = 045 38.39 W
* NMEA UTC (Time) = Jul 05 2013 05:32:39
* NMEA baud rate = 9600
** Ship: Hudson
** Cruise: HUD2013021
** Chief_Scientist: Greenan
** Organization: BIO
** Area_of_Operation: Sackville Spur
** Station: 53
** Sounding:  1400
** Event_Comments: SS24  393215
# nquan = 25
# nvalues = 1369                        
# units = specified
# name 0 = scan: Scan Count
# name 1 = timeS: Time, Elapsed [seconds]
# name 2 = prDM: Pressure, Digiquartz [db]
# name 3 = t068C: Temperature [ITS-68, deg C]
# name 4 = c0S/m: Conductivity [S/m]
# name 5 = t168C: Temperature, 2 [ITS-68, deg C]
# name 6 = c1S/m: Conductivity, 2 [S/m]
# name 7 = altM: Altimeter [m]
# name 8 = flCUVA: Fluorescence, Chelsea UV Aquatracka [ug/l]
# name 9 = sbeox0V: Oxygen raw, SBE 43 [V]
# name 10 = sbeox1V: Oxygen raw, SBE 43, 2 [V]
# name 11 = upoly0: Upoly 0, Optode 4330F - O2 D-Phase
# name 12 = upoly1: Upoly 1, Optode 4330F - O2 Temp
# name 13 = latitude: Latitude [deg]
# name 14 = longitude: Longitude [deg]
# name 15 = sal00: Salinity, Practical [PSU]
# name 16 = sal11: Salinity, Practical, 2 [PSU]
# name 17 = potemp068C: Potential Temperature [ITS-68, deg C]
# name 18 = potemp168C: Potential Temperature, 2 [ITS-68, deg C]
# name 19 = sigma-é00: Density [sigma-theta, Kg/m^3]
# name 20 = sigma-é11: Density, 2 [sigma-theta, Kg/m^3]
# name 21 = sbeox0ML/L: Oxygen, SBE 43 [ml/l], WS = 2
# name 22 = sbeox1ML/L: Oxygen, SBE 43, 2 [ml/l], WS = 2
# name 23 = nbin: number of scans per bin
# name 24 = flag: flag
# span 0 =      39528,      66456       
# span 1 =   1646.974,   2768.939       
# span 2 =      1.000,   1369.000       
# span 3 =     2.1033,     8.0347       
# span 4 =   3.022965,   3.521845       
# span 5 =     2.0957,     8.0892       
# span 6 =   3.023609,   3.529214       
# span 7 =       2.95,      97.65       
# span 8 =     0.0045,     0.4553       
# span 9 =     2.4548,     3.4126       
# span 10 =     2.2063,     3.0463      
# span 11 =  1.7156118,  2.0435107      
# span 12 =  0.8997491,  1.5610654      
# span 13 =   48.75826,   48.75942      
# span 14 =  -45.64160,  -45.63994      
# span 15 =    33.6864,    34.9182      
# span 16 =    33.6864,    34.9344      
# span 17 =     2.1002,     8.0331      
# span 18 =     2.0926,     8.0873      
# span 19 =    26.3608,    27.7652      
# span 20 =    26.3713,    27.7783      
# span 21 =    5.88124,    7.64599      
# span 22 =    6.07652,    7.79539      
# span 23 =         11,        136      
# span 24 = 0.0000e+00, 0.0000e+00      
# interval = decibars: 1                
# start_time = Jul 05 2013 05:32:39 [NMEA time, header]
# bad_flag = -9.990e-29
*END*
[from data line 348]
      46520   1938.280   1021.000     3.7583   3.271411     3.7578   3.272758      95.80     0.0142     2.5787     2.3055  2.0102968  1.0952381   48.75844  -45.64044    34.9060    34.9225     3.6821     3.6816    27.7442    27.7574    6.00659    6.17074         14 0.0000e+00
      46533   1938.840   1020.000     3.7584   3.271382     3.7582   3.272726      95.56     0.0148     2.5797     2.3059  2.0109718  1.0952381   48.75844  -45.64044    34.9060    34.9222     3.6823     3.6820    27.7442    27.7572    6.01728    6.16938         14 0.0000e+00
      46548   1939.440   1019.000     3.7588   3.271355     3.7587   3.272710      74.48     0.0147     2.5804     2.3062  2.0105946  1.0952381   48.75844  -45.64044    34.9058    34.9220     3.6828     3.6827    27.7440    27.7569    6.01808    6.16803         15 0.0000e+00
      46565   1940.146   1018.000     3.7592   3.271327     3.7590   3.272674      76.55     0.0116     2.5815     2.3066  2.0103533  1.0952381   48.75844  -45.64044    34.9056    34.9217     3.6832     3.6830    27.7438    27.7567    6.01546    6.16945         19 0.0000e+00
      46588   1941.144   1017.000     3.7591   3.271276     3.7589   3.272617      94.98     0.0169     2.5819     2.3073  2.0111957  1.0952381   48.75844  -45.64044    34.9056    34.9217     3.6832     3.6830    27.7438    27.7566    6.00968    6.16937         30 0.0000e+00
      46620   1942.465   1016.000     3.7591   3.271226     3.7590   3.272569      74.90     0.0169     2.5824     2.3078  2.0097544  1.0952381   48.75844  -45.64044    34.9055    34.9216     3.6833     3.6832    27.7437    27.7565    6.01257    6.16623         29 0.0000e+00
      46645   1943.482   1015.000     3.7593   3.271184     3.7589   3.272516      91.04     0.0137     2.5832     2.3081  2.0094697  1.0952381   48.75844  -45.64044    34.9054    34.9215     3.6835     3.6832    27.7436    27.7565    6.00749    6.16948         21 0.0000e+00
      46663   1944.247   1014.000     3.7592   3.271128     3.7589   3.272467      68.10     0.0143     2.5831     2.3086  2.0088382  1.0952381   48.75844  -45.64044    34.9053    34.9215     3.6835     3.6832    27.7435    27.7565    6.00733    6.17527         16 0.0000e+00
      46678   1944.896   1013.000     3.7592   3.271085     3.7589   3.272425      62.72     0.0146     2.5830     2.3092  2.0085373  1.0952381   48.75844  -45.64044    34.9053    34.9215     3.6836     3.6833    27.7435    27.7564    6.02526    6.18130         15 0.0000e+00
      46693   1945.499   1012.000     3.7593   3.271047     3.7590   3.272393      71.12     0.0176     2.5852     2.3099  2.0085471  1.0952381   48.75844  -45.64044    34.9052    34.9215     3.6838     3.6835    27.7434    27.7564    6.03096    6.17975         15 0.0000e+00
      46707   1946.097   1011.000     3.7595   3.271010     3.7594   3.272371      56.92     0.0161     2.5855     2.3101  2.0088921  1.0953243   48.75844  -45.64044    34.9051    34.9214     3.6841     3.6840    27.7433    27.7563    6.01279    6.17993         14 0.0000e+00
      46723   1946.734   1010.000     3.7598   3.270984     3.7600   3.272353      96.23     0.0138     2.5848     2.3111  2.0091596  1.0953143   48.75844  -45.64044    34.9050    34.9210     3.6845     3.6884    27.7431    27.7559    6.00619    6.18617         16 0.0000e+00
      46740   1947.475   1009.000     3.7602   3.270970     3.7605   3.272331      72.87     0.0147     2.5855     2.3119  2.0089753  1.0956030   48.75844  -45.64044    34.9049    34.9208     3.6850     3.6852    27.7430    27.7557    6.01848    6.19164         20 0.0000e+00
      46762   1948.395   1008.000     3.7605   3.270936     3.7606   3.272287      85.78     0.0126     2.5861     2.3132  2.0087955  1.0952467   48.75844  -45.64044    34.9047    34.9207     3.6853     3.6854    27.7429    27.7556    6.01780    6.19352         25 0.0000e+00
      46788   1949.450   1007.000     3.7605   3.270888     3.7606   3.272236      95.92     0.0116     2.5866     2.3144  2.0090075  1.0952381   48.75844  -45.64045    34.9046    34.9205     3.6855     3.6855    27.7428    27.7554    6.01770    6.19233         24 0.0000e+00
      46810   1950.362   1006.000     3.7608   3.270844     3.7610   3.272194      72.82     0.0088     2.5879     2.3150  2.0089126  1.0956075   48.75846  -45.64046    34.9043    34.9202     3.6858     3.6859    27.7425    27.7551    6.03024    6.18994         20 0.0000e+00
      46828   1951.127   1005.000     3.7610   3.270811     3.7613   3.272162      66.73     0.0110     2.5882     2.3158  2.0089781  1.0957413   48.75844  -45.64046    34.9042    34.9200     3.6861     3.6863    27.7424    27.7549    6.03030    6.19156         17 0.0000e+00
      46845   1951.831   1004.000     3.7613   3.270769     3.7615   3.272130      95.71     0.0130     2.5896     2.3160  2.0087631  1.0958841   48.75843  -45.64045    34.9039    34.9198     3.6865     3.6867    27.7421    27.7548    6.03659    6.19510         17 0.0000e+00
      46862   1952.538   1003.000     3.7617   3.270730     3.7615   3.272074      68.34     0.0093     2.5901     2.3172  2.0085480  1.0964565   48.75842  -45.64044    34.9036    34.9197     3.6869     3.6868    27.7418    27.7546    6.03842    6.19730         17 0.0000e+00
      46880   1953.284   1002.000     3.7617   3.270685     3.7616   3.272015      82.59     0.0116     2.5916     2.3174  2.0085471  1.0964592   48.75842  -45.64044    34.9035    34.9194     3.6871     3.6869    27.7417    27.7544    6.04089    6.19070         19 0.0000e+00
      46899   1954.102   1001.000     3.7618   3.270634     3.7615   3.271956      95.76     0.0142     2.5927     2.3179  2.0085471  1.0964592   48.75842  -45.64044    34.9033    34.9193     3.6872     3.6869    27.7416    27.7543    6.04334    6.19684         20 0.0000e+00
      46921   1955.016   1000.000     3.7618   3.270585     3.7614   3.271892      93.23     0.0145     2.5941     2.3187  2.0085471  1.0963074   48.75842  -45.64044    34.9032    34.9192     3.6873     3.6869    27.7415    27.7542    6.04645    6.19935         24 0.0000e+00
      46945   1955.996    999.000     3.7617   3.270515     3.7614   3.271806      66.71     0.0149     2.5950     2.3197  2.0079124  1.0964586   48.75842  -45.64044    34.9030    34.9187     3.6873     3.6869    27.7413    27.7538    6.04505    6.20646         23 0.0000e+00
      46967   1956.936    998.000     3.7617   3.270449     3.7613   3.271729      47.36     0.0176     2.5961     2.3208  2.0073140  1.0964592   48.75842  -45.64044    34.9027    34.9184     3.6874     3.6870    27.7411    27.7536    6.04733    6.20579         21 0.0000e+00
      46987   1957.764    997.000     3.7617   3.270353     3.7613   3.271653      95.11     0.0211     2.5971     2.3214  2.0073261  1.0963938   48.75842  -45.64044    34.9022    34.9180     3.6874     3.6870    27.7406    27.7533    6.04275    6.20297         19 0.0000e+00
      47005   1958.518    996.000     3.7615   3.270278     3.7612   3.271575      94.41     0.0179     2.5971     2.3217  2.0073261  1.0963913   48.75842  -45.64044    34.9019    34.9177     3.6874     3.6870    27.7404    27.7530    6.04307    6.19887         18 0.0000e+00
      47023   1959.243    995.000     3.7615   3.270208     3.7612   3.271509      95.71     0.0140     2.5976     2.3219  2.0073261  1.0964584   48.75842  -45.64044    34.9016    34.9174     3.6875     3.6871    27.7402    27.7528    6.04596    6.18880         17 0.0000e+00
      47040   1959.961    994.000     3.7614   3.270135     3.7611   3.271441      95.81     0.0113     2.5988     2.3214  2.0059564  1.0964592   48.75842  -45.64044    34.9013    34.9172     3.6874     3.6871    27.7400    27.7526    6.04744    6.18732         17 0.0000e+00
      47057   1960.676    993.000     3.7614   3.270071     3.7611   3.271390      58.68     0.0112     2.5989     2.3218  2.0046511  1.0964592   48.75842  -45.64044    34.9011    34.9172     3.6875     3.6871    27.7398    27.7526    6.04818    6.19703         17 0.0000e+00
      47074   1961.380    992.000     3.7614   3.270023     3.7610   3.271338      87.91     0.0133     2.5995     2.3218  2.0052474  1.0964592   48.75842  -45.64044    34.9011    34.9171     3.6875     3.6871    27.7398    27.7526    6.04731    6.19740         17 0.0000e+00
      47091   1962.064    991.000     3.7614   3.269963     3.7609   3.271281      95.78     0.0159     2.5999     2.3223  2.0051892  1.0964592   48.75842  -45.64046    34.9010    34.9171     3.6876     3.6871    27.7396    27.7525    6.04552    6.19773         16 0.0000e+00
      47107   1962.741    990.000     3.7612   3.269906     3.7608   3.271231      73.92     0.0150     2.6001     2.3225  2.0049589  1.0964592   48.75842  -45.64046    34.9009    34.9171     3.6875     3.6871    27.7396    27.7525    6.04759    6.19967         17 0.0000e+00
      47124   1963.451    989.000     3.7611   3.269848     3.7607   3.271177      42.45     0.0174     2.6011     2.3231  2.0050981  1.0964592   48.75842  -45.64046    34.9009    34.9170     3.6875     3.6871    27.7396    27.7525    6.04839    6.20070         17 0.0000e+00
      47143   1964.243    988.000     3.7611   3.269803     3.7606   3.271127      78.63     0.0180     2.6011     2.3234  2.0040216  1.0964016   48.75842  -45.64046    34.9009    34.9171     3.6876     3.6871    27.7396    27.7525    6.04172    6.19852         21 0.0000e+00
      47165   1965.161    987.000     3.7610   3.269742     3.7605   3.271068      86.71     0.0183     2.6010     2.3238  2.0038762  1.0964060   48.75842  -45.64046    34.9008    34.9170     3.6875     3.6871    27.7395    27.7525    6.03801    6.20412         23 0.0000e+00
      47188   1966.134    986.000     3.7609   3.269689     3.7604   3.271007      72.01     0.0159     2.6014     2.3246  2.0036612  1.0962453   48.75842  -45.64046    34.9007    34.9169     3.6876     3.6870    27.7395    27.7524    6.05007    6.20762         23 0.0000e+00
      47210   1967.051    985.000     3.7608   3.269627     3.7604   3.270943      96.02     0.0151     2.6022     2.3253  2.0036631  1.0958740   48.75842  -45.64046    34.9006    34.9167     3.6875     3.6871    27.7394    27.7522    6.04892    6.19997         21 0.0000e+00
      47230   1967.889    984.000     3.7606   3.269564     3.7601   3.270879      95.55     0.0170     2.6026     2.3251  2.0036631  1.0962728   48.75842  -45.64046    34.9006    34.9167     3.6875     3.6869    27.7394    27.7523    6.04486    6.19661         20 0.0000e+00
      47250   1968.696    983.000     3.7605   3.269501     3.7600   3.270828      56.49     0.0203     2.6028     2.3254  2.0036631  1.0964563   48.75842  -45.64046    34.9005    34.9167     3.6874     3.6869    27.7393    27.7523    6.04468    6.19513         19 0.0000e+00
      47270   1969.535    982.000     3.7604   3.269444     3.7600   3.270774      52.66     0.0172     2.6029     2.3251  2.0036054  1.0964015   48.75842  -45.64046    34.9004    34.9167     3.6874     3.6869    27.7392    27.7522    6.04682    6.19138         21 0.0000e+00
      47292   1970.441    981.000     3.7603   3.269393     3.7600   3.270715      95.60     0.0111     2.6035     2.3251  2.0024376  1.0964594   48.75842  -45.64046    34.9004    34.9165     3.6874     3.6870    27.7393    27.7521    6.05819    6.19907         22 0.0000e+00
      47313   1971.354    980.000     3.7603   3.269343     3.7599   3.270656      94.23     0.0132     2.6053     2.3259  2.0024421  1.0964592   48.75842  -45.64046    34.9004    34.9163     3.6874     3.6871    27.7392    27.7519    6.06661    6.20487         21 0.0000e+00
      47333   1972.168    979.000     3.7603   3.269271     3.7600   3.270593      95.85     0.0121     2.6058     2.3263  2.0023725  1.0964592   48.75842  -45.64044    34.9000    34.9160     3.6875     3.6872    27.7389    27.7517    6.06016    6.21004         18 0.0000e+00
      47351   1972.902    978.000     3.7603   3.269202     3.7600   3.270520      95.81     0.0093     2.6066     2.3273  2.0024426  1.0964592   48.75842  -45.64044    34.8997    34.9157     3.6876     3.6872    27.7387    27.7514    6.06593    6.20762         18 0.0000e+00
      47368   1973.616    977.000     3.7602   3.269136     3.7599   3.270454      59.63     0.0131     2.6078     2.3273  2.0024421  1.0964592   48.75842  -45.64045    34.8995    34.9155     3.6876     3.6906    27.7385    27.7513    6.06740    6.20028         17 0.0000e+00
      47386   1974.367    976.000     3.7602   3.269072     3.7599   3.270408      84.92     0.0148     2.6080     2.3275  2.0024421  1.0964592   48.75842  -45.64046    34.8993    34.9155     3.6876     3.6874    27.7384    27.7512    6.06452    6.20716         19 0.0000e+00
      47406   1975.190    975.000     3.7602   3.269019     3.7599   3.270350      68.40     0.0183     2.6091     2.3284  2.0024421  1.0963979   48.75842  -45.64046    34.8992    34.9153     3.6878     3.6874    27.7382    27.7511    6.06237    6.21310         20 0.0000e+00
      47426   1976.041    974.000     3.7603   3.268965     3.7598   3.270289      71.22     0.0152     2.6092     2.3290  2.0024421  1.0964606   48.75842  -45.64046    34.8990    34.9152     3.6879     3.6875    27.7381    27.7510    6.05956    6.21517         20 0.0000e+00
      47445   1976.821    973.000     3.7603   3.268913     3.7598   3.270241      48.38     0.0113     2.6096     2.3299  2.0024421  1.0963906   48.75842  -45.64045    34.8989    34.9152     3.6880     3.6875    27.7379    27.7510    6.06013    6.21164         18 0.0000e+00
      47461   1977.510    972.000     3.7602   3.268851     3.7597   3.270181      84.64     0.0102     2.6100     2.3300  2.0024421  1.0964581   48.75842  -45.64044    34.8988    34.9150     3.6880     3.6875    27.7378    27.7508    6.05657    6.21240         16 0.0000e+00
      47477   1978.148    971.000     3.7601   3.268797     3.7596   3.270118      93.97     0.0120     2.6100     2.3308  2.0024421  1.0964592   48.75842  -45.64044    34.8987    34.9149     3.6880     3.6875    27.7378    27.7507    6.05414    6.21880         15 0.0000e+00
      47492   1978.774    970.000     3.7600   3.268742     3.7596   3.270065      48.16     0.0135     2.6099     2.3310  2.0024421  1.0964592   48.75842  -45.64044    34.8987    34.9148     3.6879     3.6876    27.7378    27.7507    6.05984    6.21648         15 0.0000e+00
      47508   1979.440    969.000     3.7599   3.268685     3.7595   3.270012      92.73     0.0138     2.6109     2.3315  2.0024421  1.0964592   48.75842  -45.64044    34.8986    34.9148     3.6880     3.6875    27.7377    27.7507    6.06304    6.20973         17 0.0000e+00
      47527   1980.231    968.000     3.7598   3.268632     3.7595   3.269964      95.40     0.0134     2.6107     2.3317  2.0005701  1.0964024   48.75842  -45.64046    34.8986    34.9148     3.6880     3.6876    27.7377    27.7507    6.06697    6.21142         21 0.0000e+00
      47554   1981.355    967.000     3.7598   3.268577     3.7594   3.269904      67.63     0.0161     2.6122     2.3324  2.0001523  1.0963446   48.75842  -45.64044    34.8984    34.9146     3.6880     3.6876    27.7376    27.7505    6.06746    6.21644         32 0.0000e+00
      47583   1982.600    966.000     3.7597   3.268529     3.7595   3.269858      90.00     0.0109     2.6131     2.3334  1.9988654  1.0960037   48.75842  -45.64044    34.8985    34.9145     3.6880     3.6877    27.7376    27.7504    6.07402    6.22807         25 0.0000e+00
      47603   1983.437    965.000     3.7599   3.268491     3.7595   3.269817      73.77     0.0092     2.6139     2.3346  1.9988490  1.0958813   48.75842  -45.64044    34.8983    34.9145     3.6883     3.6879    27.7375    27.7504    6.07593    6.22890         17 0.0000e+00
