data/CTD/2013/CNV/U021A058.CNV
* Sea-Bird SBE 9 Data File:
* FileName = C:\CTD_ACQUISITION\2013021HUD\ctddata\021A058.hdr
* Software Version Seasave V 7.22.2
* Temperature SN = 5081
* Conductivity SN = 3561
* Number of Bytes Per Scan = 37
* Number of Voltage Words = 4
* Number of Scans Averaged by the Deck Unit = 1
* NMEA Latitude = 48 28.99 N
* NMEA Longitude = 045 20.33 W
* NMEA UTC (Time) = Jul 05 2013 11:38:36
* NMEA baud rate = 9600
** Ship: Hudson
** Cruise: HUD2013021
** Chief_Scientist: Greenan
** Organization: BIO
** Area_of_Operation: Sackville Spur
** Station: 58
** Sounding:  775
** Event_Comments: SS19  393225
# nquan = 25
# nvalues = 775                         
# units = specified
# name 0 = scan: Scan Count
# name 1 = timeS: Time, Elapsed [seconds]
# name 2 = prDM: Pressure, Digiquartz [db]
# name 3 = t068C: Temperature [ITS-68, deg C]
# name 4 = c0S/m: Conductivity [S/m]
# name 5 = t168C: Temperature, 2 [ITS-68, deg C]
# name 6 = c1S/m: Conductivity, 2 [S/m]
# name 7 = altM: Altimeter [m]
# name 8 = flCUVA: Fluorescence, Chelsea UV Aquatracka [ug/l]
# name 9 = sbeox0V: Oxygen raw, SBE 43 [V]
# name 10 = sbeox1V: Oxygen raw, SBE 43, 2 [V]
# name 11 = upoly0: Upoly 0, Optode 4330F - O2 D-Phase
# name 12 = upoly1: Upoly 1, Optode 4330F - O2 Temp
# name 13 = latitude: Latitude [deg]
# name 14 = longitude: Longitude [deg]
# name 15 = sal00: Salinity, Practical [PSU]
# name 16 = sal11: Salinity, Practical, 2 [PSU]
# name 17 = potemp068C: Potential Temperature [ITS-68, deg C]
# name 18 = potemp168C: Potential Temperature, 2 [ITS-68, deg C]
# name 19 = sigma-é00: Density [sigma-theta, Kg/m^3]
# name 20 = sigma-é11: Density, 2 [sigma-theta, Kg/m^3]
# name 21 = sbeox0ML/L: Oxygen, SBE 43 [ml/l], WS = 2
# name 22 = sbeox1ML/L: Oxygen, SBE 43, 2 [ml/l], WS = 2
# name 23 = nbin: number of scans per bin
# name 24 = flag: flag
# span 0 =      27702,      47177       
# span 1 =   1154.189,   1965.669       
# span 2 =      1.000,    775.000       
# span 3 =     2.8477,     6.0569       
# span 4 =   3.084531,   3.301471       
# span 5 =     2.8121,     6.0551       
# span 6 =   3.081461,   3.303244       
# span 7 =       4.79,     103.32       
# span 8 =     0.0064,     0.4691       
# span 9 =     2.6309,     3.4100       
# span 10 =     2.3447,     3.0195      
# span 11 =  1.7061252,  2.0128554      
# span 12 =  0.9963391,  1.3824474      
# span 13 =   48.48021,   48.48170      
# span 14 =  -45.33892,  -45.33694      
# span 15 =    33.1701,    34.9139      
# span 16 =    33.1842,    34.9298      
# span 17 =     2.8452,     6.0568      
# span 18 =     2.8099,     6.0550      
# span 19 =    26.1000,    27.7388      
# span 20 =    26.1113,    27.7522      
# span 21 =    5.75009,    7.26766      
# span 22 =    5.81960,    7.30222      
# span 23 =         12,        596      
# span 24 = 0.0000e+00, 0.0000e+00      
# interval = decibars: 1                
# start_time = Jul 05 2013 11:38:36 [NMEA time, header]
# bad_flag = -9.990e-29
*END*
[from data line 696]
      44589   1857.853     79.000     3.0734   3.125822     3.0642   3.126117      90.17     0.0227     2.9603     2.6115  1.9523827  1.0170970   48.48022  -45.33710    34.3857    34.3991     3.0686     3.0594    27.3885    27.4001    6.50765    6.54015         16 0.0000e+00
      44604   1858.470     78.000     3.0492   3.122637     3.0402   3.123270      48.73     0.0186     2.9611     2.6129  1.9523809  1.0170940   48.48022  -45.33710    34.3733    34.3906     3.0445     3.0355    27.3808    27.3954    6.51029    6.54404         14 0.0000e+00
      44619   1859.084     77.000     3.0313   3.120316     3.0224   3.121051      66.45     0.0159     2.9616     2.6136  1.9520546  1.0170940   48.48022  -45.33710    34.3646    34.3831     3.0267     3.0177    27.3755    27.3911    6.51428    6.54505         15 0.0000e+00
      44635   1859.744     76.000     3.0242   3.119240     3.0204   3.120312      95.27     0.0146     2.9625     2.6147  1.9503140  1.0160977   48.48022  -45.33710    34.3597    34.3767     3.0196     3.0158    27.3722    27.3862    6.51202    6.55238         17 0.0000e+00
      44654   1860.523     75.000     3.0240   3.119112     3.0320   3.121110      95.36     0.0146     2.9626     2.6164  1.9499472  1.0158781   48.48022  -45.33710    34.3589    34.3747     3.0194     3.0274    27.3716    27.3835    6.50644    6.55722         21 0.0000e+00
      44678   1861.540     74.000     3.0294   3.119410     3.0396   3.121499      58.48     0.0153     2.9628     2.6180  1.9494271  1.0137833   48.48022  -45.33710    34.3572    34.3718     3.0250     3.0351    27.3698    27.3805    6.50367    6.54992         28 0.0000e+00
      44708   1862.794     73.000     3.0295   3.119546     3.0430   3.121625      95.46     0.0152     2.9623     2.6188  1.9489930  1.0121683   48.48022  -45.33710    34.3594    34.3703     3.0251     3.0386    27.3714    27.3790    6.49504    6.52594         31 0.0000e+00
      44738   1864.031     72.000     3.0330   3.119772     3.0499   3.121828      81.86     0.0188     2.9614     2.6159  1.9469126  1.0108032   48.48022  -45.33710    34.3590    34.3660     3.0286     3.0455    27.3708    27.3749    6.49117    6.49441         28 0.0000e+00
      44763   1865.092     71.000     3.0516   3.120525     3.0687   3.122826      65.05     0.0186     2.9612     2.6139  1.9471804  1.0107229   48.48022  -45.33710    34.3489    34.3587     3.0473     3.0644    27.3610    27.3673    6.48993    6.50632         23 0.0000e+00
      44784   1865.948     70.000     3.0732   3.121782     3.0849   3.123864      54.85     0.0174     2.9610     2.6140  1.9451658  1.0109924   48.48022  -45.33710    34.3418    34.3546     3.0689     3.0807    27.3534    27.3626    6.48426    6.51141         18 0.0000e+00
      44801   1866.663     69.000     3.0920   3.123045     3.0956   3.124570      95.79     0.0176     2.9610     2.6138  1.9452080  1.0109109   48.48022  -45.33710    34.3377    34.3524     3.0877     3.0914    27.3484    27.3598    6.47931    6.50333         16 0.0000e+00
      44817   1867.314     68.000     3.0984   3.123492     3.0983   3.124797      67.48     0.0197     2.9600     2.6133  1.9446725  1.0112184   48.48022  -45.33710    34.3369    34.3529     3.0942     3.0941    27.3472    27.3599    6.48632    6.50871         16 0.0000e+00
      44832   1867.961     67.000     3.0917   3.122676     3.0822   3.123252      55.46     0.0181     2.9618     2.6140  1.9426681  1.0121834   48.48022  -45.33710    34.3346    34.3517     3.0876     3.0781    27.3460    27.3605    6.50292    6.52979         16 0.0000e+00
      44849   1868.664     66.000     3.0758   3.120951     3.0611   3.121082      93.44     0.0184     2.9625     2.6157  1.9424818  1.0122100   48.48022  -45.33710    34.3310    34.3483     3.0718     3.0571    27.3445    27.3597    6.50952    6.54346         18 0.0000e+00
      44870   1869.526     65.000     3.0560   3.118827     3.0425   3.119086      94.81     0.0191     2.9648     2.6171  1.9426073  1.0127953   48.48022  -45.33709    34.3268    34.3444     3.0521     3.0385    27.3430    27.3583    6.52830    6.54151         24 0.0000e+00
      44897   1870.682     64.000     3.0566   3.118917     3.0327   3.117896      60.63     0.0216     2.9674     2.6184  1.9424590  1.0134169   48.48022  -45.33708    34.3278    34.3409     3.0527     3.0288    27.3438    27.3564    6.52531    6.54337         31 0.0000e+00
      44927   1871.917     63.000     3.0495   3.118196     3.0324   3.117719      96.36     0.0182     2.9693     2.6191  1.9426693  1.0112545   48.48022  -45.33708    34.3272    34.3396     3.0457     3.0286    27.3439    27.3554    6.52587    6.53473         25 0.0000e+00
      44949   1872.819     62.000     3.0333   3.116361     3.0224   3.116501      94.72     0.0142     2.9706     2.6195  1.9424790  1.0109788   48.48022  -45.33708    34.3226    34.3360     3.0296     3.0186    27.3417    27.3534    6.54189    6.54728         19 0.0000e+00
      44965   1873.505     61.000     3.0351   3.116037     3.0399   3.117453      25.52     0.0149     2.9725     2.6205  1.9433521  1.0109891   48.48022  -45.33708    34.3173    34.3294     3.0314     3.0362    27.3373    27.3465    6.54993    6.55485         15 0.0000e+00
      44980   1874.115     60.000     3.0918   3.120808     3.1045   3.122625      57.71     0.0164     2.9743     2.6218  1.9441085  1.0109891   48.48022  -45.33708    34.3156    34.3242     3.0882     3.1008    27.3307    27.3365    6.53999    6.54479         14 0.0000e+00
      44994   1874.724     59.000     3.1388   3.125245     3.1541   3.127472      94.42     0.0155     2.9753     2.6226  1.9439119  1.0109134   48.48023  -45.33708    34.3201    34.3309     3.1352     3.1505    27.3300    27.3372    6.52476    6.52850         16 0.0000e+00
      45011   1875.408     58.000     3.1624   3.127403     3.1639   3.128628      94.74     0.0159     2.9761     2.6227  1.9427327  1.0100113   48.48024  -45.33708    34.3219    34.3352     3.1588     3.1603    27.3293    27.3397    6.51861    6.51656         18 0.0000e+00
      45033   1876.343     57.000     3.1587   3.126805     3.1490   3.126945      62.24     0.0177     2.9774     2.6225  1.9413807  1.0088730   48.48024  -45.33708    34.3191    34.3314     3.1552     3.1456    27.3273    27.3381    6.52587    6.51571         28 0.0000e+00
      45067   1877.757     56.000     3.1535   3.126251     3.1473   3.126687      92.46     0.0191     2.9785     2.6232  1.9410474  1.0136324   48.48024  -45.33708    34.3184    34.3303     3.1501     3.1439    27.3272    27.3373    6.51149    6.53727         36 0.0000e+00
      45097   1878.982     55.000     3.1517   3.125914     3.1504   3.126870      93.25     0.0218     2.9789     2.6255  1.9407715  1.0159594   48.48024  -45.33708    34.3168    34.3298     3.1483     3.1470    27.3261    27.3367    6.51652    6.53911         22 0.0000e+00
      45116   1879.781     54.000     3.1651   3.126601     3.1907   3.129580      35.41     0.0267     2.9787     2.6259  1.9396145  1.0169026   48.48024  -45.33708    34.3115    34.3204     3.1618     3.1874    27.3206    27.3254    6.49091    6.53071         18 0.0000e+00
      45132   1880.450     53.000     3.2122   3.130406     3.2239   3.132350      94.57     0.0249     2.9769     2.6269  1.9392799  1.0170915   48.48024  -45.33708    34.3082    34.3193     3.2090     3.2207    27.3136    27.3214    6.45422    6.52149         15 0.0000e+00
      45147   1881.077     52.000     3.2286   3.131461     3.2289   3.132612      95.19     0.0266     2.9744     2.6270  1.9395978  1.0170940   48.48024  -45.33708    34.3040    34.3178     3.2255     3.2257    27.3087    27.3197    6.42304    6.49281         15 0.0000e+00
      45162   1881.721     51.000     3.2212   3.130171     3.2121   3.130554      94.98     0.0269     2.9696     2.6246  1.9371504  1.0170940   48.48024  -45.33708    34.2969    34.3112     3.2181     3.2090    27.3038    27.3160    6.42046    6.46896         16 0.0000e+00
      45180   1882.447     50.000     3.2087   3.128551     3.1915   3.127939      54.53     0.0259     2.9676     2.6223  1.9367073  1.0170940   48.48024  -45.33708    34.2911    34.3018     3.2056     3.1885    27.3003    27.3105    6.43953    6.47686         19 0.0000e+00
      45201   1883.353     49.000     3.2018   3.127546     3.1704   3.125341      81.48     0.0260     2.9662     2.6209  1.9364171  1.0190016   48.48024  -45.33708    34.2868    34.2933     3.1988     3.1673    27.2975    27.3057    6.45338    6.48403         25 0.0000e+00
      45230   1884.562     48.000     3.1719   3.123902     3.1516   3.122916      66.88     0.0318     2.9660     2.6192  1.9365841  1.0220140   48.48024  -45.33708    34.2748    34.2844     3.1689     3.1486    27.2907    27.3002    6.47289    6.49399         32 0.0000e+00
      45259   1885.764     47.000     3.1774   3.124321     3.1289   3.120277      47.95     0.0338     2.9670     2.6197  1.9356151  1.0219769   48.48024  -45.33708    34.2746    34.2769     3.1745     3.1261    27.2900    27.2964    6.48530    6.53365         24 0.0000e+00
      45280   1886.622     46.000     3.1539   3.121757     3.0983   3.116518      96.34     0.0291     2.9687     2.6229  1.9352796  1.0219780   48.48024  -45.33708    34.2689    34.2642     3.1511     3.0955    27.2877    27.2891    6.50357    6.58399         18 0.0000e+00
      45296   1887.310     45.000     3.0640   3.111037     3.0093   3.107759      95.01     0.0259     2.9698     2.6272  1.9355910  1.0217500   48.48024  -45.33708    34.2345    34.2527     3.0613     3.0066    27.2684    27.2880    6.55604    6.63273         16 0.0000e+00
      45312   1887.940     44.000     2.9258   3.095690     2.8783   3.093912      94.54     0.0279     2.9753     2.6319  1.9364026  1.0207856   48.48024  -45.33708    34.1946    34.2234     2.9232     2.8757    27.2491    27.2763    6.62781    6.67276         15 0.0000e+00
      45327   1888.571     43.000     2.8477   3.086782     2.8497   3.088380      38.76     0.0280     2.9804     2.6363  1.9365863  1.0207571   48.48024  -45.33708    34.1692    34.1867     2.8452     2.8472    27.2358    27.2496    6.65424    6.67959         15 0.0000e+00
      45343   1889.250     42.000     2.8583   3.086798     2.8872   3.090547      79.15     0.0259     2.9849     2.6395  1.9369048  1.0200998   48.48024  -45.33708    34.1587    34.1739     2.8558     2.8847    27.2265    27.2360    6.65761    6.66972         18 0.0000e+00
      45363   1890.087     41.000     2.8619   3.086239     2.8386   3.085297      94.63     0.0272     2.9908     2.6434  1.9389602  1.0172278   48.48024  -45.33708    34.1486    34.1619     2.8595     2.8362    27.2181    27.2307    6.67482    6.68544         23 0.0000e+00
      45391   1891.230     40.000     2.8485   3.084531     2.8121   3.081461      66.77     0.0341     2.9988     2.6485  1.9400741  1.0127209   48.48024  -45.33708    34.1425    34.1439     2.8462     2.8099    27.2144    27.2187    6.69423    6.71187         31 0.0000e+00
      45421   1892.512     39.000     2.8574   3.085623     2.8810   3.087517      32.79     0.0437     3.0078     2.6556  1.9421585  1.0019872   48.48024  -45.33708    34.1470    34.1451     2.8551     2.8787    27.2172    27.2135    6.73008    6.73976         27 0.0000e+00
      45444   1893.475     38.000     2.8865   3.086508     3.1219   3.106072      96.67     0.0492     3.0157     2.6629  1.9413029  1.0002242   48.48024  -45.33707    34.1274    34.1165     2.8843     3.1196    27.1989    27.1690    6.75664    6.75056         20 0.0000e+00
      45463   1894.236     37.000     3.0689   3.102000     3.2731   3.120280      72.20     0.0522     3.0225     2.6707  1.9410503  0.9974657   48.48024  -45.33706    34.1236    34.1297     3.0667     3.2708    27.1795    27.1655    6.75907    6.75631         18 0.0000e+00
      45480   1894.943     36.000     3.2374   3.116647     3.2939   3.122289      44.28     0.0553     3.0311     2.6776  1.9407518  0.9975566   48.48024  -45.33706    34.1241    34.1327     3.2351     3.2916    27.1643    27.1660    6.77174    6.77282         17 0.0000e+00
      45497   1895.670     35.000     3.2521   3.116359     3.2435   3.116369      82.57     0.0596     3.0403     2.6852  1.9347559  0.9966974   48.48024  -45.33706    34.1056    34.1147     3.2499     3.2414    27.1482    27.1563    6.80171    6.80940         18 0.0000e+00
      45516   1896.474     34.000     3.2348   3.113573     3.2275   3.113448      94.32     0.0623     3.0507     2.6936  1.9326133  0.9963391   48.48024  -45.33706    34.0906    34.0968     3.2327     3.2254    27.1378    27.1435    6.83253    6.84570         20 0.0000e+00
      45538   1897.393     33.000     3.2291   3.112633     3.2197   3.111954      57.73     0.0603     3.0627     2.7044  1.9328442  1.0044541   48.48024  -45.33706    34.0857    34.0874     3.2271     3.2177    27.1345    27.1367    6.87656    6.91011         24 0.0000e+00
      45562   1898.375     32.000     3.2275   3.111990     3.2444   3.113150      82.19     0.0667     3.0776     2.7196  1.9327388  1.0170875   48.48024  -45.33706    34.0806    34.0765     3.2256     3.2424    27.1305    27.1257    6.95697    7.01451         23 0.0000e+00
      45585   1899.315     31.000     3.2383   3.111993     3.3224   3.119246      94.45     0.0726     3.0951     2.7405  1.9317317  1.0182076   48.48024  -45.33706    34.0694    34.0686     3.2364     3.3205    27.1206    27.1121    6.99450    7.12638         22 0.0000e+00
      45605   1900.183     30.000     3.3034   3.116600     3.4241   3.128377      74.34     0.0719     3.1083     2.7627  1.9294373  1.0207447   48.48024  -45.33706    34.0572    34.0724     3.3015     3.4223    27.1048    27.1055    7.06425    7.20036         20 0.0000e+00
      45625   1901.007     29.000     3.3968   3.125108     3.5113   3.135794      56.24     0.0805     3.1301     2.7847  1.9292461  1.0207571   48.48024  -45.33706    34.0623    34.0707     3.3950     3.5095    27.1000    27.0958    7.17545    7.23621         20 0.0000e+00
      45645   1901.821     28.000     3.5335   3.136806     3.6388   3.146742      93.56     0.0952     3.1524     2.8043  1.9234895  1.0229712   48.48024  -45.33706    34.0602    34.0692     3.5317     3.6370    27.0853    27.0822    7.18548    7.26076         19 0.0000e+00
      45664   1902.637     27.000     3.6287   3.145674     3.7026   3.152165      93.99     0.1168     3.1714     2.8249  1.9229416  1.0232019   48.48024  -45.33706    34.0673    34.0679     3.6270     3.7009    27.0818    27.0749    7.19778    7.30222         19 0.0000e+00
      45684   1903.452     26.000     3.7045   3.151387     3.7933   3.157550      94.18     0.1509     3.1908     2.8435  1.9202843  1.0289130   48.48024  -45.33706    34.0572    34.0381     3.7028     3.7916    27.0661    27.0421    7.23635    7.29891         20 0.0000e+00
      45705   1904.316     25.000     3.8381   3.160232     4.0555   3.175161      93.88     0.1997     3.2110     2.8586  1.9168476  1.0366601   48.48024  -45.33706    34.0240    33.9754     3.8364     4.0538    27.0264    26.9656    7.24915    7.23908         22 0.0000e+00
      45727   1905.264     24.000     4.0504   3.176723     4.4546   3.202921      93.97     0.2465     3.2304     2.8715  1.9134867  1.0415789   48.48024  -45.33706    33.9998    33.8914     4.0487     4.4529    26.9856    26.8569    7.22475    7.18163         24 0.0000e+00
      45752   1906.273     23.000     4.0709   3.182269     4.8510   3.227725      94.06     0.2827     3.2481     2.8853  1.9047976  1.0549686   48.48024  -45.33706    34.0449    33.7759     4.0693     4.8493    27.0193    26.7219    7.23256    7.16011         24 0.0000e+00
