data/CTD/2013/CNV/U021A052.CNV
* Sea-Bird SBE 9 Data File:
* FileName = C:\CTD_ACQUISITION\2013021HUD\ctddata\021A052.hdr
* Software Version Seasave V 7.22.2
* Temperature SN = 5081
* Conductivity SN = 3561
* Number of Bytes Per Scan = 37
* Number of Voltage Words = 4
* Number of Scans Averaged by the Deck Unit = 1
* NMEA Latitude = 48 48.44 N
* NMEA Longitude = 045 41.76 W
* NMEA UTC (Time) = Jul 05 2013 04:01:06
* NMEA baud rate = 9600
** Ship: Hudson
** Cruise: HUD2013021
** Chief_Scientist: Greenan
** Organization: BIO
** Area_of_Operation: Sackville Spur
** Station: 52
** Sounding:  1600
** Event_Comments: SS25  393213
# nquan = 25
# nvalues = 1810                        
# units = specified
# name 0 = scan: Scan Count
# name 1 = timeS: Time, Elapsed [seconds]
# name 2 = prDM: Pressure, Digiquartz [db]
# name 3 = t068C: Temperature [ITS-68, deg C]
# name 4 = c0S/m: Conductivity [S/m]
# name 5 = t168C: Temperature, 2 [ITS-68, deg C]
# name 6 = c1S/m: Conductivity, 2 [S/m]
# name 7 = altM: Altimeter [m]
# name 8 = flCUVA: Fluorescence, Chelsea UV Aquatracka [ug/l]
# name 9 = sbeox0V: Oxygen raw, SBE 43 [V]
# name 10 = sbeox1V: Oxygen raw, SBE 43, 2 [V]
# name 11 = upoly0: Upoly 0, Optode 4330F - O2 D-Phase
# name 12 = upoly1: Upoly 1, Optode 4330F - O2 Temp
# name 13 = latitude: Latitude [deg]
# name 14 = longitude: Longitude [deg]
# name 15 = sal00: Salinity, Practical [PSU]
# name 16 = sal11: Salinity, Practical, 2 [PSU]
# name 17 = potemp068C: Potential Temperature [ITS-68, deg C]
# name 18 = potemp168C: Potential Temperature, 2 [ITS-68, deg C]
# name 19 = sigma-é00: Density [sigma-theta, Kg/m^3]
# name 20 = sigma-é11: Density, 2 [sigma-theta, Kg/m^3]
# name 21 = sbeox0ML/L: Oxygen, SBE 43 [ml/l], WS = 2
# name 22 = sbeox1ML/L: Oxygen, SBE 43, 2 [ml/l], WS = 2
# name 23 = nbin: number of scans per bin
# name 24 = flag: flag
# span 0 =      49708,      87021       
# span 1 =   2071.146,   3625.852       
# span 2 =      1.000,   1810.000       
# span 3 =     2.9365,     8.7705       
# span 4 =   3.116517,   3.607015       
# span 5 =     2.9236,     8.7819       
# span 6 =   3.116744,   3.609137       
# span 7 =       7.89,      98.73       
# span 8 =     0.0030,     0.9143       
# span 9 =     2.3351,     3.3685       
# span 10 =     2.0995,     3.0027      
# span 11 =  1.6786827,  2.0759453      
# span 12 =  1.0033574,  1.7145297      
# span 13 =   48.80794,   48.81028      
# span 14 =  -45.69497,  -45.69400      
# span 15 =    34.0123,    34.9220      
# span 16 =    34.0353,    34.9384      
# span 17 =     2.9319,     8.7699      
# span 18 =     2.9189,     8.7812      
# span 19 =    26.4279,    27.8149      
# span 20 =    26.4400,    27.8281      
# span 21 =    5.87106,    7.12907      
# span 22 =    5.53901,    7.24171      
# span 23 =         12,        209      
# span 24 = 0.0000e+00, 0.0000e+00      
# interval = decibars: 1                
# start_time = Jul 05 2013 04:01:06 [NMEA time, header]
# bad_flag = -9.990e-29
*END*
[from data line 290]
      55826   2326.026   1520.000     3.4253   3.264157     3.4291   3.265891      94.78     0.0099     2.4092     2.1531  2.0573871  1.0521196   48.80800  -45.69492    34.9207    34.9373     3.3100     3.3137    27.7926    27.8055    5.88802    6.06879         21 0.0000e+00
      55846   2326.875   1519.000     3.4268   3.264278     3.4306   3.265987      65.26     0.0144     2.4093     2.1535  2.0573871  1.0522003   48.80800  -45.69492    34.9210    34.9373     3.3115     3.3153    27.7927    27.8054    5.89345    6.07313         20 0.0000e+00
      55865   2327.682   1518.000     3.4300   3.264504     3.4316   3.266041      62.74     0.0137     2.4097     2.1537  2.0585008  1.0524435   48.80800  -45.69492    34.9208    34.9375     3.3148     3.3163    27.7922    27.8054    5.90322    6.06713         19 0.0000e+00
      55884   2328.474   1517.000     3.4315   3.264603     3.4327   3.266103      96.40     0.0160     2.4105     2.1535  2.0589380  1.0525043   48.80800  -45.69492    34.9209    34.9375     3.3164     3.3175    27.7921    27.8053    5.90152    6.07100         19 0.0000e+00
      55903   2329.270   1516.000     3.4320   3.264614     3.4335   3.266135      95.80     0.0148     2.4101     2.1540  2.0588522  1.0525031   48.80800  -45.69492    34.9210    34.9375     3.3169     3.3184    27.7922    27.8052    5.89793    6.07786         20 0.0000e+00
      55923   2330.086   1515.000     3.4334   3.264705     3.4347   3.266191      95.70     0.0169     2.4111     2.1547  2.0573819  1.0525031   48.80800  -45.69492    34.9211    34.9375     3.3184     3.3196    27.7921    27.8051    5.90002    6.07903         19 0.0000e+00
      55943   2330.909   1514.000     3.4343   3.264747     3.4353   3.266213      94.46     0.0181     2.4110     2.1550  2.0574491  1.0525031   48.80800  -45.69492    34.9211    34.9375     3.3194     3.3203    27.7921    27.8050    5.89717    6.07386         20 0.0000e+00
      55962   2331.719   1513.000     3.4350   3.264769     3.4360   3.266234      82.65     0.0172     2.4114     2.1550  2.0573864  1.0528935   48.80800  -45.69492    34.9212    34.9376     3.3202     3.3211    27.7920    27.8050    5.89629    6.07356         19 0.0000e+00
      55981   2332.495   1512.000     3.4358   3.264806     3.4366   3.266243      95.60     0.0135     2.4116     2.1555  2.0573871  1.0533997   48.80800  -45.69492    34.9212    34.9375     3.3211     3.3218    27.7920    27.8049    5.89845    6.07297         19 0.0000e+00
      55999   2333.250   1511.000     3.4368   3.264829     3.4380   3.266330      61.91     0.0133     2.4117     2.1555  2.0573871  1.0535086   48.80800  -45.69492    34.9210    34.9375     3.3221     3.3233    27.7917    27.8048    5.90405    6.07089         17 0.0000e+00
      56017   2333.993   1510.000     3.4383   3.264921     3.4407   3.266524      71.44     0.0121     2.4125     2.1558  2.0573871  1.0537282   48.80800  -45.69492    34.9210    34.9375     3.3237     3.3260    27.7915    27.8045    5.89293    6.07417         18 0.0000e+00
      56035   2334.735   1509.000     3.4403   3.265070     3.4436   3.266748      81.36     0.0142     2.4121     2.1560  2.0573871  1.0537241   48.80801  -45.69492    34.9211    34.9376     3.3258     3.3290    27.7914    27.8042    5.89863    6.07227         18 0.0000e+00
      56052   2335.466   1508.000     3.4422   3.265193     3.4473   3.267028      88.59     0.0136     2.4132     2.1563  2.0568790  1.0537241   48.80802  -45.69492    34.9211    34.9375     3.3277     3.3327    27.7912    27.8038    5.90210    6.07435         17 0.0000e+00
      56070   2336.190   1507.000     3.4460   3.265480     3.4503   3.267266      92.74     0.0133     2.4128     2.1567  2.0561640  1.0537241   48.80800  -45.69492    34.9210    34.9377     3.3315     3.3358    27.7908    27.8037    5.89030    6.07332         18 0.0000e+00
      56087   2336.922   1506.000     3.4483   3.265651     3.4514   3.267324      83.30     0.0131     2.4132     2.1568  2.0561662  1.0537241   48.80800  -45.69492    34.9210    34.9377     3.3339     3.3369    27.7906    27.8036    5.89772    6.06864         18 0.0000e+00
      56106   2337.688   1505.000     3.4504   3.265808     3.4526   3.267386      94.87     0.0142     2.4133     2.1570  2.0571046  1.0545374   48.80800  -45.69492    34.9211    34.9377     3.3362     3.3382    27.7904    27.8035    5.89998    6.07083         19 0.0000e+00
      56126   2338.560   1504.000     3.4517   3.265889     3.4534   3.267422      95.85     0.0162     2.4140     2.1572  2.0573802  1.0548831   48.80800  -45.69492    34.9213    34.9377     3.3374     3.3391    27.7905    27.8034    5.89700    6.07331         23 0.0000e+00
      56151   2339.596   1503.000     3.4514   3.265826     3.4537   3.267402      56.66     0.0156     2.4139     2.1577  2.0573871  1.0548981   48.80801  -45.69492    34.9213    34.9377     3.3373     3.3395    27.7905    27.8033    5.88986    6.07351         26 0.0000e+00
      56178   2340.693   1502.000     3.4513   3.265777     3.4545   3.267411      96.86     0.0144     2.4142     2.1580  2.0573871  1.0549463   48.80802  -45.69492    34.9213    34.9375     3.3373     3.3403    27.7905    27.8031    5.89651    6.06742         25 0.0000e+00
      56200   2341.611   1501.000     3.4538   3.265917     3.4550   3.267422      83.82     0.0191     2.4145     2.1579  2.0573871  1.0553755   48.80802  -45.69492    34.9210    34.9375     3.3398     3.3410    27.7900    27.8030    5.89037    6.06411         20 0.0000e+00
      56218   2342.389   1500.000     3.4545   3.265954     3.4555   3.267426      93.62     0.0192     2.4144     2.1579  2.0573871  1.0558232   48.80802  -45.69492    34.9211    34.9376     3.3406     3.3415    27.7900    27.8030    5.89079    6.06633         18 0.0000e+00
      56235   2343.100   1499.000     3.4554   3.265997     3.4560   3.267431      95.79     0.0210     2.4144     2.1580  2.0573871  1.0557090   48.80802  -45.69492    34.9212    34.9375     3.3415     3.3421    27.7900    27.8030    5.89470    6.06550         16 0.0000e+00
      56252   2343.780   1498.000     3.4565   3.266044     3.4564   3.267419      95.80     0.0177     2.4151     2.1580  2.0573871  1.0560950   48.80802  -45.69492    34.9211    34.9375     3.3427     3.3426    27.7898    27.8029    5.89544    6.06729         16 0.0000e+00
      56268   2344.448   1497.000     3.4568   3.266045     3.4570   3.267440      86.92     0.0159     2.4147     2.1582  2.0573871  1.0561672   48.80802  -45.69492    34.9212    34.9376     3.3431     3.3433    27.7899    27.8029    5.89743    6.07031         16 0.0000e+00
      56284   2345.134   1496.000     3.4574   3.266057     3.4575   3.267444      86.84     0.0138     2.4157     2.1586  2.0573871  1.0561661   48.80802  -45.69492    34.9212    34.9376     3.3438     3.3439    27.7898    27.8029    5.89481    6.07345         17 0.0000e+00
      56301   2345.853   1495.000     3.4579   3.266064     3.4582   3.267462      43.72     0.0110     2.4154     2.1590  2.0573871  1.0561661   48.80802  -45.69492    34.9212    34.9376     3.3444     3.3446    27.7897    27.8028    5.89528    6.07580         18 0.0000e+00
      56320   2346.627   1494.000     3.4583   3.266061     3.4588   3.267481      88.65     0.0122     2.4163     2.1595  2.0573871  1.0561661   48.80802  -45.69492    34.9213    34.9377     3.3449     3.3453    27.7897    27.8027    5.89802    6.07104         19 0.0000e+00
      56341   2347.511   1493.000     3.4586   3.266048     3.4597   3.267512      95.79     0.0129     2.4161     2.1595  2.0571856  1.0561661   48.80802  -45.69492    34.9213    34.9376     3.3452     3.3463    27.7897    27.8026    5.88938    6.06956         24 0.0000e+00
      56367   2348.599   1492.000     3.4604   3.266150     3.4606   3.267553      95.86     0.0109     2.4164     2.1600  2.0573428  1.0561661   48.80802  -45.69492    34.9212    34.9376     3.3471     3.3473    27.7894    27.8025    5.89241    6.07161         28 0.0000e+00
      56396   2349.773   1491.000     3.4594   3.266021     3.4618   3.267608      84.06     0.0115     2.4168     2.1604  2.0566080  1.0564590   48.80802  -45.69492    34.9212    34.9375     3.3462     3.3485    27.7895    27.8023    5.89263    6.07124         26 0.0000e+00
      56418   2350.718   1490.000     3.4617   3.266170     3.4656   3.267897      96.16     0.0132     2.4166     2.1606  2.0562770  1.0565981   48.80802  -45.69492    34.9210    34.9375     3.3485     3.3523    27.7892    27.8019    5.88908    6.07219         20 0.0000e+00
      56437   2351.483   1489.000     3.4642   3.266331     3.4683   3.268105      95.53     0.0116     2.4170     2.1610  2.0569773  1.0570416   48.80802  -45.69492    34.9208    34.9375     3.3511     3.3552    27.7887    27.8017    5.89341    6.07680         17 0.0000e+00
      56453   2352.175   1488.000     3.4676   3.266617     3.4713   3.268341      34.94     0.0143     2.4169     2.1616  2.0573924  1.0573914   48.80802  -45.69492    34.9211    34.9377     3.3546     3.3582    27.7886    27.8015    5.88505    6.07533         17 0.0000e+00
      56470   2352.868   1487.000     3.4713   3.266909     3.4727   3.268444      78.24     0.0178     2.4169     2.1618  2.0574582  1.0573871   48.80802  -45.69492    34.9211    34.9379     3.3583     3.3597    27.7883    27.8015    5.88244    6.06998         17 0.0000e+00
      56488   2353.613   1486.000     3.4729   3.267029     3.4738   3.268492      93.96     0.0163     2.4168     2.1618  2.0566294  1.0573871   48.80802  -45.69492    34.9213    34.9378     3.3600     3.3608    27.7883    27.8014    5.88475    6.06912         19 0.0000e+00
      56509   2354.489   1485.000     3.4736   3.267050     3.4741   3.268473      84.62     0.0118     2.4173     2.1622  2.0561719  1.0573871   48.80802  -45.69492    34.9214    34.9378     3.3607     3.3612    27.7883    27.8013    5.88710    6.07043         23 0.0000e+00
      56534   2355.541   1484.000     3.4742   3.267069     3.4739   3.268414      91.97     0.0100     2.4172     2.1623  2.0562141  1.0578181   48.80802  -45.69492    34.9215    34.9378     3.3614     3.3611    27.7883    27.8013    5.88901    6.07152         26 0.0000e+00
      56558   2356.554   1483.000     3.4743   3.267032     3.4748   3.268453      94.59     0.0113     2.4176     2.1629  2.0562220  1.0582331   48.80802  -45.69492    34.9214    34.9378     3.3617     3.3621    27.7882    27.8012    5.89012    6.08090         22 0.0000e+00
      56578   2357.391   1482.000     3.4754   3.267089     3.4767   3.268577      87.41     0.0127     2.4182     2.1638  2.0566235  1.0582225   48.80802  -45.69492    34.9214    34.9377     3.3629     3.3641    27.7880    27.8009    5.89636    6.08440         19 0.0000e+00
      56597   2358.154   1481.000     3.4778   3.267245     3.4811   3.268926      44.68     0.0111     2.4187     2.1643  2.0573952  1.0586807   48.80802  -45.69492    34.9212    34.9377     3.3653     3.3685    27.7876    27.8005    5.89818    6.07689         18 0.0000e+00
      56615   2358.922   1480.000     3.4802   3.267451     3.4838   3.269139      79.53     0.0118     2.4191     2.1645  2.0573871  1.0586076   48.80802  -45.69492    34.9216    34.9379     3.3678     3.3712    27.7878    27.8005    5.89678    6.07229         19 0.0000e+00
      56635   2359.752   1479.000     3.4827   3.267635     3.4851   3.269210      95.51     0.0151     2.4198     2.1646  2.0563958  1.0586081   48.80802  -45.69492    34.9216    34.9379     3.3703     3.3726    27.7875    27.8003    5.89013    6.07052         21 0.0000e+00
      56657   2360.668   1478.000     3.4843   3.267724     3.4855   3.269218      95.88     0.0127     2.4196     2.1646  2.0561657  1.0586612   48.80802  -45.69492    34.9215    34.9380     3.3720     3.3732    27.7873    27.8003    5.88441    6.06751         23 0.0000e+00
      56679   2361.583   1477.000     3.4851   3.267756     3.4857   3.269187      95.81     0.0090     2.4197     2.1648  2.0561662  1.0593642   48.80802  -45.69492    34.9216    34.9380     3.3728     3.3734    27.7872    27.8003    5.89423    6.06670         21 0.0000e+00
      56699   2362.412   1476.000     3.4860   3.267784     3.4860   3.269174      86.78     0.0068     2.4208     2.1647  2.0561662  1.0598267   48.80802  -45.69492    34.9215    34.9380     3.3738     3.3738    27.7871    27.8002    5.89815    6.06535         19 0.0000e+00
      56718   2363.189   1475.000     3.4866   3.267802     3.4876   3.269279      87.01     0.0118     2.4208     2.1646  2.0563021  1.0598291   48.80802  -45.69492    34.9215    34.9380     3.3745     3.3755    27.7870    27.8001    5.88436    6.06415         18 0.0000e+00
      56737   2363.981   1474.000     3.4878   3.267875     3.4894   3.269402      80.59     0.0132     2.4205     2.1646  2.0573893  1.0598291   48.80802  -45.69492    34.9216    34.9381     3.3758     3.3774    27.7870    27.7999    5.88966    6.06496         20 0.0000e+00
      56759   2364.900   1473.000     3.4888   3.267936     3.4910   3.269497      64.12     0.0095     2.4216     2.1649  2.0573392  1.0598291   48.80802  -45.69492    34.9218    34.9380     3.3769     3.3790    27.7870    27.7998    5.90007    6.06875         25 0.0000e+00
      56786   2366.061   1472.000     3.4898   3.267971     3.4915   3.269496      81.14     0.0106     2.4216     2.1653  2.0562088  1.0598291   48.80804  -45.69492    34.9217    34.9380     3.3779     3.3796    27.7868    27.7997    5.88541    6.06745         30 0.0000e+00
      56814   2367.198   1471.000     3.4910   3.268020     3.4917   3.269469      92.07     0.0148     2.4221     2.1653  2.0561650  1.0599929   48.80804  -45.69492    34.9215    34.9379     3.3792     3.3799    27.7865    27.7996    5.89714    6.06282         23 0.0000e+00
      56834   2368.040   1470.000     3.4926   3.268122     3.4935   3.269577      81.66     0.0172     2.4225     2.1655  2.0561662  1.0607961   48.80804  -45.69492    34.9214    34.9379     3.3809     3.3817    27.7863    27.7994    5.89112    6.06621         18 0.0000e+00
      56851   2368.736   1469.000     3.4940   3.268203     3.4954   3.269714      95.86     0.0182     2.4226     2.1656  2.0561662  1.0609756   48.80804  -45.69492    34.9214    34.9379     3.3823     3.3837    27.7862    27.7992    5.88713    6.06406         16 0.0000e+00
      56866   2369.382   1468.000     3.4957   3.268313     3.4965   3.269773      95.84     0.0144     2.4224     2.1657  2.0561662  1.0609686   48.80804  -45.69492    34.9215    34.9380     3.3841     3.3849    27.7861    27.7991    5.88697    6.06316         15 0.0000e+00
      56882   2370.025   1467.000     3.4969   3.268384     3.4971   3.269788      95.86     0.0135     2.4226     2.1656  2.0561662  1.0610505   48.80804  -45.69492    34.9216    34.9380     3.3853     3.3856    27.7860    27.7991    5.88603    6.06256         16 0.0000e+00
      56898   2370.725   1466.000     3.4975   3.268400     3.4975   3.269775      29.25     0.0100     2.4228     2.1658  2.0561662  1.0610501   48.80804  -45.69492    34.9216    34.9380     3.3861     3.3860    27.7859    27.7991    5.88282    6.06153         18 0.0000e+00
      56919   2371.592   1465.000     3.4979   3.268390     3.4977   3.269754      93.93     0.0088     2.4227     2.1658  2.0561161  1.0610501   48.80804  -45.69492    34.9215    34.9380     3.3866     3.3863    27.7859    27.7990    5.88437    6.06068         24 0.0000e+00
      56947   2372.734   1464.000     3.4980   3.268355     3.4976   3.269688      95.44     0.0110     2.4228     2.1660  2.0560029  1.0610501   48.80804  -45.69491    34.9216    34.9379     3.3867     3.3891    27.7859    27.7989    5.88064    6.06155         30 0.0000e+00
