data/CTD/2013/CNV/U021A050.CNV
* Sea-Bird SBE 9 Data File:
* FileName = C:\CTD_ACQUISITION\2013021HUD\ctddata\021A050.hdr
* Software Version Seasave V 7.22.2
* Temperature SN = 5081
* Conductivity SN = 3561
* Number of Bytes Per Scan = 37
* Number of Voltage Words = 4
* Number of Scans Averaged by the Deck Unit = 1
* NMEA Latitude = 48 53.75 N
* NMEA Longitude = 045 47.27 W
* NMEA UTC (Time) = Jul 05 2013 00:34:42
* NMEA baud rate = 9600
** Ship: Hudson
** Cruise: HUD2013021
** Chief_Scientist: Greenan
** Organization: BIO
** Area_of_Operation: Sackville Spur
** Station: 50
** Sounding:  2200
** Event_Comments: SS27  393209
# nquan = 25
# nvalues = 2366                        
# units = specified
# name 0 = scan: Scan Count
# name 1 = timeS: Time, Elapsed [seconds]
# name 2 = prDM: Pressure, Digiquartz [db]
# name 3 = t068C: Temperature [ITS-68, deg C]
# name 4 = c0S/m: Conductivity [S/m]
# name 5 = t168C: Temperature, 2 [ITS-68, deg C]
# name 6 = c1S/m: Conductivity, 2 [S/m]
# name 7 = altM: Altimeter [m]
# name 8 = flCUVA: Fluorescence, Chelsea UV Aquatracka [ug/l]
# name 9 = sbeox0V: Oxygen raw, SBE 43 [V]
# name 10 = sbeox1V: Oxygen raw, SBE 43, 2 [V]
# name 11 = upoly0: Upoly 0, Optode 4330F - O2 D-Phase
# name 12 = upoly1: Upoly 1, Optode 4330F - O2 Temp
# name 13 = latitude: Latitude [deg]
# name 14 = longitude: Longitude [deg]
# name 15 = sal00: Salinity, Practical [PSU]
# name 16 = sal11: Salinity, Practical, 2 [PSU]
# name 17 = potemp068C: Potential Temperature [ITS-68, deg C]
# name 18 = potemp168C: Potential Temperature, 2 [ITS-68, deg C]
# name 19 = sigma-é00: Density [sigma-theta, Kg/m^3]
# name 20 = sigma-é11: Density, 2 [sigma-theta, Kg/m^3]
# name 21 = sbeox0ML/L: Oxygen, SBE 43 [ml/l], WS = 2
# name 22 = sbeox1ML/L: Oxygen, SBE 43, 2 [ml/l], WS = 2
# name 23 = nbin: number of scans per bin
# name 24 = flag: flag
# span 0 =      62334,     114487       
# span 1 =   2597.229,   4770.258       
# span 2 =      1.000,   2366.000       
# span 3 =     2.7736,     7.7056       
# span 4 =   3.160928,   3.489807       
# span 5 =     2.7726,     7.7182       
# span 6 =   3.162208,   3.492487       
# span 7 =       2.28,      99.69       
# span 8 =     0.0031,     0.3351       
# span 9 =     2.2089,     3.3350       
# span 10 =     1.9871,     2.9754      
# span 11 =  1.7115025,  2.1035570      
# span 12 =  0.9703100,  1.5895393      
# span 13 =   48.89596,   48.89694      
# span 14 =  -45.79228,  -45.78870      
# span 15 =    32.7372,    34.9222      
# span 16 =    32.9525,    34.9385      
# span 17 =     2.5921,     7.7032      
# span 18 =     2.5910,     7.7156      
# span 19 =    25.5433,    27.8557      
# span 20 =    25.7123,    27.8691      
# span 21 =    5.88708,    6.96496      
# span 22 =    6.04739,    7.10033      
# span 23 =         13,       1063      
# span 24 = 0.0000e+00, 0.0000e+00      
# interval = decibars: 1                
# start_time = Jul 05 2013 00:34:42 [NMEA time, header]
# bad_flag = -9.990e-29
*END*
[from data line 638]
      76326   3180.227   1728.000     3.1865   3.251352     3.1864   3.252724      95.65     0.0118     2.3586     2.1041  2.0720391  1.0219780   48.89646  -45.78948    34.9181    34.9345     3.0558     3.0557    27.8146    27.8278    5.93393    6.09764         18 0.0000e+00
      76346   3181.024   1727.000     3.1868   3.251337     3.1864   3.252684      95.98     0.0129     2.3583     2.1049  2.0724070  1.0219780   48.89646  -45.78948    34.9181    34.9345     3.0562     3.0558    27.8146    27.8278    5.91042    6.10357         20 0.0000e+00
      76366   3181.884   1726.000     3.1868   3.251297     3.1865   3.252657      95.39     0.0127     2.3581     2.1054  2.0726228  1.0219780   48.89646  -45.78948    34.9181    34.9346     3.0563     3.0560    27.8146    27.8278    5.92706    6.09673         21 0.0000e+00
      76388   3182.808   1725.000     3.1870   3.251280     3.1866   3.252619      95.41     0.0138     2.3592     2.1051  2.0721369  1.0219780   48.89646  -45.78948    34.9181    34.9345     3.0566     3.0562    27.8146    27.8277    5.92472    6.08791         23 0.0000e+00
      76412   3183.776   1724.000     3.1870   3.251237     3.1867   3.252578      95.98     0.0122     2.3588     2.1053  2.0719874  1.0220292   48.89646  -45.78948    34.9181    34.9344     3.0567     3.0605    27.8146    27.8276    5.92262    6.09376         24 0.0000e+00
      76435   3184.730   1723.000     3.1870   3.251193     3.1869   3.252555      89.35     0.0167     2.3590     2.1056  2.0720391  1.0225335   48.89646  -45.78949    34.9181    34.9345     3.0567     3.0657    27.8146    27.8276    5.92155    6.10156         22 0.0000e+00
      76455   3185.593   1722.000     3.1873   3.251174     3.1873   3.252552      48.76     0.0131     2.3597     2.1065  2.0721040  1.0232062   48.89646  -45.78950    34.9181    34.9345     3.0571     3.0570    27.8145    27.8276    5.92866    6.10759         19 0.0000e+00
      76473   3186.352   1721.000     3.1875   3.251153     3.1881   3.252568      95.48     0.0106     2.3597     2.1067  2.0721068  1.0231314   48.89646  -45.78950    34.9180    34.9343     3.0575     3.0580    27.8144    27.8274    5.92209    6.09956         18 0.0000e+00
      76490   3187.062   1720.000     3.1887   3.251210     3.1896   3.252668      94.95     0.0126     2.3600     2.1071  2.0720410  1.0231273   48.89646  -45.78950    34.9179    34.9345     3.0587     3.0595    27.8142    27.8274    5.92257    6.10192         17 0.0000e+00
      76508   3187.791   1719.000     3.1904   3.251307     3.1917   3.252810      95.06     0.0144     2.3600     2.1074  2.0720391  1.0231311   48.89646  -45.78950    34.9178    34.9345     3.0605     3.0617    27.8140    27.8272    5.91898    6.10131         18 0.0000e+00
      76528   3188.632   1718.000     3.1913   3.251347     3.1923   3.252836      94.82     0.0134     2.3603     2.1077  2.0720391  1.0231980   48.89646  -45.78950    34.9179    34.9345     3.0614     3.0624    27.8139    27.8271    5.92195    6.09757         22 0.0000e+00
      76554   3189.725   1717.000     3.1919   3.251380     3.1930   3.252849      95.33     0.0116     2.3603     2.1077  2.0720391  1.0231991   48.89646  -45.78950    34.9181    34.9344     3.0622     3.0632    27.8140    27.8270    5.92018    6.09230         30 0.0000e+00
      76583   3190.896   1716.000     3.1923   3.251365     3.1939   3.252874      90.21     0.0128     2.3605     2.1078  2.0720391  1.0231991   48.89646  -45.78950    34.9179    34.9344     3.0626     3.0641    27.8139    27.8269    5.91813    6.08839         25 0.0000e+00
      76604   3191.780   1715.000     3.1954   3.251561     3.1978   3.253156      46.79     0.0157     2.3611     2.1075  2.0720391  1.0231991   48.89646  -45.78950    34.9175    34.9341     3.0658     3.0680    27.8132    27.8263    5.91883    6.08669         18 0.0000e+00
      76621   3192.507   1714.000     3.1976   3.251719     3.2015   3.253455      94.34     0.0155     2.3603     2.1076  2.0719666  1.0231991   48.89646  -45.78950    34.9175    34.9342     3.0680     3.0718    27.8131    27.8260    5.91294    6.08879         17 0.0000e+00
      76638   3193.205   1713.000     3.2019   3.252075     3.2061   3.253835      92.13     0.0145     2.3609     2.1077  2.0708237  1.0233420   48.89646  -45.78950    34.9177    34.9343     3.0724     3.0765    27.8128    27.8257    5.92426    6.08601         17 0.0000e+00
      76656   3193.940   1712.000     3.2049   3.252328     3.2099   3.254128      95.75     0.0121     2.3617     2.1075  2.0708182  1.0231986   48.89646  -45.78950    34.9181    34.9343     3.0754     3.0803    27.8128    27.8253    5.92002    6.08307         18 0.0000e+00
      76676   3194.774   1711.000     3.2080   3.252558     3.2122   3.254295      92.31     0.0155     2.3611     2.1076  2.0714307  1.0238117   48.89646  -45.78950    34.9180    34.9343     3.0786     3.0827    27.8124    27.8251    5.90520    6.08332         22 0.0000e+00
      76698   3195.715   1710.000     3.2117   3.252844     3.2146   3.254462      96.02     0.0183     2.3611     2.1076  2.0720432  1.0244241   48.89646  -45.78950    34.9180    34.9343     3.0823     3.0851    27.8121    27.8249    5.91198    6.08215         23 0.0000e+00
      76720   3196.637   1709.000     3.2124   3.252852     3.2176   3.254679      95.98     0.0173     2.3610     2.1075  2.0720391  1.0244200   48.89646  -45.78950    34.9179    34.9342     3.0831     3.0882    27.8119    27.8245    5.90712    6.07870         21 0.0000e+00
      76740   3197.471   1708.000     3.2156   3.253071     3.2196   3.254826      67.40     0.0139     2.3613     2.1075  2.0720391  1.0244200   48.89646  -45.78950    34.9176    34.9343     3.0863     3.0902    27.8114    27.8244    5.92372    6.07888         19 0.0000e+00
      76760   3198.278   1707.000     3.2190   3.253353     3.2217   3.254967      70.41     0.0155     2.3621     2.1075  2.0720391  1.0244200   48.89646  -45.78950    34.9179    34.9343     3.0897     3.0924    27.8113    27.8241    5.92127    6.07988         20 0.0000e+00
      76780   3199.142   1706.000     3.2207   3.253477     3.2240   3.255129      95.31     0.0104     2.3618     2.1076  2.0720391  1.0254704   48.89648  -45.78952    34.9180    34.9343     3.0916     3.0947    27.8112    27.8240    5.90737    6.07721         22 0.0000e+00
      76804   3200.143   1705.000     3.2226   3.253593     3.2248   3.255163      92.34     0.0107     2.3623     2.1075  2.0720391  1.0256406   48.89648  -45.78952    34.9179    34.9344     3.0935     3.0956    27.8110    27.8239    5.92070    6.08239         26 0.0000e+00
      76829   3201.173   1704.000     3.2236   3.253635     3.2252   3.255150      96.01     0.0108     2.3626     2.1081  2.0720391  1.0260148   48.89648  -45.78952    34.9179    34.9342     3.0945     3.0961    27.8108    27.8238    5.90668    6.08626         23 0.0000e+00
      76850   3202.045   1703.000     3.2243   3.253668     3.2260   3.255179      95.93     0.0135     2.3627     2.1083  2.0720391  1.0260912   48.89648  -45.78952    34.9180    34.9343     3.0954     3.0970    27.8108    27.8237    5.90909    6.08799         19 0.0000e+00
      76868   3202.805   1702.000     3.2261   3.253772     3.2266   3.255199      90.65     0.0124     2.3625     2.1089  2.0720391  1.0266567   48.89648  -45.78952    34.9178    34.9343     3.0972     3.0977    27.8105    27.8237    5.91411    6.09271         17 0.0000e+00
      76886   3203.531   1701.000     3.2265   3.253777     3.2269   3.255188      78.67     0.0131     2.3631     2.1093  2.0720391  1.0268650   48.89648  -45.78952    34.9179    34.9343     3.0977     3.1036    27.8106    27.8236    5.90759    6.08912         18 0.0000e+00
      76904   3204.283   1700.000     3.2271   3.253785     3.2272   3.255164      56.40     0.0114     2.3627     2.1096  2.0720391  1.0268620   48.89648  -45.78952    34.9179    34.9343     3.0984     3.0985    27.8105    27.8236    5.90942    6.08151         19 0.0000e+00
      76923   3205.091   1699.000     3.2274   3.253775     3.2275   3.255151      94.52     0.0146     2.3633     2.1095  2.0720391  1.0268620   48.89648  -45.78952    34.9179    34.9343     3.0988     3.0988    27.8105    27.8235    5.91359    6.08180         20 0.0000e+00
      76944   3205.950   1698.000     3.2279   3.253780     3.2284   3.255181      95.79     0.0152     2.3631     2.1097  2.0720391  1.0268620   48.89648  -45.78952    34.9179    34.9342     3.0994     3.0998    27.8104    27.8234    5.90614    6.08186         21 0.0000e+00
      76965   3206.821   1697.000     3.2281   3.253754     3.2285   3.255154      95.56     0.0142     2.3635     2.1099  2.0719819  1.0268620   48.89648  -45.78952    34.9179    34.9343     3.0996     3.1000    27.8104    27.8234    5.91080    6.08236         21 0.0000e+00
      76986   3207.709   1696.000     3.2285   3.253749     3.2286   3.255133      91.28     0.0123     2.3637     2.1100  2.0719292  1.0268620   48.89648  -45.78952    34.9179    34.9343     3.1001     3.1002    27.8104    27.8235    5.91114    6.07973         22 0.0000e+00
      77009   3208.674   1695.000     3.2289   3.253738     3.2291   3.255134      95.13     0.0125     2.3640     2.1100  2.0719874  1.0272132   48.89649  -45.78953    34.9179    34.9344     3.1006     3.1007    27.8103    27.8234    5.90942    6.07358         24 0.0000e+00
      77035   3209.764   1694.000     3.2290   3.253697     3.2298   3.255151      71.38     0.0151     2.3640     2.1096  2.0720398  1.0278656   48.89650  -45.78954    34.9178    34.9343     3.1008     3.1015    27.8102    27.8233    5.91176    6.06818         27 0.0000e+00
      77060   3210.801   1693.000     3.2290   3.253661     3.2303   3.255146      71.67     0.0132     2.3647     2.1094  2.0720391  1.0280896   48.89650  -45.78954    34.9179    34.9342     3.1009     3.1021    27.8102    27.8232    5.90898    6.07153         22 0.0000e+00
      77080   3211.622   1692.000     3.2303   3.253725     3.2307   3.255138      96.43     0.0143     2.3643     2.1095  2.0720391  1.0280831   48.89650  -45.78954    34.9177    34.9342     3.1023     3.1026    27.8100    27.8231    5.90834    6.07580         18 0.0000e+00
      77097   3212.317   1691.000     3.2312   3.253756     3.2312   3.255153      95.18     0.0147     2.3649     2.1096  2.0720391  1.0280831   48.89650  -45.78954    34.9177    34.9343     3.1032     3.1032    27.8099    27.8232    5.90990    6.07954         16 0.0000e+00
      77112   3212.970   1690.000     3.2316   3.253769     3.2317   3.255150      89.37     0.0128     2.3647     2.1100  2.0723400  1.0280831   48.89650  -45.78954    34.9178    34.9343     3.1037     3.1037    27.8099    27.8231    5.89945    6.08118         16 0.0000e+00
      77128   3213.644   1689.000     3.2321   3.253761     3.2319   3.255134      95.76     0.0134     2.3644     2.1102  2.0723965  1.0280831   48.89651  -45.78954    34.9177    34.9343     3.1043     3.1041    27.8098    27.8231    5.90680    6.08227         17 0.0000e+00
      77147   3214.423   1688.000     3.2324   3.253758     3.2319   3.255095      95.98     0.0150     2.3653     2.1106  2.0724440  1.0280831   48.89652  -45.78954    34.9179    34.9344     3.1046     3.1041    27.8099    27.8231    5.91715    6.08480         21 0.0000e+00
      77173   3215.512   1687.000     3.2325   3.253728     3.2320   3.255059      86.45     0.0149     2.3655     2.1113  2.0720577  1.0280831   48.89652  -45.78954    34.9179    34.9343     3.1048     3.1043    27.8099    27.8231    5.90982    6.08605         32 0.0000e+00
      77206   3216.877   1686.000     3.2320   3.253634     3.2319   3.255006      62.36     0.0125     2.3662     2.1115  2.0719473  1.0280831   48.89651  -45.78955    34.9178    34.9343     3.1045     3.1043    27.8098    27.8230    5.92086    6.07480         28 0.0000e+00
      77229   3217.836   1685.000     3.2323   3.253614     3.2324   3.255007      96.63     0.0128     2.3671     2.1119  2.0720410  1.0280831   48.89650  -45.78956    34.9177    34.9342     3.1049     3.1049    27.8097    27.8229    5.91334    6.08892         20 0.0000e+00
      77246   3218.558   1684.000     3.2341   3.253719     3.2348   3.255185      95.95     0.0169     2.3665     2.1124  2.0718117  1.0280831   48.89650  -45.78956    34.9175    34.9343     3.1067     3.1074    27.8094    27.8228    5.91047    6.08565         16 0.0000e+00
      77262   3219.203   1683.000     3.2360   3.253859     3.2367   3.255324      95.96     0.0205     2.3676     2.1125  2.0708258  1.0280831   48.89652  -45.78956    34.9177    34.9345     3.1086     3.1093    27.8094    27.8227    5.91670    6.07971         15 0.0000e+00
      77277   3219.842   1682.000     3.2368   3.253900     3.2373   3.255333      95.97     0.0160     2.3673     2.1126  2.0708182  1.0280831   48.89652  -45.78956    34.9179    34.9345     3.1095     3.1100    27.8094    27.8226    5.90415    6.07955         15 0.0000e+00
      77293   3220.508   1681.000     3.2371   3.253901     3.2373   3.255300      92.28     0.0098     2.3669     2.1127  2.0708182  1.0280831   48.89652  -45.78956    34.9180    34.9345     3.1100     3.1101    27.8095    27.8227    5.90966    6.08139         17 0.0000e+00
      77311   3221.261   1680.000     3.2376   3.253905     3.2373   3.255248      92.18     0.0095     2.3679     2.1131  2.0708182  1.0280831   48.89652  -45.78956    34.9180    34.9344     3.1105     3.1101    27.8095    27.8226    5.91346    6.08478         20 0.0000e+00
      77334   3222.188   1679.000     3.2379   3.253887     3.2372   3.255204      69.44     0.0130     2.3679     2.1136  2.0708182  1.0280831   48.89652  -45.78956    34.9180    34.9345     3.1109     3.1102    27.8094    27.8226    5.91309    6.08498         25 0.0000e+00
      77362   3223.367   1678.000     3.2378   3.253836     3.2370   3.255145      78.98     0.0086     2.3686     2.1140  2.0720119  1.0291535   48.89652  -45.78956    34.9180    34.9344     3.1109     3.1101    27.8094    27.8226    5.92090    6.08677         30 0.0000e+00
      77389   3224.479   1677.000     3.2377   3.253788     3.2372   3.255117      91.90     0.0072     2.3696     2.1146  2.0720398  1.0292530   48.89654  -45.78956    34.9180    34.9344     3.1109     3.1104    27.8094    27.8225    5.91755    6.08742         23 0.0000e+00
      77409   3225.351   1676.000     3.2378   3.253746     3.2376   3.255102      93.52     0.0083     2.3694     2.1149  2.0720391  1.0293707   48.89654  -45.78956    34.9178    34.9343     3.1111     3.1108    27.8093    27.8224    5.90926    6.08665         19 0.0000e+00
      77428   3226.135   1675.000     3.2380   3.253725     3.2377   3.255086      87.50     0.0106     2.3694     2.1150  2.0720391  1.0293683   48.89654  -45.78956    34.9179    34.9345     3.1113     3.1110    27.8093    27.8226    5.90757    6.08317         19 0.0000e+00
      77448   3226.938   1674.000     3.2382   3.253707     3.2379   3.255056      93.58     0.0110     2.3699     2.1153  2.0711834  1.0293651   48.89654  -45.78956    34.9180    34.9344     3.1116     3.1113    27.8094    27.8225    5.91526    6.08465         20 0.0000e+00
      77469   3227.822   1673.000     3.2382   3.253672     3.2379   3.255024      96.06     0.0117     2.3699     2.1154  2.0708230  1.0295669   48.89654  -45.78956    34.9180    34.9345     3.1117     3.1114    27.8094    27.8225    5.91100    6.08109         23 0.0000e+00
      77492   3228.795   1672.000     3.2384   3.253643     3.2379   3.254984      46.11     0.0115     2.3700     2.1156  2.0714042  1.0293031   48.89654  -45.78956    34.9180    34.9345     3.1120     3.1115    27.8093    27.8225    5.90890    6.08043         23 0.0000e+00
