data/CTD/2013/CNV/U021A017.CNV
* Sea-Bird SBE 9 Data File:
* FileName = C:\CTD_ACQUISITION\2013021HUD\ctddata\021A017.hdr
* Software Version Seasave V 7.22.2
* Temperature SN = 5081
* Conductivity SN = 3561
* Number of Bytes Per Scan = 37
* Number of Voltage Words = 4
* Number of Scans Averaged by the Deck Unit = 1
* NMEA Latitude = 46 59.99 N
* NMEA Longitude = 046 50.02 W
* NMEA UTC (Time) = Jul 02 2013 02:27:57
* NMEA baud rate = 9600
** Ship: Hudson
** Cruise: HUD2013021
** Chief_Scientist: Greenan
** Organization: BIO
** Area_of_Operation: Sackville Spur
** Station: 17
** Sounding:  1194
** Event_Comments: FC18  393121
# nquan = 25
# nvalues = 1183                        
# units = specified
# name 0 = scan: Scan Count
# name 1 = timeS: Time, Elapsed [seconds]
# name 2 = prDM: Pressure, Digiquartz [db]
# name 3 = t068C: Temperature [ITS-68, deg C]
# name 4 = c0S/m: Conductivity [S/m]
# name 5 = t168C: Temperature, 2 [ITS-68, deg C]
# name 6 = c1S/m: Conductivity, 2 [S/m]
# name 7 = altM: Altimeter [m]
# name 8 = flCUVA: Fluorescence, Chelsea UV Aquatracka [ug/l]
# name 9 = sbeox0V: Oxygen raw, SBE 43 [V]
# name 10 = sbeox1V: Oxygen raw, SBE 43, 2 [V]
# name 11 = upoly0: Upoly 0, Optode 4330F - O2 D-Phase
# name 12 = upoly1: Upoly 1, Optode 4330F - O2 Temp
# name 13 = latitude: Latitude [deg]
# name 14 = longitude: Longitude [deg]
# name 15 = sal00: Salinity, Practical [PSU]
# name 16 = sal11: Salinity, Practical, 2 [PSU]
# name 17 = potemp068C: Potential Temperature [ITS-68, deg C]
# name 18 = potemp168C: Potential Temperature, 2 [ITS-68, deg C]
# name 19 = sigma-é00: Density [sigma-theta, Kg/m^3]
# name 20 = sigma-é11: Density, 2 [sigma-theta, Kg/m^3]
# name 21 = sbeox0ML/L: Oxygen, SBE 43 [ml/l], WS = 2
# name 22 = sbeox1ML/L: Oxygen, SBE 43, 2 [ml/l], WS = 2
# name 23 = nbin: number of scans per bin
# name 24 = flag: flag
# span 0 =      38607,      64877       
# span 1 =   1608.603,   2703.183       
# span 2 =      1.000,   1183.000       
# span 3 =     1.0206,     6.1403       
# span 4 =   2.864182,   3.326083       
# span 5 =     0.9691,     6.1389       
# span 6 =   2.862651,   3.327889       
# span 7 =       2.83,     101.85       
# span 8 =     0.0053,     0.3591       
# span 9 =     2.4905,     3.3921       
# span 10 =     2.2391,     3.0389      
# span 11 =  1.7298642,  2.0419851      
# span 12 =  0.8198081,  1.3909911      
# span 13 =   46.99946,   46.99999      
# span 14 =  -46.83420,  -46.83342      
# span 15 =    32.7811,    34.9174      
# span 16 =    32.7970,    34.9329      
# span 17 =     1.0183,     6.1402      
# span 18 =     0.9668,     6.1388      
# span 19 =    25.7824,    27.7579      
# span 20 =    25.7951,    27.7708      
# span 21 =    5.62687,    8.42792      
# span 22 =    5.76299,    8.66923      
# span 23 =         11,        139      
# span 24 = 0.0000e+00, 0.0000e+00      
# interval = decibars: 1                
# start_time = Jul 02 2013 02:27:57 [NMEA time, header]
# bad_flag = -9.990e-29
*END*
[from data line 638]
      52727   2196.911    545.000     4.1178   3.281224     4.1196   3.282717      71.45     0.0140     2.7639     2.4662  1.9589375  1.1427708   46.99954  -46.83410    34.8889    34.9046     4.0776     4.0793    27.6898    27.7021    6.11615    6.25280         26 0.0000e+00
      52763   2198.412    544.000     4.1197   3.281370     4.1238   3.283121      81.71     0.0125     2.7644     2.4663  1.9597889  1.1428674   46.99954  -46.83410    34.8891    34.9055     4.0795     4.0836    27.6898    27.7024    6.11994    6.24343         36 0.0000e+00
      52787   2199.411    543.000     4.1218   3.281512     4.1255   3.283222      90.54     0.0085     2.7643     2.4662  1.9598445  1.1419632   46.99954  -46.83410    34.8891    34.9054     4.0817     4.0854    27.6895    27.7021    6.11608    6.24580         18 0.0000e+00
      52804   2200.126    542.000     4.1238   3.281657     4.1268   3.283270      96.19     0.0123     2.7644     2.4663  1.9597787  1.1414919   46.99954  -46.83410    34.8893    34.9051     4.0838     4.0867    27.6894    27.7017    6.11222    6.24654         17 0.0000e+00
      52821   2200.821    541.000     4.1251   3.281719     4.1256   3.283089      96.03     0.0114     2.7644     2.4665  1.9599198  1.1416335   46.99954  -46.83410    34.8891    34.9047     4.0851     4.0857    27.6892    27.7015    6.10803    6.24530         17 0.0000e+00
      52840   2201.636    540.000     4.1243   3.281588     4.1237   3.282853      95.28     0.0145     2.7640     2.4664  1.9598155  1.1417795   46.99954  -46.83410    34.8890    34.9045     4.0844     4.0839    27.6891    27.7015    6.10906    6.24280         24 0.0000e+00
      52887   2203.598    539.000     4.1243   3.281555     4.1260   3.283108      94.05     0.0127     2.7643     2.4663  1.9589423  1.1418887   46.99954  -46.83410    34.8891    34.9056     4.0845     4.0862    27.6892    27.7021    6.12083    6.24264         56 0.0000e+00
      52918   2204.889    538.000     4.1247   3.281523     4.1255   3.282988      94.02     0.0147     2.7657     2.4667  1.9584726  1.1416305   46.99954  -46.83410    34.8888    34.9053     4.0850     4.0858    27.6890    27.7019    6.12071    6.24729         16 0.0000e+00
      52932   2205.469    537.000     4.1219   3.281205     4.1206   3.282414      88.50     0.0149     2.7660     2.4670  1.9584860  1.1416361   46.99954  -46.83410    34.8886    34.9041     4.0822     4.0810    27.6890    27.7015    6.11725    6.24777         13 0.0000e+00
      52944   2205.972    536.000     4.1162   3.280540     4.1137   3.281629      96.07     0.0159     2.7657     2.4670  1.9584860  1.1416361   46.99954  -46.83410    34.8872    34.9028     4.0767     4.0742    27.6885    27.7012    6.11282    6.24648         11 0.0000e+00
      52955   2206.423    535.000     4.1113   3.279954     4.1094   3.281108      95.43     0.0166     2.7661     2.4673  1.9584860  1.1416361   46.99954  -46.83410    34.8860    34.9016     4.0719     4.0700    27.6880    27.7007    6.11487    6.24652         11 0.0000e+00
      52966   2206.860    534.000     4.1090   3.279670     4.1080   3.280899      94.13     0.0153     2.7655     2.4672  1.9584860  1.1416361   46.99954  -46.83410    34.8856    34.9012     4.0697     4.0687    27.6880    27.7005    6.11528    6.24451         11 0.0000e+00
      52977   2207.336    533.000     4.1082   3.279534     4.1079   3.280839      87.59     0.0154     2.7658     2.4670  1.9592700  1.1416361   46.99954  -46.83410    34.8854    34.9011     4.0690     4.0686    27.6879    27.7005    6.11700    6.24287         12 0.0000e+00
      52991   2207.906    532.000     4.1081   3.279480     4.1082   3.280825      94.90     0.0160     2.7662     2.4675  1.9596846  1.1416361   46.99954  -46.83410    34.8854    34.9012     4.0690     4.0690    27.6879    27.7004    6.11905    6.24139         16 0.0000e+00
      53032   2209.621    531.000     4.1086   3.279513     4.1094   3.280923      94.26     0.0150     2.7669     2.4672  1.9589667  1.1408792   46.99954  -46.83408    34.8857    34.9016     4.0696     4.0703    27.6881    27.7007    6.12208    6.24424         69 0.0000e+00
      53082   2211.688    530.000     4.1092   3.279527     4.1136   3.281327      96.05     0.0107     2.7682     2.4684  1.9588721  1.1392949   46.99954  -46.83408    34.8859    34.9024     4.0702     4.0746    27.6881    27.7008    6.12331    6.25972         22 0.0000e+00
      53098   2212.389    529.000     4.1103   3.279588     4.1121   3.281126      96.10     0.0127     2.7684     2.4694  1.9589432  1.1391956   46.99954  -46.83408    34.8859    34.9022     4.0714     4.0731    27.6880    27.7009    6.12385    6.26404         16 0.0000e+00
      53114   2213.027    528.000     4.1097   3.279477     4.1102   3.280890      95.61     0.0152     2.7688     2.4703  1.9591328  1.1391941   46.99954  -46.83410    34.8857    34.9019     4.0709     4.0714    27.6880    27.7008    6.13251    6.26810         15 0.0000e+00
      53128   2213.641    527.000     4.1076   3.279184     4.1056   3.280360      96.11     0.0175     2.7700     2.4714  1.9591833  1.1391941   46.99954  -46.83410    34.8851    34.9010     4.0688     4.0668    27.6877    27.7005    6.13455    6.27021         14 0.0000e+00
      53144   2214.304    526.000     4.0963   3.278066     4.0915   3.278774      95.78     0.0121     2.7701     2.4722  1.9592985  1.1391941   46.99954  -46.83410    34.8843    34.8978     4.0577     4.0528    27.6882    27.6995    6.13166    6.27146         18 0.0000e+00
      53167   2215.244    525.000     4.0847   3.276656     4.0718   3.276673      91.34     0.0136     2.7713     2.4732  1.9594868  1.1393944   46.99954  -46.83410    34.8804    34.8943     4.0462     4.0333    27.6863    27.6988    6.14456    6.27180         29 0.0000e+00
      53198   2216.561    524.000     4.0756   3.275615     4.0667   3.276047      96.68     0.0117     2.7735     2.4737  1.9597214  1.1398323   46.99954  -46.83410    34.8784    34.8928     4.0372     4.0283    27.6856    27.6981    6.15395    6.26666         28 0.0000e+00
      53219   2217.436    523.000     4.0740   3.275384     4.0591   3.275238      96.38     0.0133     2.7746     2.4741  1.9598534  1.1385225   46.99954  -46.83410    34.8778    34.8918     4.0357     4.0209    27.6854    27.6981    6.15096    6.27101         17 0.0000e+00
      53235   2218.081    522.000     4.0554   3.273481     4.0480   3.274028      90.49     0.0120     2.7751     2.4743  1.9597884  1.1379750   46.99954  -46.83408    34.8755    34.8897     4.0172     4.0099    27.6855    27.6976    6.15581    6.27290         15 0.0000e+00
      53249   2218.659    521.000     4.0473   3.272557     4.0448   3.273648      91.38     0.0140     2.7763     2.4748  1.9597080  1.1379732   46.99954  -46.83408    34.8736    34.8892     4.0093     4.0068    27.6848    27.6974    6.15985    6.27573         13 0.0000e+00
      53262   2219.222    520.000     4.0450   3.272268     4.0443   3.273540      95.43     0.0135     2.7770     2.4752  1.9597069  1.1379732   46.99954  -46.83408    34.8731    34.8890     4.0071     4.0063    27.6846    27.6973    6.16061    6.27545         14 0.0000e+00
      53277   2219.845    519.000     4.0455   3.272264     4.0462   3.273663      94.04     0.0144     2.7773     2.4752  1.9603086  1.1378980   46.99954  -46.83408    34.8731    34.8890     4.0076     4.0083    27.6846    27.6971    6.14835    6.27225         16 0.0000e+00
      53300   2220.794    518.000     4.0465   3.272321     4.0473   3.273728      92.92     0.0142     2.7766     2.4757  1.9601301  1.1373539   46.99954  -46.83408    34.8733    34.8890     4.0086     4.0095    27.6846    27.6971    6.13514    6.27227         33 0.0000e+00
      53345   2222.663    517.000     4.0463   3.272279     4.0474   3.273745      94.70     0.0123     2.7759     2.4762  1.9597185  1.1348531   46.99954  -46.83408    34.8734    34.8897     4.0086     4.0097    27.6847    27.6975    6.13761    6.27261         43 0.0000e+00
      53374   2223.888    516.000     4.0473   3.272330     4.0498   3.273943      93.09     0.0128     2.7754     2.4766  1.9596534  1.1331954   46.99954  -46.83408    34.8736    34.8900     4.0096     4.0121    27.6848    27.6976    6.13808    6.26803         24 0.0000e+00
      53394   2224.716    515.000     4.0491   3.272438     4.0509   3.273963      96.37     0.0140     2.7756     2.4762  1.9597074  1.1330878   46.99954  -46.83408    34.8735    34.8896     4.0115     4.0133    27.6845    27.6971    6.13512    6.26319         17 0.0000e+00
      53410   2225.387    514.000     4.0557   3.273018     4.0591   3.274695      96.44     0.0140     2.7755     2.4762  1.9587948  1.1339183   46.99954  -46.83408    34.8739    34.8901     4.0181     4.0215    27.6841    27.6967    6.12812    6.26680         15 0.0000e+00
      53425   2225.981    513.000     4.0626   3.273668     4.0645   3.275168      91.82     0.0158     2.7745     2.4763  1.9584848  1.1343116   46.99954  -46.83408    34.8748    34.8906     4.0251     4.0269    27.6841    27.6965    6.13004    6.27686         14 0.0000e+00
      53439   2226.571    512.000     4.0630   3.273650     4.0618   3.274853      70.95     0.0145     2.7750     2.4774  1.9584860  1.1343101   46.99954  -46.83408    34.8747    34.8902     4.0256     4.0244    27.6840    27.6964    6.14022    6.29284         15 0.0000e+00
      53454   2227.221    511.000     4.0597   3.273235     4.0562   3.274225      75.43     0.0125     2.7759     2.4791  1.9584860  1.1343101   46.99954  -46.83408    34.8738    34.8892     4.0223     4.0189    27.6836    27.6962    6.14727    6.30228         17 0.0000e+00
      53476   2228.125    510.000     4.0566   3.272883     4.0522   3.273738      94.95     0.0167     2.7772     2.4809  1.9584045  1.1343101   46.99956  -46.83408    34.8734    34.8883     4.0194     4.0149    27.6836    27.6959    6.16294    6.30163         28 0.0000e+00
      53511   2229.582    509.000     4.0555   3.272713     4.0568   3.274195      90.80     0.0191     2.7805     2.4834  1.9583766  1.1343101   46.99956  -46.83408    34.8731    34.8893     4.0184     4.0196    27.6834    27.6962    6.16898    6.29975         34 0.0000e+00
      53536   2230.627    508.000     4.0538   3.272485     4.0515   3.273602      96.66     0.0168     2.7823     2.4841  1.9584903  1.1343101   46.99956  -46.83408    34.8727    34.8884     4.0168     4.0145    27.6833    27.6960    6.17242    6.29605         19 0.0000e+00
      53553   2231.323    507.000     4.0484   3.271887     4.0434   3.272671      96.45     0.0141     2.7834     2.4848  1.9567864  1.1343101   46.99956  -46.83408    34.8719    34.8865     4.0114     4.0064    27.6832    27.6954    6.17372    6.29833         15 0.0000e+00
      53567   2231.916    506.000     4.0417   3.271115     4.0394   3.272201      93.13     0.0112     2.7845     2.4852  1.9554768  1.1342200   46.99956  -46.83408    34.8704    34.8857     4.0048     4.0025    27.6827    27.6951    6.17452    6.30028         14 0.0000e+00
      53581   2232.487    505.000     4.0390   3.270757     4.0382   3.271991      86.33     0.0103     2.7849     2.4858  1.9555206  1.1343113   46.99956  -46.83408    34.8696    34.8851     4.0022     4.0014    27.6824    27.6947    6.17573    6.30592         14 0.0000e+00
      53596   2233.105    504.000     4.0386   3.270655     4.0383   3.271964      96.47     0.0109     2.7864     2.4864  1.9563501  1.1343101   46.99956  -46.83408    34.8693    34.8851     4.0019     4.0016    27.6822    27.6948    6.17927    6.31066         16 0.0000e+00
      53615   2233.905    503.000     4.0388   3.270642     4.0393   3.272016      89.47     0.0155     2.7871     2.4877  1.9584019  1.1343101   46.99956  -46.83407    34.8695    34.8852     4.0021     4.0027    27.6823    27.6947    6.17120    6.30275         24 0.0000e+00
      53649   2235.341    502.000     4.0392   3.270644     4.0391   3.271961      65.35     0.0152     2.7863     2.4867  1.9566020  1.1336536   46.99956  -46.83406    34.8696    34.8853     4.0026     4.0025    27.6823    27.6948    6.14860    6.27481         43 0.0000e+00
      53684   2236.777    501.000     4.0391   3.270586     4.0394   3.271945      97.02     0.0190     2.7849     2.4849  1.9548389  1.1330785   46.99956  -46.83406    34.8695    34.8853     4.0026     4.0029    27.6823    27.6947    6.14651    6.27430         25 0.0000e+00
      53705   2237.646    500.000     4.0401   3.270623     4.0405   3.271991      92.11     0.0185     2.7848     2.4843  1.9548907  1.1318679   46.99956  -46.83406    34.8694    34.8852     4.0037     4.0041    27.6821    27.6946    6.15193    6.28022         18 0.0000e+00
      53721   2238.335    499.000     4.0412   3.270697     4.0429   3.272183      83.26     0.0161     2.7844     2.4846  1.9549043  1.1318681   46.99956  -46.83406    34.8697    34.8854     4.0049     4.0066    27.6821    27.6945    6.15361    6.28999         15 0.0000e+00
      53736   2238.949    498.000     4.0445   3.270972     4.0461   3.272461      96.12     0.0182     2.7850     2.4852  1.9548213  1.1318681   46.99956  -46.83406    34.8700    34.8860     4.0082     4.0098    27.6820    27.6946    6.15739    6.29010         14 0.0000e+00
      53750   2239.545    497.000     4.0482   3.271298     4.0493   3.272735      95.85     0.0236     2.7850     2.4855  1.9548229  1.1318681   46.99956  -46.83406    34.8704    34.8863     4.0120     4.0131    27.6820    27.6945    6.15569    6.28635         15 0.0000e+00
      53765   2240.171    496.000     4.0517   3.271601     4.0536   3.273112      96.10     0.0208     2.7855     2.4853  1.9548973  1.1318681   46.99956  -46.83406    34.8709    34.8868     4.0155     4.0174    27.6820    27.6944    6.15409    6.28369         16 0.0000e+00
      53782   2240.880    495.000     4.0540   3.271777     4.0544   3.273152      92.23     0.0139     2.7852     2.4859  1.9548910  1.1318681   46.99957  -46.83406    34.8710    34.8869     4.0179     4.0183    27.6818    27.6944    6.15419    6.28401         18 0.0000e+00
      53805   2241.826    494.000     4.0538   3.271732     4.0534   3.272999      91.87     0.0104     2.7859     2.4859  1.9550788  1.1320797   46.99958  -46.83406    34.8712    34.8867     4.0178     4.0174    27.6820    27.6943    6.14828    6.27822         28 0.0000e+00
      53835   2243.083    493.000     4.0538   3.271678     4.0543   3.273025      96.53     0.0120     2.7853     2.4852  1.9549012  1.1325681   46.99958  -46.83406    34.8711    34.8866     4.0179     4.0183    27.6819    27.6942    6.14311    6.26142         30 0.0000e+00
      53860   2244.145    492.000     4.0543   3.271655     4.0562   3.273166      87.69     0.0147     2.7851     2.4837  1.9548213  1.1330988   46.99958  -46.83406    34.8709    34.8868     4.0184     4.0203    27.6817    27.6941    6.15803    6.25814         21 0.0000e+00
      53880   2244.960    491.000     4.0573   3.271900     4.0604   3.273509      87.84     0.0126     2.7868     2.4832  1.9548229  1.1330892   46.99958  -46.83406    34.8711    34.8869     4.0216     4.0246    27.6815    27.6937    6.16996    6.26477         18 0.0000e+00
      53898   2245.695    490.000     4.0601   3.272125     4.0597   3.273387      64.26     0.0112     2.7877     2.4834  1.9541383  1.1330892   46.99958  -46.83405    34.8713    34.8867     4.0244     4.0240    27.6814    27.6937    6.16481    6.27547         18 0.0000e+00
      53916   2246.466    489.000     4.0581   3.271837     4.0562   3.272955      95.87     0.0108     2.7883     2.4842  1.9542114  1.1330892   46.99958  -46.83404    34.8706    34.8858     4.0225     4.0206    27.6810    27.6933    6.15649    6.28717         20 0.0000e+00
