data/CTD/2013/CNV/U021A042.CNV
* Sea-Bird SBE 9 Data File:
* FileName = C:\CTD_ACQUISITION\2013021HUD\ctddata\021A042.hdr
* Software Version Seasave V 7.22.2
* Temperature SN = 5081
* Conductivity SN = 3561
* Number of Bytes Per Scan = 37
* Number of Voltage Words = 4
* Number of Scans Averaged by the Deck Unit = 1
* NMEA Latitude = 48 20.24 N
* NMEA Longitude = 046 21.03 W
* NMEA UTC (Time) = Jul 04 2013 04:23:37
* NMEA baud rate = 9600
** Ship: Hudson
** Cruise: HUD2013021
** Chief_Scientist: Greenan
** Organization: BIO
** Area_of_Operation: Sackville Spur
** Station: 42
** Sounding:  947
** Event_Comments: FP_BSR_5  393184
# nquan = 25
# nvalues = 932                         
# units = specified
# name 0 = scan: Scan Count
# name 1 = timeS: Time, Elapsed [seconds]
# name 2 = prDM: Pressure, Digiquartz [db]
# name 3 = t068C: Temperature [ITS-68, deg C]
# name 4 = c0S/m: Conductivity [S/m]
# name 5 = t168C: Temperature, 2 [ITS-68, deg C]
# name 6 = c1S/m: Conductivity, 2 [S/m]
# name 7 = altM: Altimeter [m]
# name 8 = flCUVA: Fluorescence, Chelsea UV Aquatracka [ug/l]
# name 9 = sbeox0V: Oxygen raw, SBE 43 [V]
# name 10 = sbeox1V: Oxygen raw, SBE 43, 2 [V]
# name 11 = upoly0: Upoly 0, Optode 4330F - O2 D-Phase
# name 12 = upoly1: Upoly 1, Optode 4330F - O2 Temp
# name 13 = latitude: Latitude [deg]
# name 14 = longitude: Longitude [deg]
# name 15 = sal00: Salinity, Practical [PSU]
# name 16 = sal11: Salinity, Practical, 2 [PSU]
# name 17 = potemp068C: Potential Temperature [ITS-68, deg C]
# name 18 = potemp168C: Potential Temperature, 2 [ITS-68, deg C]
# name 19 = sigma-é00: Density [sigma-theta, Kg/m^3]
# name 20 = sigma-é11: Density, 2 [sigma-theta, Kg/m^3]
# name 21 = sbeox0ML/L: Oxygen, SBE 43 [ml/l], WS = 2
# name 22 = sbeox1ML/L: Oxygen, SBE 43, 2 [ml/l], WS = 2
# name 23 = nbin: number of scans per bin
# name 24 = flag: flag
# span 0 =      37661,      62954       
# span 1 =   1569.157,   2623.024       
# span 2 =      1.000,    932.000       
# span 3 =    -0.2612,     6.0828       
# span 4 =   2.758040,   3.277600       
# span 5 =    -0.2725,     6.0780       
# span 6 =   2.758145,   3.279017       
# span 7 =      -1.29,      99.90       
# span 8 =     0.0056,     0.1226       
# span 9 =     2.6212,     3.4351       
# span 10 =     2.3536,     3.1027      
# span 11 =  1.7360789,  2.0134311      
# span 12 =  0.6385498,  1.3604911      
# span 13 =   48.33590,   48.33638      
# span 14 =  -46.35044,  -46.34966      
# span 15 =    32.6409,    34.9037      
# span 16 =    32.6568,    34.9203      
# span 17 =    -0.2619,     6.0827      
# span 18 =    -0.2732,     6.0779      
# span 19 =    25.6788,    27.7301      
# span 20 =    25.6920,    27.7433      
# span 21 =    6.02879,    9.03826      
# span 22 =    6.22267,    9.29278      
# span 23 =         12,        352      
# span 24 = 0.0000e+00, 0.0000e+00      
# interval = decibars: 1                
# start_time = Jul 04 2013 04:23:37 [NMEA time, header]
# bad_flag = -9.990e-29
*END*
[from data line 464]
      50709   2112.820    468.000     4.0019   3.266335     3.9992   3.267424      73.14     0.0113     2.8058     2.5049  1.9507519  1.1269841   48.33594  -46.35031    34.8760    34.8918     3.9681     3.9654    27.6910    27.7039    6.20252    6.32493         15 0.0000e+00
      50724   2113.454    467.000     3.9981   3.265821     3.9967   3.267059      29.11     0.0126     2.8058     2.5047  1.9508338  1.1269841   48.33594  -46.35030    34.8745    34.8907     3.9644     3.9630    27.6902    27.7032    6.19546    6.32417         15 0.0000e+00
      50740   2114.140    466.000     3.9960   3.265537     3.9954   3.266852      96.11     0.0157     2.8054     2.5046  1.9513593  1.1269841   48.33594  -46.35030    34.8739    34.8902     3.9624     3.9617    27.6899    27.7030    6.20084    6.33029         18 0.0000e+00
      50760   2114.963    465.000     3.9952   3.265389     3.9942   3.266672      54.80     0.0154     2.8066     2.5055  1.9515991  1.1269841   48.33594  -46.35030    34.8735    34.8898     3.9616     3.9606    27.6897    27.7028    6.20638    6.34035         22 0.0000e+00
      50785   2115.992    464.000     3.9948   3.265304     3.9933   3.266509      90.43     0.0126     2.8073     2.5065  1.9511633  1.1263558   48.33595  -46.35030    34.8735    34.8894     3.9613     3.9598    27.6897    27.7025    6.19980    6.34178         27 0.0000e+00
      50811   2117.072    463.000     3.9938   3.265139     3.9920   3.266308      95.62     0.0123     2.8072     2.5072  1.9506468  1.1257581   48.33596  -46.35028    34.8732    34.8889     3.9603     3.9586    27.6896    27.7023    6.19486    6.33699         24 0.0000e+00
      50832   2117.952    462.000     3.9915   3.264818     3.9898   3.266012      53.57     0.0199     2.8070     2.5074  1.9506167  1.1263840   48.33596  -46.35028    34.8723    34.8882     3.9581     3.9565    27.6891    27.7020    6.20448    6.33025         18 0.0000e+00
      50850   2118.692    461.000     3.9902   3.264607     3.9898   3.265961      83.26     0.0195     2.8081     2.5072  1.9505490  1.1269196   48.33596  -46.35029    34.8717    34.8882     3.9569     3.9565    27.6888    27.7019    6.20532    6.32363         18 0.0000e+00
      50867   2119.425    460.000     3.9901   3.264557     3.9901   3.265966      96.32     0.0168     2.8083     2.5065  1.9503493  1.1269163   48.33596  -46.35030    34.8717    34.8885     3.9569     3.9569    27.6888    27.7021    6.19908    6.32032         18 0.0000e+00
      50886   2120.228    459.000     3.9903   3.264536     3.9903   3.265944      96.49     0.0153     2.8083     2.5064  1.9510368  1.1258869   48.33596  -46.35028    34.8717    34.8885     3.9572     3.9572    27.6887    27.7021    6.20174    6.33094         20 0.0000e+00
      50907   2121.102    458.000     3.9902   3.264468     3.9900   3.265859      46.95     0.0154     2.8090     2.5073  1.9508656  1.1257606   48.33596  -46.35028    34.8717    34.8883     3.9571     3.9570    27.6887    27.7020    6.20279    6.34276         21 0.0000e+00
      50928   2121.968    457.000     3.9899   3.264399     3.9897   3.265769      96.72     0.0133     2.8090     2.5082  1.9501635  1.1257632   48.33596  -46.35028    34.8716    34.8881     3.9570     3.9568    27.6887    27.7018    6.20510    6.34489         21 0.0000e+00
      50948   2122.799    456.000     3.9898   3.264333     3.9895   3.265691      96.21     0.0126     2.8103     2.5091  1.9499427  1.1257632   48.33596  -46.35028    34.8715    34.8880     3.9569     3.9566    27.6886    27.7017    6.20834    6.34519         20 0.0000e+00
      50968   2123.638    455.000     3.9894   3.264237     3.9891   3.265594      76.57     0.0124     2.8102     2.5099  1.9499389  1.1257632   48.33596  -46.35028    34.8713    34.8877     3.9566     3.9563    27.6885    27.7016    6.20618    6.34731         20 0.0000e+00
      50991   2124.582    454.000     3.9885   3.264086     3.9882   3.265447      71.42     0.0137     2.8110     2.5108  1.9499389  1.1257632   48.33596  -46.35027    34.8711    34.8875     3.9558     3.9555    27.6884    27.7015    6.20992    6.34462         25 0.0000e+00
      51015   2125.587    453.000     3.9877   3.263961     3.9867   3.265218      96.56     0.0157     2.8122     2.5112  1.9499389  1.1257632   48.33596  -46.35026    34.8709    34.8869     3.9551     3.9541    27.6883    27.7011    6.21870    6.34069         23 0.0000e+00
      51037   2126.491    452.000     3.9867   3.263784     3.9849   3.264968      88.43     0.0211     2.8133     2.5115  1.9497533  1.1257632   48.33596  -46.35026    34.8704    34.8864     3.9542     3.9524    27.6880    27.7009    6.21377    6.34002         20 0.0000e+00
      51056   2127.304    451.000     3.9847   3.263478     3.9832   3.264699      49.83     0.0150     2.8134     2.5115  1.9498764  1.1257632   48.33596  -46.35026    34.8695    34.8855     3.9522     3.9507    27.6875    27.7004    6.21062    6.33521         19 0.0000e+00
      51075   2128.089    450.000     3.9827   3.263167     3.9819   3.264473      96.84     0.0129     2.8140     2.5113  1.9510397  1.1257632   48.33596  -46.35026    34.8684    34.8847     3.9503     3.9495    27.6868    27.6998    6.20806    6.33462         19 0.0000e+00
      51094   2128.865    449.000     3.9816   3.262970     3.9811   3.264319      96.53     0.0143     2.8136     2.5113  1.9512994  1.1257632   48.33596  -46.35026    34.8678    34.8843     3.9493     3.9488    27.6864    27.6996    6.20444    6.33883         18 0.0000e+00
      51112   2129.618    448.000     3.9812   3.262865     3.9808   3.264213      80.64     0.0131     2.8136     2.5117  1.9515029  1.1257632   48.33596  -46.35026    34.8675    34.8839     3.9489     3.9486    27.6862    27.6993    6.20505    6.33666         18 0.0000e+00
      51129   2130.337    447.000     3.9809   3.262772     3.9806   3.264129      51.88     0.0164     2.8136     2.5115  1.9499301  1.1257632   48.33596  -46.35026    34.8672    34.8836     3.9488     3.9484    27.6860    27.6991    6.20826    6.32987         17 0.0000e+00
      51146   2131.059    446.000     3.9807   3.262683     3.9806   3.264061      96.28     0.0193     2.8145     2.5112  1.9499389  1.1255608   48.33596  -46.35024    34.8669    34.8833     3.9487     3.9485    27.6858    27.6989    6.21364    6.33002         18 0.0000e+00
      51165   2131.839    445.000     3.9812   3.262657     3.9815   3.264069      27.83     0.0183     2.8145     2.5111  1.9498192  1.1251607   48.33596  -46.35024    34.8666    34.8831     3.9492     3.9494    27.6855    27.6986    6.20722    6.33148         20 0.0000e+00
      51186   2132.703    444.000     3.9822   3.262686     3.9828   3.264120      69.50     0.0153     2.8146     2.5113  1.9495914  1.1245458   48.33597  -46.35024    34.8664    34.8828     3.9503     3.9508    27.6852    27.6982    6.20708    6.33819         21 0.0000e+00
      51208   2133.610    443.000     3.9829   3.262703     3.9836   3.264153      73.10     0.0190     2.8153     2.5121  1.9494944  1.1245421   48.33598  -46.35024    34.8664    34.8828     3.9511     3.9518    27.6851    27.6981    6.21289    6.34327         22 0.0000e+00
      51228   2134.467    442.000     3.9837   3.262725     3.9841   3.264143      92.89     0.0166     2.8156     2.5127  1.9489090  1.1244217   48.33598  -46.35023    34.8663    34.8827     3.9520     3.9523    27.6850    27.6980    6.21326    6.34514         20 0.0000e+00
      51249   2135.338    441.000     3.9842   3.262718     3.9844   3.264122      90.36     0.0173     2.8165     2.5136  1.9489392  1.1245399   48.33598  -46.35022    34.8663    34.8827     3.9525     3.9527    27.6849    27.6979    6.21351    6.34688         22 0.0000e+00
      51272   2136.285    440.000     3.9846   3.262695     3.9850   3.264111      51.71     0.0174     2.8166     2.5146  1.9503530  1.1245421   48.33598  -46.35022    34.8661    34.8825     3.9530     3.9533    27.6847    27.6977    6.20892    6.35000         23 0.0000e+00
      51295   2137.233    439.000     3.9854   3.262699     3.9863   3.264155      96.07     0.0174     2.8170     2.5153  1.9502158  1.1245421   48.33598  -46.35022    34.8659    34.8821     3.9538     3.9548    27.6844    27.6973    6.21987    6.34817         22 0.0000e+00
      51315   2138.092    438.000     3.9867   3.262729     3.9874   3.264127      96.43     0.0170     2.8186     2.5159  1.9499360  1.1245421   48.33598  -46.35020    34.8653    34.8812     3.9552     3.9559    27.6838    27.6964    6.22088    6.34866         19 0.0000e+00
      51334   2138.863    437.000     3.9874   3.262674     3.9872   3.263988      58.78     0.0154     2.8185     2.5163  1.9498017  1.1245421   48.33598  -46.35020    34.8645    34.8803     3.9560     3.9558    27.6831    27.6957    6.21762    6.34972         18 0.0000e+00
      51352   2139.612    436.000     3.9872   3.262552     3.9868   3.263886      75.06     0.0119     2.8196     2.5171  1.9497471  1.1245421   48.33598  -46.35020    34.8638    34.8800     3.9558     3.9554    27.6826    27.6955    6.22164    6.35188         19 0.0000e+00
      51371   2140.415    435.000     3.9869   3.262442     3.9865   3.263803      95.50     0.0120     2.8199     2.5176  1.9492806  1.1245421   48.33598  -46.35020    34.8633    34.8799     3.9556     3.9552    27.6822    27.6954    6.21958    6.35318         20 0.0000e+00
      51392   2141.303    434.000     3.9865   3.262355     3.9862   3.263709      96.39     0.0143     2.8207     2.5183  1.9491082  1.1245421   48.33598  -46.35020    34.8632    34.8796     3.9553     3.9550    27.6822    27.6952    6.22221    6.34782         22 0.0000e+00
      51413   2142.176    433.000     3.9861   3.262253     3.9856   3.263592      35.97     0.0160     2.8216     2.5179  1.9493634  1.1245421   48.33598  -46.35020    34.8630    34.8794     3.9550     3.9545    27.6820    27.6951    6.22016    6.33341         19 0.0000e+00
      51431   2142.931    432.000     3.9855   3.262133     3.9849   3.263439      61.28     0.0140     2.8214     2.5175  1.9494375  1.1245421   48.33598  -46.35020    34.8627    34.8788     3.9545     3.9539    27.6819    27.6947    6.22116    6.33519         17 0.0000e+00
      51448   2143.605    431.000     3.9848   3.261984     3.9842   3.263291      96.50     0.0127     2.8223     2.5173  1.9495574  1.1245421   48.33598  -46.35020    34.8622    34.8784     3.9539     3.9532    27.6815    27.6945    6.22698    6.33781         16 0.0000e+00
      51463   2144.254    430.000     3.9841   3.261830     3.9836   3.263165      95.92     0.0111     2.8229     2.5173  1.9498595  1.1245421   48.33598  -46.35020    34.8617    34.8781     3.9532     3.9527    27.6812    27.6943    6.22252    6.33944         15 0.0000e+00
      51479   2144.929    429.000     3.9835   3.261708     3.9831   3.263062      51.93     0.0143     2.8230     2.5173  1.9498709  1.1245421   48.33598  -46.35020    34.8614    34.8778     3.9527     3.9523    27.6810    27.6941    6.21728    6.34248         18 0.0000e+00
      51499   2145.755    428.000     3.9833   3.261630     3.9831   3.263000      83.29     0.0163     2.8231     2.5180  1.9493265  1.1245421   48.33598  -46.35019    34.8612    34.8777     3.9526     3.9523    27.6809    27.6940    6.22053    6.34785         23 0.0000e+00
      51527   2146.905    427.000     3.9832   3.261575     3.9830   3.262944      96.27     0.0150     2.8237     2.5186  1.9484899  1.1245421   48.33598  -46.35019    34.8612    34.8776     3.9525     3.9524    27.6809    27.6939    6.22341    6.34878         31 0.0000e+00
      51556   2148.125    426.000     3.9832   3.261522     3.9830   3.262882      51.25     0.0132     2.8243     2.5199  1.9476138  1.1245421   48.33598  -46.35020    34.8611    34.8775     3.9527     3.9524    27.6807    27.6938    6.21376    6.35780         25 0.0000e+00
      51577   2149.007    425.000     3.9832   3.261449     3.9828   3.262815      97.86     0.0195     2.8236     2.5209  1.9467933  1.1245421   48.33598  -46.35020    34.8608    34.8774     3.9527     3.9523    27.6805    27.6937    6.20498    6.35691         18 0.0000e+00
      51593   2149.678    424.000     3.9828   3.261362     3.9826   3.262736      96.44     0.0228     2.8230     2.5212  1.9472600  1.1245421   48.33598  -46.35020    34.8607    34.8772     3.9524     3.9522    27.6804    27.6936    6.20078    6.35668         15 0.0000e+00
      51607   2150.268    423.000     3.9829   3.261312     3.9828   3.262705      40.02     0.0224     2.8228     2.5219  1.9487098  1.1245421   48.33598  -46.35020    34.8605    34.8772     3.9526     3.9525    27.6803    27.6935    6.20134    6.35946         14 0.0000e+00
      51621   2150.844    422.000     3.9834   3.261297     3.9833   3.262692      23.56     0.0212     2.8219     2.5224  1.9491467  1.1245421   48.33598  -46.35020    34.8604    34.8770     3.9531     3.9531    27.6801    27.6933    6.20510    6.35857         14 0.0000e+00
      51636   2151.466    421.000     3.9833   3.261237     3.9831   3.262611      61.77     0.0197     2.8221     2.5228  1.9491006  1.1245421   48.33598  -46.35020    34.8603    34.8768     3.9531     3.9529    27.6801    27.6933    6.21440    6.35431         16 0.0000e+00
      51653   2152.157    420.000     3.9830   3.261153     3.9826   3.262505      95.80     0.0155     2.8232     2.5230  1.9487941  1.1244005   48.33598  -46.35016    34.8602    34.8766     3.9529     3.9525    27.6800    27.6931    6.22214    6.35335         17 0.0000e+00
      51672   2152.963    419.000     3.9825   3.261065     3.9823   3.262429      94.08     0.0136     2.8238     2.5233  1.9487175  1.1245431   48.33598  -46.35019    34.8601    34.8765     3.9525     3.9523    27.6800    27.6931    6.22300    6.35195         21 0.0000e+00
      51696   2153.943    418.000     3.9823   3.260984     3.9819   3.262335      50.59     0.0162     2.8246     2.5235  1.9478718  1.1245421   48.33599  -46.35020    34.8600    34.8764     3.9523     3.9520    27.6799    27.6930    6.22090    6.34912         27 0.0000e+00
      51727   2155.268    417.000     3.9821   3.260926     3.9817   3.262252      96.38     0.0160     2.8261     2.5236  1.9468884  1.1244744   48.33600  -46.35020    34.8600    34.8762     3.9522     3.9517    27.6800    27.6929    6.23049    6.35219         36 0.0000e+00
      51759   2156.581    416.000     3.9820   3.260853     3.9809   3.262109      80.54     0.0193     2.8278     2.5246  1.9473128  1.1245453   48.33600  -46.35018    34.8597    34.8758     3.9522     3.9511    27.6797    27.6926    6.22752    6.36324         24 0.0000e+00
      51779   2157.409    415.000     3.9809   3.260664     3.9797   3.261919      54.38     0.0181     2.8278     2.5251  1.9466738  1.1245421   48.33600  -46.35018    34.8592    34.8754     3.9511     3.9499    27.6794    27.6924    6.22252    6.35084         18 0.0000e+00
      51794   2158.058    414.000     3.9795   3.260441     3.9790   3.261786      96.22     0.0173     2.8283     2.5249  1.9484448  1.1245421   48.33600  -46.35018    34.8586    34.8751     3.9499     3.9494    27.6790    27.6922    6.22393    6.34816         14 0.0000e+00
      51808   2158.643    413.000     3.9784   3.260250     3.9780   3.261615      96.21     0.0180     2.8282     2.5249  1.9488037  1.1245421   48.33601  -46.35018    34.8580    34.8746     3.9488     3.9484    27.6787    27.6920    6.21834    6.34955         14 0.0000e+00
      51822   2159.226    412.000     3.9764   3.259928     3.9760   3.261294      96.19     0.0188     2.8284     2.5249  1.9487184  1.1245421   48.33602  -46.35018    34.8569    34.8735     3.9468     3.9465    27.6780    27.6913    6.21551    6.34709         14 0.0000e+00
