data/CTD/2013/CNV/U021A019.CNV
* Sea-Bird SBE 9 Data File:
* FileName = C:\CTD_ACQUISITION\2013021HUD\ctddata\021A019.hdr
* Software Version Seasave V 7.22.2
* Temperature SN = 5081
* Conductivity SN = 3561
* Number of Bytes Per Scan = 37
* Number of Voltage Words = 4
* Number of Scans Averaged by the Deck Unit = 1
* NMEA Latitude = 47 00.00 N
* NMEA Longitude = 046 40.17 W
* NMEA UTC (Time) = Jul 02 2013 04:50:47
* NMEA baud rate = 9600
** Ship: Hudson
** Cruise: HUD2013021
** Chief_Scientist: Greenan
** Organization: BIO
** Area_of_Operation: Sackville Spur
** Station: 19
** Sounding:  919
** Event_Comments: FC19  393125
# nquan = 25
# nvalues = 943                         
# units = specified
# name 0 = scan: Scan Count
# name 1 = timeS: Time, Elapsed [seconds]
# name 2 = prDM: Pressure, Digiquartz [db]
# name 3 = t068C: Temperature [ITS-68, deg C]
# name 4 = c0S/m: Conductivity [S/m]
# name 5 = t168C: Temperature, 2 [ITS-68, deg C]
# name 6 = c1S/m: Conductivity, 2 [S/m]
# name 7 = altM: Altimeter [m]
# name 8 = flCUVA: Fluorescence, Chelsea UV Aquatracka [ug/l]
# name 9 = sbeox0V: Oxygen raw, SBE 43 [V]
# name 10 = sbeox1V: Oxygen raw, SBE 43, 2 [V]
# name 11 = upoly0: Upoly 0, Optode 4330F - O2 D-Phase
# name 12 = upoly1: Upoly 1, Optode 4330F - O2 Temp
# name 13 = latitude: Latitude [deg]
# name 14 = longitude: Longitude [deg]
# name 15 = sal00: Salinity, Practical [PSU]
# name 16 = sal11: Salinity, Practical, 2 [PSU]
# name 17 = potemp068C: Potential Temperature [ITS-68, deg C]
# name 18 = potemp168C: Potential Temperature, 2 [ITS-68, deg C]
# name 19 = sigma-é00: Density [sigma-theta, Kg/m^3]
# name 20 = sigma-é11: Density, 2 [sigma-theta, Kg/m^3]
# name 21 = sbeox0ML/L: Oxygen, SBE 43 [ml/l], WS = 2
# name 22 = sbeox1ML/L: Oxygen, SBE 43, 2 [ml/l], WS = 2
# name 23 = nbin: number of scans per bin
# name 24 = flag: flag
# span 0 =      31066,      53719       
# span 1 =   1294.374,   2238.249       
# span 2 =      1.000,    943.000       
# span 3 =     0.7022,     6.1941       
# span 4 =   2.853931,   3.359823       
# span 5 =     0.8081,     6.1908       
# span 6 =   2.866920,   3.361086       
# span 7 =       5.65,     121.36       
# span 8 =     0.0043,     0.1790       
# span 9 =     2.5928,     3.4229       
# span 10 =     2.3076,     3.0466      
# span 11 =  1.7278990,  2.0575646      
# span 12 =  0.7814682,  1.3978014      
# span 13 =   47.00273,   47.00398      
# span 14 =  -46.67090,  -46.66989      
# span 15 =    32.7693,    34.9363      
# span 16 =    32.7841,    34.9519      
# span 17 =     0.7006,     6.1939      
# span 18 =     0.8064,     6.1906      
# span 19 =    25.7667,    27.7346      
# span 20 =    25.7788,    27.7473      
# span 21 =    5.25063,    8.55560      
# span 22 =    5.37322,    8.56724      
# span 23 =         12,        304      
# span 24 = 0.0000e+00, 0.0000e+00      
# interval = decibars: 1                
# start_time = Jul 02 2013 04:50:47 [NMEA time, header]
# bad_flag = -9.990e-29
*END*
      31066   1294.374    943.000     3.8400   3.275253     3.8407   3.276642       8.72     0.0172     2.6045     2.3419  2.0008662  1.1062340   47.00274  -46.66989    34.9051    34.9208     3.7696     3.7699    27.7346    27.7471    6.00323    6.20897         26 0.0000e+00
      31110   1296.197    942.000     3.8431   3.275483     3.8410   3.276644       9.31     0.0194     2.6048     2.3426  2.0009997  1.1061993   47.00275  -46.66990    34.9051    34.9211     3.7728     3.7719    27.7343    27.7473    6.00325    6.21334         44 0.0000e+00
      31144   1297.618    941.000     3.8462   3.275719     3.8451   3.276952       9.92     0.0174     2.6048     2.3431  2.0005882  1.1062270   47.00276  -46.66990    34.9051    34.9209     3.7759     3.7748    27.7340    27.7467    5.99879    6.21040         25 0.0000e+00
      31460   1310.799    940.000     3.8444   3.275535     3.8449   3.276912      11.51     0.0152     2.6043     2.3419  2.0016708  1.1061764   47.00281  -46.66991    34.9054    34.9211     3.7742     3.7750    27.7344    27.7469    5.99671    6.20264        199 0.0000e+00
      31782   1324.224    939.000     3.8442   3.275460     3.8437   3.276751      12.14     0.0087     2.6038     2.3428  2.0019329  1.1061852   47.00286  -46.66993    34.9052    34.9211     3.7740     3.7734    27.7343    27.7469    5.98987    6.20415         29 0.0000e+00
      31773   1323.845    938.000     3.8435   3.275358     3.8430   3.276649      13.03     0.0100     2.6037     2.3429  2.0028217  1.1062281   47.00286  -46.66992    34.9052    34.9210     3.7735     3.7730    27.7343    27.7470    6.00042    6.20231         17 0.0000e+00
      31790   1324.560    937.000     3.8428   3.275256     3.8423   3.276551      13.98     0.0134     2.6040     2.3425  2.0026867  1.1062272   47.00286  -46.66992    34.9053    34.9211     3.7728     3.7723    27.7344    27.7471    5.99678    6.19649         20 0.0000e+00
      31826   1326.035    936.000     3.8426   3.275197     3.8426   3.276525      15.45     0.0097     2.6044     2.3425  2.0024493  1.1062272   47.00286  -46.66993    34.9053    34.9210     3.7728     3.7727    27.7344    27.7470    6.00104    6.20499         59 0.0000e+00
      31875   1328.097    935.000     3.8430   3.275169     3.8427   3.276471      16.35     0.0100     2.6051     2.3432  2.0027218  1.1062272   47.00288  -46.66994    34.9051    34.9208     3.7732     3.7729    27.7342    27.7468    6.00717    6.20677         24 0.0000e+00
      31893   1328.823    934.000     3.8438   3.275204     3.8441   3.276551      16.34     0.0063     2.6063     2.3434  2.0025077  1.1062272   47.00288  -46.66994    34.9051    34.9208     3.7741     3.7743    27.7342    27.7467    6.01343    6.20610         18 0.0000e+00
      31912   1329.613    933.000     3.8457   3.275338     3.8454   3.276641      16.63     0.0087     2.6070     2.3435  2.0020421  1.1062272   47.00289  -46.66994    34.9052    34.9210     3.7761     3.7757    27.7340    27.7467    6.00719    6.20933         21 0.0000e+00
      31956   1331.462    932.000     3.8477   3.275485     3.8473   3.276767      18.98     0.0103     2.6069     2.3445  2.0021219  1.1061813   47.00290  -46.66994    34.9053    34.9210     3.7782     3.7777    27.7339    27.7464    5.99800    6.20937         74 0.0000e+00
      32008   1333.625    931.000     3.8484   3.275468     3.8480   3.276768      20.19     0.0058     2.6065     2.3448  2.0010033  1.1062287   47.00290  -46.66994    34.9050    34.9207     3.7789     3.7785    27.7336    27.7462    6.00352    6.20650         20 0.0000e+00
      32024   1334.294    930.000     3.8502   3.275577     3.8492   3.276835      20.63     0.0043     2.6074     2.3449  2.0008132  1.1062272   47.00290  -46.66994    34.9051    34.9208     3.7808     3.7797    27.7335    27.7461    6.00578    6.20469         15 0.0000e+00
      32039   1334.925    929.000     3.8535   3.275840     3.8522   3.277069      21.59     0.0103     2.6074     2.3448  2.0001545  1.1059798   47.00291  -46.66994    34.9050    34.9209     3.7841     3.7828    27.7331    27.7459    6.00932    6.20177         15 0.0000e+00
      32054   1335.561    928.000     3.8562   3.276056     3.8553   3.277306      22.53     0.0132     2.6084     2.3449  1.9987830  1.1061504   47.00292  -46.66994    34.9052    34.9210     3.7869     3.7860    27.7330    27.7456    6.01019    6.20455         16 0.0000e+00
      32072   1336.299    927.000     3.8571   3.276093     3.8565   3.277371      23.45     0.0123     2.6088     2.3452  1.9987789  1.1062238   47.00292  -46.66996    34.9053    34.9210     3.7878     3.7872    27.7329    27.7455    6.01126    6.20745         21 0.0000e+00
      32132   1338.807    926.000     3.8548   3.275858     3.8542   3.277133      25.36     0.0081     2.6101     2.3458  2.0014207  1.1069093   47.00292  -46.66996    34.9053    34.9211     3.7857     3.7857    27.7332    27.7457    6.00553    6.20815         90 0.0000e+00
      32184   1340.970    925.000     3.8535   3.275678     3.8540   3.277035      24.94     0.0087     2.6099     2.3469  1.9998183  1.1069835   47.00294  -46.66996    34.9051    34.9207     3.7845     3.7849    27.7331    27.7455    6.00178    6.21272         21 0.0000e+00
      32204   1341.804    924.000     3.8552   3.275780     3.8552   3.277111      25.65     0.0099     2.6104     2.3471  1.9988499  1.1060534   47.00294  -46.66996    34.9051    34.9208     3.7862     3.7862    27.7329    27.7455    6.00009    6.20980         20 0.0000e+00
      32225   1342.663    923.000     3.8572   3.275915     3.8578   3.277303      26.48     0.0096     2.6099     2.3473  1.9992424  1.1064001   47.00294  -46.66996    34.9050    34.9208     3.7883     3.7889    27.7327    27.7452    5.99684    6.20641         21 0.0000e+00
      32246   1343.535    922.000     3.8625   3.276346     3.8618   3.277614      27.44     0.0075     2.6101     2.3472  2.0006866  1.1074979   47.00294  -46.66996    34.9051    34.9209     3.7937     3.7929    27.7321    27.7448    6.00525    6.20034         21 0.0000e+00
      32267   1344.426    921.000     3.8655   3.276575     3.8644   3.277804      28.49     0.0074     2.6108     2.3470  2.0007212  1.1075584   47.00294  -46.66998    34.9051    34.9209     3.7967     3.7955    27.7319    27.7446    6.00378    6.19957         22 0.0000e+00
      32291   1345.396    920.000     3.8663   3.276613     3.8660   3.277906      29.58     0.0113     2.6108     2.3471  2.0006845  1.1076895   47.00296  -46.66998    34.9052    34.9209     3.7976     3.7972    27.7319    27.7444    6.00663    6.20693         25 0.0000e+00
      32320   1346.645    919.000     3.8665   3.276585     3.8667   3.277932      30.46     0.0166     2.6119     2.3479  2.0006926  1.1079309   47.00296  -46.66998    34.9052    34.9209     3.7978     3.7981    27.7319    27.7443    6.01260    6.21138         37 0.0000e+00
      32368   1348.607    918.000     3.8664   3.276521     3.8686   3.278041      31.76     0.0146     2.6123     2.3486  2.0005772  1.1087214   47.00296  -46.66998    34.9050    34.9207     3.7979     3.8000    27.7317    27.7440    6.00652    6.20348         48 0.0000e+00
      32402   1350.056    917.000     3.8685   3.276632     3.8679   3.277937      32.67     0.0124     2.6146     2.3483  2.0000293  1.1086692   47.00296  -46.66998    34.9046    34.9208     3.8000     3.7993    27.7312    27.7441    6.02542    6.19737         25 0.0000e+00
      32423   1350.925    916.000     3.8708   3.276826     3.8695   3.278045      33.42     0.0114     2.6147     2.3478  1.9995458  1.1086692   47.00297  -46.66999    34.9050    34.9208     3.8024     3.8011    27.7312    27.7439    6.01752    6.19653         19 0.0000e+00
      32442   1351.698    915.000     3.8726   3.276945     3.8712   3.278149      34.38     0.0137     2.6159     2.3481  1.9987680  1.1086692   47.00298  -46.67000    34.9051    34.9209     3.8042     3.8028    27.7311    27.7438    6.01434    6.20498         18 0.0000e+00
      32460   1352.474    914.000     3.8737   3.277013     3.8727   3.278251      35.19     0.0166     2.6153     2.3485  1.9987789  1.1086692   47.00298  -46.67000    34.9053    34.9210     3.8054     3.8043    27.7311    27.7437    5.99628    6.20963         20 0.0000e+00
      32480   1353.294    913.000     3.8745   3.277044     3.8740   3.278331      36.01     0.0126     2.6145     2.3490  1.9982417  1.1086692   47.00298  -46.67000    34.9053    34.9210     3.8063     3.8058    27.7310    27.7436    6.00032    6.20872         20 0.0000e+00
      32502   1354.197    912.000     3.8757   3.277112     3.8751   3.278384      37.00     0.0112     2.6154     2.3495  1.9983003  1.1086692   47.00298  -46.67000    34.9053    34.9210     3.8076     3.8070    27.7309    27.7435    6.01989    6.21042         23 0.0000e+00
      32526   1355.191    911.000     3.8786   3.277322     3.8778   3.278577      38.24     0.0124     2.6163     2.3503  1.9981680  1.1091287   47.00298  -46.67000    34.9053    34.9210     3.8105     3.8097    27.7306    27.7432    6.01483    6.21194         24 0.0000e+00
      32550   1356.210    910.000     3.8820   3.277576     3.8816   3.278870      39.04     0.0150     2.6170     2.3508  1.9979973  1.1096956   47.00300  -46.67000    34.9051    34.9210     3.8140     3.8135    27.7301    27.7428    6.01429    6.20920         25 0.0000e+00
      32576   1357.282    909.000     3.8848   3.277793     3.8842   3.279065      40.08     0.0122     2.6174     2.3511  1.9999025  1.1098847   47.00300  -46.67000    34.9053    34.9210     3.8168     3.8162    27.7300    27.7425    6.01917    6.20599         28 0.0000e+00
      32609   1358.662    908.000     3.8838   3.277671     3.8870   3.279270      41.27     0.0102     2.6186     2.3514  1.9992425  1.1098901   47.00300  -46.67002    34.9054    34.9210     3.8159     3.8191    27.7302    27.7422    6.01368    6.20638         38 0.0000e+00
      32647   1360.249    907.000     3.8895   3.278121     3.8896   3.279432      47.32     0.0112     2.6192     2.3520  1.9962182  1.1099648   47.00300  -46.67002    34.9053    34.9206     3.8216     3.8218    27.7295    27.7417    6.02143    6.21044         34 0.0000e+00
      32677   1361.481    906.000     3.8975   3.278803     3.8944   3.279830      63.26     0.0134     2.6198     2.3527  1.9981320  1.1110395   47.00300  -46.67002    34.9053    34.9208     3.8297     3.8266    27.7287    27.7413    6.01677    6.20763         27 0.0000e+00
      32700   1362.474    905.000     3.9021   3.279171     3.8978   3.280115      76.00     0.0146     2.6206     2.3526  1.9981681  1.1111107   47.00300  -46.67002    34.9053    34.9211     3.8344     3.8300    27.7282    27.7412    6.01785    6.20422         22 0.0000e+00
      32721   1363.349    904.000     3.9003   3.278975     3.8988   3.280173      80.18     0.0146     2.6209     2.3531  1.9980470  1.1111112   47.00300  -46.67002    34.9055    34.9213     3.8326     3.8311    27.7285    27.7412    6.01475    6.21121         20 0.0000e+00
      32742   1364.222    903.000     3.8977   3.278701     3.8972   3.279986      61.74     0.0111     2.6210     2.3536  1.9982591  1.1111112   47.00300  -46.67004    34.9055    34.9212     3.8302     3.8296    27.7287    27.7413    6.00760    6.20774         21 0.0000e+00
      32763   1365.096    902.000     3.8986   3.278715     3.8970   3.279912      96.82     0.0128     2.6205     2.3535  1.9964869  1.1118187   47.00300  -46.67004    34.9053    34.9211     3.8311     3.8295    27.7285    27.7412    6.00711    6.20101         21 0.0000e+00
      32784   1365.963    901.000     3.9044   3.279207     3.9028   3.280375      96.33     0.0135     2.6208     2.3534  1.9957951  1.1122136   47.00301  -46.67004    34.9054    34.9210     3.8370     3.8353    27.7280    27.7406    6.00893    6.19926         22 0.0000e+00
      32807   1366.928    900.000     3.9085   3.279541     3.9071   3.280742      96.18     0.0152     2.6210     2.3535  1.9966843  1.1122806   47.00302  -46.67004    34.9056    34.9213     3.8411     3.8397    27.7277    27.7403    6.01132    6.20495         24 0.0000e+00
      32833   1368.013    899.000     3.9091   3.279552     3.9084   3.280815      96.90     0.0184     2.6212     2.3542  1.9980717  1.1123327   47.00302  -46.67004    34.9056    34.9212     3.8418     3.8411    27.7276    27.7402    6.00637    6.21230         27 0.0000e+00
      32862   1369.196    898.000     3.9095   3.279542     3.9086   3.280794      96.46     0.0175     2.6212     2.3548  1.9966527  1.1127011   47.00302  -46.67004    34.9055    34.9213     3.8423     3.8431    27.7275    27.7402    6.01053    6.20472         30 0.0000e+00
      32892   1370.449    897.000     3.9098   3.279518     3.9090   3.280782      96.80     0.0177     2.6217     2.3551  1.9957231  1.1128843   47.00302  -46.67006    34.9054    34.9213     3.8427     3.8418    27.7274    27.7401    6.01504    6.21047         29 0.0000e+00
      32919   1371.571    896.000     3.9102   3.279500     3.9092   3.280756      46.29     0.0179     2.6227     2.3559  1.9975716  1.1135583   47.00302  -46.67006    34.9054    34.9212     3.8431     3.8422    27.7273    27.7400    6.01643    6.21204         26 0.0000e+00
      32943   1372.599    895.000     3.9109   3.279532     3.9096   3.280745      90.75     0.0182     2.6234     2.3564  1.9973553  1.1135532   47.00302  -46.67006    34.9055    34.9212     3.8439     3.8426    27.7273    27.7400    6.02173    6.21497         24 0.0000e+00
      32967   1373.589    894.000     3.9119   3.279568     3.9104   3.280773      96.54     0.0196     2.6241     2.3572  1.9938760  1.1135532   47.00303  -46.67006    34.9054    34.9213     3.8449     3.8434    27.7272    27.7399    6.01751    6.21096         23 0.0000e+00
      32990   1374.534    893.000     3.9125   3.279584     3.9115   3.280831      89.77     0.0165     2.6241     2.3570  1.9938949  1.1135532   47.00304  -46.67006    34.9054    34.9213     3.8457     3.8446    27.7271    27.7398    6.01446    6.20544         22 0.0000e+00
      33012   1375.462    892.000     3.9127   3.279557     3.9118   3.280809      93.67     0.0147     2.6248     2.3572  1.9963471  1.1136065   47.00304  -46.67006    34.9054    34.9212     3.8460     3.8450    27.7271    27.7397    6.01727    6.20763         23 0.0000e+00
      33034   1376.392    891.000     3.9134   3.279567     3.9123   3.280804      96.30     0.0202     2.6251     2.3574  1.9963369  1.1137192   47.00304  -46.67006    34.9054    34.9212     3.8467     3.8456    27.7269    27.7396    6.01406    6.21310         22 0.0000e+00
      33057   1377.318    890.000     3.9139   3.279570     3.9128   3.280807      96.61     0.0188     2.6251     2.3582  1.9959459  1.1143341   47.00304  -46.67008    34.9053    34.9212     3.8473     3.8462    27.7269    27.7396    6.01541    6.21522         22 0.0000e+00
      33079   1378.255    889.000     3.9141   3.279543     3.9133   3.280802      96.84     0.0161     2.6259     2.3585  1.9957520  1.1145096   47.00304  -46.67008    34.9053    34.9211     3.8476     3.8467    27.7268    27.7395    6.02195    6.20924         23 0.0000e+00
      33104   1379.303    888.000     3.9141   3.279491     3.9134   3.280768      96.94     0.0119     2.6264     2.3589  1.9959428  1.1147718   47.00304  -46.67008    34.9053    34.9211     3.8476     3.8469    27.7268    27.7395    6.02089    6.21787         28 0.0000e+00
      33135   1380.571    887.000     3.9145   3.279492     3.9135   3.280739      96.72     0.0140     2.6274     2.3598  1.9953026  1.1147741   47.00304  -46.67008    34.9053    34.9211     3.8482     3.8471    27.7267    27.7394    6.02961    6.21483         32 0.0000e+00
