data/CTD/2013/CNV/U021A020.CNV
* Sea-Bird SBE 9 Data File:
* FileName = C:\CTD_ACQUISITION\2013021HUD\ctddata\021A020.hdr
* Software Version Seasave V 7.22.2
* Temperature SN = 5081
* Conductivity SN = 3561
* Number of Bytes Per Scan = 37
* Number of Voltage Words = 4
* Number of Scans Averaged by the Deck Unit = 1
* NMEA Latitude = 47 00.01 N
* NMEA Longitude = 046 33.55 W
* NMEA UTC (Time) = Jul 02 2013 06:15:01
* NMEA baud rate = 9600
** Ship: Hudson
** Cruise: HUD2013021
** Chief_Scientist: Greenan
** Organization: BIO
** Area_of_Operation: Sackville Spur
** Station: 20
** Sounding:  440
** Event_Comments: FC19.5  393127
# nquan = 25
# nvalues = 424                         
# units = specified
# name 0 = scan: Scan Count
# name 1 = timeS: Time, Elapsed [seconds]
# name 2 = prDM: Pressure, Digiquartz [db]
# name 3 = t068C: Temperature [ITS-68, deg C]
# name 4 = c0S/m: Conductivity [S/m]
# name 5 = t168C: Temperature, 2 [ITS-68, deg C]
# name 6 = c1S/m: Conductivity, 2 [S/m]
# name 7 = altM: Altimeter [m]
# name 8 = flCUVA: Fluorescence, Chelsea UV Aquatracka [ug/l]
# name 9 = sbeox0V: Oxygen raw, SBE 43 [V]
# name 10 = sbeox1V: Oxygen raw, SBE 43, 2 [V]
# name 11 = upoly0: Upoly 0, Optode 4330F - O2 D-Phase
# name 12 = upoly1: Upoly 1, Optode 4330F - O2 Temp
# name 13 = latitude: Latitude [deg]
# name 14 = longitude: Longitude [deg]
# name 15 = sal00: Salinity, Practical [PSU]
# name 16 = sal11: Salinity, Practical, 2 [PSU]
# name 17 = potemp068C: Potential Temperature [ITS-68, deg C]
# name 18 = potemp168C: Potential Temperature, 2 [ITS-68, deg C]
# name 19 = sigma-é00: Density [sigma-theta, Kg/m^3]
# name 20 = sigma-é11: Density, 2 [sigma-theta, Kg/m^3]
# name 21 = sbeox0ML/L: Oxygen, SBE 43 [ml/l], WS = 2
# name 22 = sbeox1ML/L: Oxygen, SBE 43, 2 [ml/l], WS = 2
# name 23 = nbin: number of scans per bin
# name 24 = flag: flag
# span 0 =      20977,      30949       
# span 1 =    873.997,   1289.491       
# span 2 =      1.000,    424.000       
# span 3 =     2.7522,     6.5154       
# span 4 =   3.064228,   3.347236       
# span 5 =     2.7392,     6.5150       
# span 6 =   3.063536,   3.348659       
# span 7 =       6.57,      98.90       
# span 8 =     0.0077,     0.2431       
# span 9 =     2.6243,     3.4271       
# span 10 =     2.3418,     3.0648      
# span 11 =  1.7181710,  2.0447426      
# span 12 =  0.9871145,  1.3956793      
# span 13 =   47.00131,   47.00190      
# span 14 =  -46.55840,  -46.55818      
# span 15 =    32.7674,    34.9248      
# span 16 =    32.7810,    34.9397      
# span 17 =     2.7461,     6.5153      
# span 18 =     2.7329,     6.5148      
# span 19 =    25.7245,    27.6715      
# span 20 =    25.7352,    27.6839      
# span 21 =    5.37874,    7.80754      
# span 22 =    5.50829,    7.86857      
# span 23 =         12,        134      
# span 24 = 0.0000e+00, 0.0000e+00      
# interval = decibars: 1                
# start_time = Jul 02 2013 06:15:01 [NMEA time, header]
# bad_flag = -9.990e-29
*END*
[from data line 232]
      26537   1105.660    192.000     3.6951   3.208198     3.7183   3.211619      96.73     0.0157     2.8165     2.5111  1.9810441  1.0964592   47.00142  -46.55824    34.6568    34.6734     3.6824     3.7053    27.5457    27.5566    6.06246    6.18046         31 0.0000e+00
      26562   1106.728    191.000     3.7188   3.210271     3.7319   3.212786      96.84     0.0165     2.8159     2.5116  1.9790320  1.0964592   47.00142  -46.55824    34.6572    34.6734     3.7059     3.7190    27.5437    27.5553    6.05121    6.17695         21 0.0000e+00
      26582   1107.552    190.000     3.7226   3.210513     3.7229   3.211815      96.85     0.0162     2.8155     2.5115  1.9789848  1.0964592   47.00142  -46.55824    34.6566    34.6719     3.7098     3.7101    27.5428    27.5549    6.04603    6.17945         19 0.0000e+00
      26600   1108.279    189.000     3.7169   3.209762     3.7154   3.210890      96.67     0.0146     2.8144     2.5119  1.9797087  1.0964592   47.00142  -46.55824    34.6542    34.6694     3.7042     3.7026    27.5415    27.5537    6.05112    6.18898         16 0.0000e+00
      26616   1108.959    188.000     3.7109   3.208961     3.7085   3.209952      96.54     0.0136     2.8154     2.5128  1.9809680  1.0965310   47.00142  -46.55822    34.6516    34.6661     3.6982     3.6958    27.5400    27.5517    6.06245    6.19051         17 0.0000e+00
      26632   1109.633    187.000     3.7004   3.207800     3.6975   3.208629      96.76     0.0116     2.8150     2.5132  1.9808478  1.0966103   47.00142  -46.55822    34.6493    34.6624     3.6879     3.6849    27.5392    27.5499    6.06494    6.18171         16 0.0000e+00
      26650   1110.359    186.000     3.6893   3.206474     3.6824   3.206888      96.87     0.0110     2.8163     2.5125  1.9806609  1.0963997   47.00142  -46.55822    34.6458    34.6581     3.6768     3.6700    27.5375    27.5480    6.06120    6.16744         19 0.0000e+00
      26671   1111.240    185.000     3.6851   3.205813     3.6667   3.205164      96.85     0.0125     2.8152     2.5109  1.9806180  1.0963587   47.00142  -46.55824    34.6429    34.6544     3.6727     3.6552    27.5356    27.5466    6.03197    6.15105         24 0.0000e+00
      26698   1112.392    184.000     3.6798   3.205278     3.6642   3.204749      96.64     0.0167     2.8110     2.5076  1.9810067  1.0952624   47.00142  -46.55824    34.6427    34.6529     3.6674     3.6519    27.5359    27.5456    6.00311    6.12916         31 0.0000e+00
      26730   1113.727    183.000     3.6893   3.206216     3.6779   3.206123      96.79     0.0172     2.8065     2.5029  1.9817060  1.0939788   47.00142  -46.55822    34.6442    34.6553     3.6772     3.6657    27.5362    27.5462    5.99910    6.11596         30 0.0000e+00
      26756   1114.783    182.000     3.6814   3.205233     3.6918   3.207187      96.68     0.0210     2.8037     2.5004  1.9798862  1.0934175   47.00142  -46.55822    34.6415    34.6539     3.6692     3.6796    27.5348    27.5437    6.00023    6.11427         21 0.0000e+00
      26775   1115.587    181.000     3.7029   3.206806     3.7240   3.210072      96.41     0.0254     2.8024     2.4989  1.9799207  1.0934057   47.00142  -46.55822    34.6381    34.6548     3.6907     3.7118    27.5300    27.5411    6.00090    6.10993         18 0.0000e+00
      26793   1116.319    180.000     3.7338   3.209662     3.7432   3.211803      96.88     0.0264     2.8015     2.4977  1.9795791  1.0928591   47.00142  -46.55822    34.6401    34.6557     3.7216     3.7310    27.5284    27.5400    5.98970    6.09955         18 0.0000e+00
      26810   1117.050    179.000     3.7467   3.210769     3.7482   3.212205      96.50     0.0242     2.8002     2.4960  1.9792485  1.0926638   47.00142  -46.55824    34.6402    34.6557     3.7346     3.7361    27.5272    27.5394    5.98374    6.09296         18 0.0000e+00
      26829   1117.846    178.000     3.7486   3.210864     3.7467   3.211957      96.49     0.0211     2.7990     2.4949  1.9792429  1.0925530   47.00142  -46.55824    34.6398    34.6551     3.7366     3.7346    27.5267    27.5391    5.97745    6.09444         20 0.0000e+00
      26851   1118.745    177.000     3.7471   3.210660     3.7402   3.211161      96.85     0.0202     2.7972     2.4935  1.9815127  1.0937977   47.00142  -46.55824    34.6395    34.6529     3.7352     3.7282    27.5266    27.5380    5.97013    6.09540         23 0.0000e+00
      26875   1119.740    176.000     3.7446   3.210288     3.7409   3.211011      96.76     0.0164     2.7955     2.4929  1.9816834  1.0940151   47.00142  -46.55824    34.6382    34.6509     3.7327     3.7290    27.5258    27.5363    5.97358    6.09866         25 0.0000e+00
      26899   1120.765    175.000     3.7422   3.209861     3.7420   3.210908      96.55     0.0179     2.7950     2.4924  1.9811288  1.0950788   47.00142  -46.55824    34.6362    34.6490     3.7304     3.7311    27.5245    27.5347    5.97319    6.09916         24 0.0000e+00
      26922   1121.720    174.000     3.7420   3.209618     3.7406   3.210447      96.31     0.0169     2.7934     2.4923  1.9808090  1.0952400   47.00143  -46.55824    34.6341    34.6455     3.7302     3.7288    27.5228    27.5320    5.96267    6.10898         21 0.0000e+00
      26943   1122.571    173.000     3.7404   3.209185     3.7352   3.209590      96.78     0.0169     2.7922     2.4932  1.9831128  1.0952381   47.00144  -46.55824    34.6312    34.6416     3.7287     3.7235    27.5206    27.5294    5.96130    6.11812         20 0.0000e+00
      26962   1123.369    172.000     3.7352   3.208319     3.7319   3.209102      96.52     0.0217     2.7915     2.4940  1.9841197  1.0952381   47.00144  -46.55824    34.6268    34.6398     3.7236     3.7203    27.5177    27.5283    5.97404    6.12167         19 0.0000e+00
      26981   1124.180    171.000     3.7327   3.207848     3.7314   3.208987      96.94     0.0209     2.7921     2.4950  1.9840059  1.0952381   47.00144  -46.55824    34.6244    34.6394     3.7212     3.7199    27.5160    27.5281    5.99392    6.12061         20 0.0000e+00
      27003   1125.088    170.000     3.7312   3.207599     3.7294   3.208702      96.58     0.0212     2.7940     2.4954  1.9830258  1.0952381   47.00144  -46.55824    34.6235    34.6386     3.7198     3.7180    27.5154    27.5277    5.99946    6.11583         24 0.0000e+00
      27029   1126.165    169.000     3.7266   3.207014     3.7172   3.207350      96.81     0.0204     2.7961     2.4960  1.9836341  1.0952381   47.00144  -46.55824    34.6220    34.6359     3.7152     3.7058    27.5147    27.5267    6.00391    6.12470         28 0.0000e+00
      27058   1127.361    168.000     3.7189   3.206164     3.7009   3.205495      96.71     0.0200     2.7971     2.4975  1.9857599  1.0952381   47.00144  -46.55824    34.6205    34.6316     3.7076     3.6897    27.5142    27.5249    5.99673    6.13633         27 0.0000e+00
      27082   1128.356    167.000     3.6995   3.203966     3.6828   3.203401      96.72     0.0195     2.7980     2.4988  1.9868268  1.0947027   47.00144  -46.55824    34.6153    34.6262     3.6883     3.6716    27.5120    27.5224    6.00676    6.14031         21 0.0000e+00
      27101   1129.159    166.000     3.6865   3.202348     3.6772   3.202662      96.89     0.0187     2.7989     2.4995  1.9882891  1.0940056   47.00144  -46.55824    34.6103    34.6239     3.6753     3.6661    27.5094    27.5211    6.00870    6.13381         18 0.0000e+00
      27118   1129.857    165.000     3.6777   3.201322     3.6753   3.202379      96.88     0.0191     2.7992     2.4995  1.9884777  1.0940171   47.00144  -46.55824    34.6078    34.6231     3.6667     3.6643    27.5082    27.5206    6.01463    6.12385         16 0.0000e+00
      27134   1130.533    164.000     3.6754   3.200990     3.6747   3.202239      96.64     0.0213     2.8006     2.4990  1.9873029  1.0932375   47.00144  -46.55824    34.6068    34.6226     3.6645     3.6637    27.5077    27.5203    6.01637    6.12086         17 0.0000e+00
      27151   1131.266    163.000     3.6750   3.200879     3.6746   3.202156      96.93     0.0199     2.8009     2.4988  1.9866557  1.0928109   47.00144  -46.55824    34.6065    34.6222     3.6641     3.6637    27.5074    27.5200    6.00836    6.12167         19 0.0000e+00
      27174   1132.202    162.000     3.6749   3.200809     3.6755   3.202137      96.92     0.0182     2.8013     2.4985  1.9875282  1.0920211   47.00146  -46.55824    34.6063    34.6216     3.6641     3.6646    27.5073    27.5195    6.00656    6.11931         26 0.0000e+00
      27200   1133.303    161.000     3.6757   3.200810     3.6768   3.202178      96.91     0.0197     2.8016     2.4982  1.9890262  1.0903368   47.00146  -46.55824    34.6060    34.6213     3.6650     3.6660    27.5070    27.5190    6.01394    6.11667         25 0.0000e+00
      27222   1134.224    160.000     3.6773   3.200845     3.6790   3.202238      96.23     0.0176     2.8029     2.4977  1.9888803  1.0902888   47.00146  -46.55824    34.6053    34.6202     3.6666     3.6683    27.5063    27.5179    6.00872    6.10748         19 0.0000e+00
      27240   1134.955    159.000     3.6800   3.200935     3.6854   3.202550      96.94     0.0161     2.8020     2.4967  1.9885813  1.0897102   47.00146  -46.55824    34.6041    34.6177     3.6693     3.6748    27.5050    27.5153    5.98907    6.11094         17 0.0000e+00
      27256   1135.640    158.000     3.6866   3.201252     3.6914   3.202769      96.95     0.0161     2.8012     2.4972  1.9887047  1.0897433   47.00146  -46.55824    34.6014    34.6145     3.6760     3.6808    27.5022    27.5122    5.98887    6.13898         16 0.0000e+00
      27274   1136.384    157.000     3.6894   3.201097     3.6874   3.202058      96.95     0.0159     2.8008     2.4999  1.9886457  1.0892032   47.00146  -46.55824    34.5972    34.6108     3.6788     3.6769    27.4985    27.5096    6.01093    6.17678         20 0.0000e+00
      27298   1137.365    156.000     3.6857   3.200530     3.6821   3.201366      96.94     0.0167     2.8039     2.5051  1.9889923  1.0888165   47.00146  -46.55824    34.5948    34.6086     3.6753     3.6717    27.4970    27.5084    6.05464    6.19525         29 0.0000e+00
      27333   1138.850    155.000     3.6813   3.199903     3.6793   3.201018      96.94     0.0160     2.8127     2.5112  1.9884169  1.0891093   47.00146  -46.55824    34.5925    34.6079     3.6709     3.6689    27.4956    27.5081    6.09763    6.20595         38 0.0000e+00
      27364   1140.128    154.000     3.6802   3.199736     3.6757   3.200473      96.28     0.0189     2.8200     2.5167  1.9882619  1.0889693   47.00148  -46.55824    34.5922    34.6058     3.6699     3.6654    27.4955    27.5068    6.10293    6.21342         23 0.0000e+00
      27382   1140.883    153.000     3.6639   3.197830     3.6508   3.197651      96.88     0.0188     2.8227     2.5185  1.9881963  1.0879019   47.00148  -46.55824    34.5872    34.5990     3.6537     3.6406    27.4931    27.5038    6.09978    6.19854         15 0.0000e+00
      27396   1141.478    152.000     3.6160   3.192471     3.5920   3.191184      96.94     0.0173     2.8253     2.5189  1.9887480  1.0879121   47.00148  -46.55824    34.5742    34.5843     3.6060     3.5819    27.4875    27.4980    6.10351    6.19445         14 0.0000e+00
      27409   1142.021    151.000     3.5661   3.186974     3.5530   3.186852      96.94     0.0153     2.8261     2.5183  1.9884006  1.0879121   47.00148  -46.55824    34.5617    34.5742     3.5562     3.5430    27.4825    27.4937    6.10406    6.19762         12 0.0000e+00
      27422   1142.549    150.000     3.5400   3.184079     3.5328   3.184635      96.94     0.0113     2.8268     2.5187  1.9907348  1.0879121   47.00148  -46.55824    34.5552    34.5695     3.5301     3.5230    27.4799    27.4920    6.10078    6.21438         13 0.0000e+00
      27436   1143.125    149.000     3.5259   3.182521     3.5211   3.183283      96.93     0.0124     2.8273     2.5197  1.9912084  1.0879121   47.00148  -46.55824    34.5519    34.5663     3.5162     3.5113    27.4786    27.4905    6.09715    6.23897         15 0.0000e+00
      27454   1143.857    148.000     3.5180   3.181595     3.5121   3.182294      96.94     0.0136     2.8274     2.5226  1.9913353  1.0879121   47.00148  -46.55824    34.5498    34.5645     3.5083     3.5024    27.4777    27.4899    6.12064    6.26559         22 0.0000e+00
      27484   1145.142    147.000     3.5132   3.181045     3.5162   3.182701      96.68     0.0168     2.8340     2.5284  1.9931867  1.0800488   47.00148  -46.55824    34.5488    34.5656     3.5036     3.5066    27.4773    27.4904    6.18194    6.28350         40 0.0000e+00
      27521   1146.650    146.000     3.5146   3.181157     3.5303   3.184238      95.72     0.0201     2.8448     2.5346  1.9903247  1.0753189   47.00150  -46.55824    34.5493    34.5696     3.5050     3.5207    27.4776    27.4923    6.22637    6.29841         27 0.0000e+00
      27543   1147.577    145.000     3.5196   3.181631     3.4949   3.180511      96.68     0.0206     2.8514     2.5388  1.9889891  1.0732260   47.00150  -46.55824    34.5502    34.5630     3.5101     3.4854    27.4778    27.4904    6.23164    6.32482         20 0.0000e+00
      27561   1148.331    144.000     3.4787   3.177539     3.4420   3.174752      96.52     0.0187     2.8561     2.5427  1.9887962  1.0741189   47.00150  -46.55824    34.5449    34.5504     3.4693     3.4327    27.4776    27.4855    6.23644    6.34439         17 0.0000e+00
      27578   1149.055    143.000     3.4143   3.170339     3.3845   3.168616      96.94     0.0186     2.8594     2.5460  1.9886491  1.0757322   47.00150  -46.55824    34.5271    34.5380     3.4050     3.3753    27.4696    27.4812    6.23697    6.35470         17 0.0000e+00
      27596   1149.780    142.000     3.3638   3.164935     3.3425   3.164078      96.94     0.0207     2.8611     2.5484  1.9881915  1.0757021   47.00150  -46.55824    34.5161    34.5285     3.3547     3.3334    27.4657    27.4776    6.24475    6.36088         18 0.0000e+00
      27614   1150.538    141.000     3.3322   3.161482     3.3169   3.161293      96.93     0.0222     2.8640     2.5510  1.9888788  1.0733367   47.00150  -46.55824    34.5086    34.5226     3.3232     3.3079    27.4627    27.4753    6.25617    6.36359         19 0.0000e+00
      27633   1151.324    140.000     3.3099   3.159297     3.2917   3.158626      96.94     0.0185     2.8653     2.5526  1.9890095  1.0720538   47.00150  -46.55824    34.5064    34.5177     3.3010     3.2828    27.4631    27.4738    6.25498    6.36745         19 0.0000e+00
      27652   1152.135    139.000     3.2900   3.156924     3.2697   3.156417      96.94     0.0165     2.8672     2.5547  1.9890760  1.0708675   47.00150  -46.55824    34.4995    34.5150     3.2812     3.2609    27.4594    27.4737    6.27139    6.38764         19 0.0000e+00
      27671   1152.934    138.000     3.2655   3.154703     3.2557   3.154945      96.94     0.0177     2.8702     2.5577  1.9891937  1.0623035   47.00151  -46.55824    34.4992    34.5115     3.2567     3.2469    27.4615    27.4723    6.28557    6.41306         20 0.0000e+00
      27690   1153.723    137.000     3.2529   3.153130     3.2396   3.153219      87.82     0.0196     2.8726     2.5616  1.9894162  1.0622711   47.00152  -46.55824    34.4941    34.5094     3.2443     3.2310    27.4586    27.4721    6.29702    6.43018         18 0.0000e+00
      27709   1154.512    136.000     3.2387   3.151762     3.2259   3.151718      70.56     0.0194     2.8754     2.5649  1.9872646  1.0571395   47.00152  -46.55824    34.4932    34.5063     3.2301     3.2174    27.4593    27.4709    6.31535    6.42510         20 0.0000e+00
