data/CTD/2013/CNV/U021A054.CNV
* Sea-Bird SBE 9 Data File:
* FileName = C:\CTD_ACQUISITION\2013021HUD\ctddata\021A054.hdr
* Software Version Seasave V 7.22.2
* Temperature SN = 5081
* Conductivity SN = 3561
* Number of Bytes Per Scan = 37
* Number of Voltage Words = 4
* Number of Scans Averaged by the Deck Unit = 1
* NMEA Latitude = 48 42.08 N
* NMEA Longitude = 045 35.44 W
* NMEA UTC (Time) = Jul 05 2013 06:47:39
* NMEA baud rate = 9600
** Ship: Hudson
** Cruise: HUD2013021
** Chief_Scientist: Greenan
** Organization: BIO
** Area_of_Operation: Sackville Spur
** Station: 54
** Sounding:  1200
** Event_Comments: SS23  393217
# nquan = 25
# nvalues = 1114                        
# units = specified
# name 0 = scan: Scan Count
# name 1 = timeS: Time, Elapsed [seconds]
# name 2 = prDM: Pressure, Digiquartz [db]
# name 3 = t068C: Temperature [ITS-68, deg C]
# name 4 = c0S/m: Conductivity [S/m]
# name 5 = t168C: Temperature, 2 [ITS-68, deg C]
# name 6 = c1S/m: Conductivity, 2 [S/m]
# name 7 = altM: Altimeter [m]
# name 8 = flCUVA: Fluorescence, Chelsea UV Aquatracka [ug/l]
# name 9 = sbeox0V: Oxygen raw, SBE 43 [V]
# name 10 = sbeox1V: Oxygen raw, SBE 43, 2 [V]
# name 11 = upoly0: Upoly 0, Optode 4330F - O2 D-Phase
# name 12 = upoly1: Upoly 1, Optode 4330F - O2 Temp
# name 13 = latitude: Latitude [deg]
# name 14 = longitude: Longitude [deg]
# name 15 = sal00: Salinity, Practical [PSU]
# name 16 = sal11: Salinity, Practical, 2 [PSU]
# name 17 = potemp068C: Potential Temperature [ITS-68, deg C]
# name 18 = potemp168C: Potential Temperature, 2 [ITS-68, deg C]
# name 19 = sigma-é00: Density [sigma-theta, Kg/m^3]
# name 20 = sigma-é11: Density, 2 [sigma-theta, Kg/m^3]
# name 21 = sbeox0ML/L: Oxygen, SBE 43 [ml/l], WS = 2
# name 22 = sbeox1ML/L: Oxygen, SBE 43, 2 [ml/l], WS = 2
# name 23 = nbin: number of scans per bin
# name 24 = flag: flag
# span 0 =      34084,      57535       
# span 1 =   1420.138,   2397.239       
# span 2 =      1.000,   1114.000       
# span 3 =     1.3010,     6.9018       
# span 4 =   2.914696,   3.381934       
# span 5 =     1.1994,     6.8916       
# span 6 =   2.906219,   3.382613       
# span 7 =       6.03,      98.16       
# span 8 =     0.0045,     0.5419       
# span 9 =     2.5227,     3.4310       
# span 10 =     2.2682,     3.0833      
# span 11 =  1.7212008,  2.0325383      
# span 12 =  0.8253969,  1.4493769      
# span 13 =   48.70238,   48.70426      
# span 14 =  -45.59200,  -45.59074      
# span 15 =    33.4518,    34.9146      
# span 16 =    33.5025,    34.9309      
# span 17 =     1.3001,     6.9017      
# span 18 =     1.1984,     6.8915      
# span 19 =    26.2394,    27.7566      
# span 20 =    26.2540,    27.7696      
# span 21 =    5.89553,    8.36314      
# span 22 =    6.07223,    8.52356      
# span 23 =         12,        200      
# span 24 = 0.0000e+00, 0.0000e+00      
# interval = decibars: 1                
# start_time = Jul 05 2013 06:47:39 [NMEA time, header]
# bad_flag = -9.990e-29
*END*
[from data line 928]
      53030   2209.526    186.000     3.5611   3.200756     3.5576   3.201704      73.75     0.0143     2.7869     2.4821  1.9797341  1.0771621   48.70368  -45.59100    34.7136    34.7287     3.5488     3.5453    27.6043    27.6166    5.96157    6.07942         20 0.0000e+00
      53049   2210.337    185.000     3.5577   3.200318     3.5549   3.201349      81.37     0.0173     2.7852     2.4800  1.9805318  1.0756953   48.70368  -45.59100    34.7126    34.7280     3.5454     3.5426    27.6037    27.6163    5.96836    6.07223         19 0.0000e+00
      53069   2211.157    184.000     3.5562   3.200105     3.5521   3.200974      96.06     0.0204     2.7835     2.4786  1.9805869  1.0757021   48.70368  -45.59102    34.7121    34.7269     3.5440     3.5399    27.6035    27.6157    5.96345    6.07661         20 0.0000e+00
      53089   2211.986    183.000     3.5526   3.199659     3.5463   3.200275      95.86     0.0210     2.7817     2.4776  1.9842165  1.0746560   48.70368  -45.59102    34.7112    34.7253     3.5405     3.5341    27.6031    27.6150    5.96479    6.08829         20 0.0000e+00
      53108   2212.808    182.000     3.5490   3.199203     3.5410   3.199641      59.72     0.0200     2.7814     2.4781  1.9841273  1.0744822   48.70368  -45.59102    34.7100    34.7239     3.5370     3.5289    27.6025    27.6144    5.97744    6.10460         20 0.0000e+00
      53128   2213.620    181.000     3.5465   3.198833     3.5366   3.199116      95.70     0.0208     2.7811     2.4791  1.9863619  1.0744172   48.70368  -45.59103    34.7088    34.7228     3.5345     3.5246    27.6018    27.6140    5.98012    6.11879         19 0.0000e+00
      53147   2214.430    180.000     3.5411   3.198170     3.5341   3.198785      95.52     0.0186     2.7818     2.4810  1.9883823  1.0741780   48.70368  -45.59104    34.7071    34.7220     3.5293     3.5223    27.6010    27.6135    5.99092    6.12566         20 0.0000e+00
      53167   2215.261    179.000     3.5369   3.197672     3.5324   3.198554      95.85     0.0178     2.7826     2.4823  1.9885814  1.0739949   48.70368  -45.59104    34.7062    34.7216     3.5251     3.5206    27.6006    27.6133    5.99920    6.11667         20 0.0000e+00
      53187   2216.097    178.000     3.5347   3.197410     3.5307   3.198330      95.87     0.0216     2.7838     2.4825  1.9890678  1.0721166   48.70368  -45.59104    34.7059    34.7212     3.5229     3.5190    27.6007    27.6132    5.99499    6.11059         20 0.0000e+00
      53207   2216.901    177.000     3.5322   3.197083     3.5288   3.198066      95.86     0.0220     2.7837     2.4830  1.9892154  1.0720388   48.70369  -45.59105    34.7052    34.7206     3.5205     3.5172    27.6003    27.6129    5.99285    6.12110         18 0.0000e+00
      53225   2217.656    176.000     3.5290   3.196700     3.5245   3.197529      65.24     0.0196     2.7850     2.4841  1.9915529  1.0716952   48.70370  -45.59106    34.7045    34.7193     3.5174     3.5129    27.6001    27.6123    6.01307    6.13772         18 0.0000e+00
      53243   2218.396    175.000     3.5254   3.196268     3.5186   3.196847      85.05     0.0188     2.7866     2.4865  1.9933523  1.0709537   48.70370  -45.59106    34.7038    34.7179     3.5138     3.5071    27.5998    27.6118    6.02254    6.14505         18 0.0000e+00
      53261   2219.164    174.000     3.5211   3.195719     3.5116   3.196028      95.82     0.0194     2.7888     2.4876  1.9931886  1.0710747   48.70370  -45.59108    34.7022    34.7162     3.5097     3.5001    27.5990    27.6111    6.02709    6.13728         19 0.0000e+00
      53282   2220.060    173.000     3.5163   3.195137     3.5063   3.195413      92.79     0.0175     2.7907     2.4885  1.9952573  1.0708246   48.70370  -45.59108    34.7009    34.7149     3.5049     3.4950    27.5984    27.6105    6.02671    6.13240         25 0.0000e+00
      53310   2221.217    172.000     3.5119   3.194633     3.5069   3.195442      73.75     0.0172     2.7923     2.4884  1.9958426  1.0703753   48.70370  -45.59109    34.7001    34.7152     3.5006     3.4956    27.5982    27.6107    6.01959    6.11236         30 0.0000e+00
      53339   2222.398    171.000     3.5132   3.194747     3.5077   3.195507      79.40     0.0194     2.7930     2.4868  1.9988933  1.0682983   48.70370  -45.59110    34.7007    34.7157     3.5019     3.4964    27.5985    27.6111    6.00808    6.10679         24 0.0000e+00
      53359   2223.258    170.000     3.4983   3.193121     3.4914   3.193703      72.71     0.0209     2.7922     2.4867  1.9987789  1.0683761   48.70372  -45.59110    34.6975    34.7119     3.4871     3.4803    27.5975    27.6096    6.00068    6.11741         18 0.0000e+00
      53376   2223.957    169.000     3.4926   3.192390     3.4849   3.192882      95.34     0.0221     2.7918     2.4866  1.9987789  1.0671999   48.70370  -45.59112    34.6953    34.7094     3.4815     3.4739    27.5962    27.6083    6.01204    6.12474         16 0.0000e+00
      53392   2224.606    168.000     3.4865   3.191653     3.4814   3.192399      94.73     0.0227     2.7923     2.4871  1.9987789  1.0671549   48.70370  -45.59112    34.6935    34.7079     3.4755     3.4704    27.5954    27.6074    6.02045    6.14160         16 0.0000e+00
      53407   2225.270    167.000     3.4836   3.191235     3.4795   3.192117      89.99     0.0225     2.7930     2.4891  1.9987789  1.0671551   48.70372  -45.59112    34.6921    34.7071     3.4726     3.4686    27.5946    27.6069    6.02709    6.16663         16 0.0000e+00
      53425   2226.018    166.000     3.4807   3.190853     3.4772   3.191791      61.41     0.0221     2.7942     2.4920  1.9987789  1.0659394   48.70372  -45.59112    34.6912    34.7062     3.4698     3.4663    27.5941    27.6064    6.05141    6.19238         20 0.0000e+00
      53447   2226.903    165.000     3.4794   3.190645     3.4750   3.191481      95.31     0.0227     2.7985     2.4968  1.9987789  1.0659341   48.70372  -45.59113    34.6905    34.7054     3.4686     3.4642    27.5937    27.6060    6.08772    6.22030         23 0.0000e+00
      53471   2227.897    164.000     3.4780   3.190439     3.4703   3.190893      94.61     0.0219     2.8044     2.5031  1.9988298  1.0645585   48.70372  -45.59114    34.6901    34.7039     3.4673     3.4596    27.5935    27.6052    6.11318    6.25014         24 0.0000e+00
      53493   2228.834    163.000     3.4755   3.190109     3.4585   3.189582      94.40     0.0153     2.8100     2.5093  1.9987788  1.0643058   48.70373  -45.59114    34.6894    34.7011     3.4648     3.4479    27.5932    27.6042    6.12443    6.25753         21 0.0000e+00
      53512   2229.625    162.000     3.4644   3.188948     3.4484   3.188428      94.41     0.0148     2.8146     2.5131  1.9987789  1.0638509   48.70374  -45.59114    34.6878    34.6986     3.4538     3.4379    27.5930    27.6031    6.13383    6.26220         17 0.0000e+00
      53529   2230.323    161.000     3.4523   3.187479     3.4356   3.186991      86.47     0.0168     2.8182     2.5166  1.9987789  1.0634862   48.70374  -45.59116    34.6835    34.6954     3.4418     3.4252    27.5907    27.6019    6.14104    6.27940         16 0.0000e+00
      53545   2230.980    160.000     3.4364   3.185801     3.4160   3.184899      55.55     0.0193     2.8213     2.5204  1.9987789  1.0634921   48.70374  -45.59116    34.6808    34.6917     3.4260     3.4057    27.5901    27.6007    6.15923    6.29957         16 0.0000e+00
      53561   2231.656    159.000     3.4207   3.184108     3.3994   3.183066      93.92     0.0186     2.8260     2.5245  2.0001943  1.0628551   48.70374  -45.59116    34.6777    34.6878     3.4104     3.3892    27.5891    27.5993    6.17884    6.31292         17 0.0000e+00
      53579   2232.421    158.000     3.4084   3.182675     3.3901   3.182023      95.61     0.0181     2.8300     2.5285  2.0006618  1.0622834   48.70374  -45.59116    34.6738    34.6857     3.3981     3.3799    27.5872    27.5985    6.19593    6.32214         20 0.0000e+00
      53601   2233.353    157.000     3.4009   3.181741     3.3852   3.181461      79.21     0.0194     2.8370     2.5336  2.0000634  1.0614127   48.70374  -45.59118    34.6714    34.6848     3.3907     3.3750    27.5860    27.5982    6.22180    6.33659         25 0.0000e+00
      53628   2234.472    156.000     3.3972   3.181292     3.3887   3.181793      74.00     0.0203     2.8442     2.5392  1.9990376  1.0585728   48.70374  -45.59118    34.6705    34.6856     3.3871     3.3786    27.5856    27.5986    6.23616    6.34416         27 0.0000e+00
      53653   2235.508    155.000     3.3919   3.180738     3.3779   3.180617      74.14     0.0189     2.8512     2.5436  1.9978008  1.0578090   48.70376  -45.59120    34.6700    34.6838     3.3819     3.3683    27.5857    27.5981    6.24901    6.34776         22 0.0000e+00
      53674   2236.362    154.000     3.3730   3.178892     3.3602   3.178797      79.92     0.0208     2.8555     2.5463  1.9946002  1.0561519   48.70376  -45.59120    34.6684    34.6809     3.3631     3.3503    27.5863    27.5975    6.25067    6.34999         20 0.0000e+00
      53692   2237.132    153.000     3.3596   3.177253     3.3426   3.176839      94.59     0.0206     2.8589     2.5485  1.9949740  1.0561661   48.70376  -45.59120    34.6635    34.6768     3.3497     3.3333    27.5837    27.5960    6.24972    6.35875         18 0.0000e+00
      53711   2237.898    152.000     3.3462   3.175862     3.3297   3.175502      94.76     0.0166     2.8612     2.5510  1.9944224  1.0551621   48.70376  -45.59120    34.6615    34.6748     3.3364     3.3200    27.5834    27.5955    6.24517    6.37021         19 0.0000e+00
      53730   2238.688    151.000     3.3373   3.174818     3.3193   3.174339      59.95     0.0177     2.8630     2.5534  1.9944091  1.0549500   48.70376  -45.59121    34.6589    34.6725     3.3277     3.3096    27.5821    27.5947    6.25638    6.37338         19 0.0000e+00
      53749   2239.490    150.000     3.3273   3.173682     3.3144   3.173751      88.57     0.0189     2.8658     2.5553  1.9939011  1.0537387   48.70376  -45.59122    34.6565    34.6711     3.3177     3.3048    27.5812    27.5940    6.26273    6.37381         19 0.0000e+00
      53769   2240.313    149.000     3.3200   3.172836     3.3112   3.173355      83.66     0.0194     2.8681     2.5573  1.9926736  1.0512813   48.70376  -45.59120    34.6549    34.6703     3.3101     3.3016    27.5807    27.5937    6.27489    6.37437         20 0.0000e+00
      53789   2241.167    148.000     3.3131   3.172149     3.3060   3.172765      68.99     0.0204     2.8711     2.5585  1.9926740  1.0512820   48.70376  -45.59122    34.6541    34.6692     3.3037     3.2966    27.5806    27.5933    6.27674    6.37494         21 0.0000e+00
      53811   2242.064    147.000     3.3081   3.171512     3.2998   3.172076      95.90     0.0189     2.8729     2.5601  1.9878379  1.0488918   48.70376  -45.59122    34.6524    34.6681     3.2987     3.2904    27.5797    27.5930    6.27382    6.38487         22 0.0000e+00
      53832   2242.958    146.000     3.3011   3.170767     3.2886   3.170864      95.87     0.0173     2.8744     2.5621  1.9877900  1.0488400   48.70376  -45.59122    34.6514    34.6660     3.2918     3.2793    27.5796    27.5924    6.26927    6.39785         21 0.0000e+00
      53852   2243.784    145.000     3.2908   3.169654     3.2790   3.169811      54.00     0.0178     2.8752     2.5643  1.9843431  1.0479438   48.70376  -45.59122    34.6495    34.6640     3.2816     3.2697    27.5790    27.5918    6.26527    6.39709         18 0.0000e+00
      53870   2244.526    144.000     3.2818   3.168672     3.2698   3.168780      92.34     0.0167     2.8755     2.5651  1.9831005  1.0476167   48.70376  -45.59122    34.6478    34.6620     3.2726     3.2606    27.5785    27.5910    6.27021    6.39841         18 0.0000e+00
      53887   2245.235    143.000     3.2751   3.167849     3.2642   3.168058      95.25     0.0225     2.8760     2.5667  1.9831212  1.0475488   48.70376  -45.59122    34.6456    34.6597     3.2660     3.2551    27.5774    27.5897    6.27688    6.41125         17 0.0000e+00
      53904   2245.968    142.000     3.2694   3.167212     3.2645   3.167948      95.39     0.0212     2.8774     2.5681  1.9829092  1.0441438   48.70376  -45.59124    34.6444    34.6586     3.2604     3.2555    27.5770    27.5888    6.29100    6.41783         18 0.0000e+00
      53924   2246.781    141.000     3.2662   3.166782     3.2578   3.167156      95.30     0.0194     2.8798     2.5704  1.9829060  1.0439577   48.70377  -45.59124    34.6432    34.6567     3.2572     3.2489    27.5764    27.5879    6.30720    6.42319         21 0.0000e+00
      53947   2247.730    140.000     3.2620   3.166296     3.2388   3.165128      95.87     0.0188     2.8823     2.5724  1.9808695  1.0424796   48.70378  -45.59124    34.6423    34.6530     3.2531     3.2299    27.5760    27.5868    6.30741    6.42803         24 0.0000e+00
      53972   2248.778    139.000     3.2522   3.165408     3.2198   3.163031      61.94     0.0211     2.8847     2.5742  1.9791979  1.0414873   48.70378  -45.59124    34.6426    34.6485     3.2434     3.2110    27.5772    27.5849    6.30839    6.42047         25 0.0000e+00
      53995   2249.742    138.000     3.2483   3.164475     3.2051   3.161393      96.42     0.0225     2.8860     2.5740  1.9771068  1.0407833   48.70378  -45.59124    34.6360    34.6449     3.2396     3.1964    27.5723    27.5834    6.30013    6.40502         22 0.0000e+00
      54014   2250.555    137.000     3.2181   3.161282     3.1924   3.159970      95.87     0.0246     2.8861     2.5731  1.9754817  1.0402850   48.70378  -45.59124    34.6302    34.6418     3.2095     3.1838    27.5705    27.5821    6.30037    6.40017         17 0.0000e+00
      54031   2251.261    136.000     3.1958   3.158933     3.1814   3.158697      90.68     0.0246     2.8866     2.5727  1.9759457  1.0402931   48.70380  -45.59124    34.6261    34.6386     3.1872     3.1729    27.5693    27.5806    6.30667    6.40679         17 0.0000e+00
      54048   2251.949    135.000     3.1870   3.157852     3.1786   3.158258      52.32     0.0254     2.8869     2.5727  1.9750888  1.0379549   48.70380  -45.59126    34.6229    34.6369     3.1786     3.1701    27.5675    27.5795    6.30417    6.41532         17 0.0000e+00
      54065   2252.687    134.000     3.1813   3.157135     3.1752   3.157751      94.41     0.0208     2.8867     2.5733  1.9755030  1.0378531   48.70380  -45.59126    34.6209    34.6349     3.1729     3.1668    27.5665    27.5782    6.30204    6.42673         19 0.0000e+00
      54086   2253.560    133.000     3.1789   3.156795     3.1714   3.157181      67.90     0.0174     2.8871     2.5746  1.9748030  1.0356288   48.70380  -45.59126    34.6199    34.6326     3.1705     3.1631    27.5659    27.5767    6.30924    6.44014         23 0.0000e+00
      54112   2254.624    132.000     3.1774   3.156514     3.1734   3.157359      89.33     0.0156     2.8880     2.5769  1.9734113  1.0329710   48.70380  -45.59126    34.6186    34.6331     3.1692     3.1652    27.5650    27.5770    6.32156    6.44836         27 0.0000e+00
      54138   2255.694    131.000     3.1746   3.156145     3.1701   3.156870      95.91     0.0212     2.8898     2.5795  1.9715490  1.0323014   48.70380  -45.59126    34.6177    34.6314     3.1664     3.1619    27.5645    27.5759    6.33030    6.46762         24 0.0000e+00
      54160   2256.624    130.000     3.1650   3.154971     3.1454   3.154211      64.16     0.0174     2.8916     2.5825  1.9702899  1.0317465   48.70380  -45.59126    34.6142    34.6260     3.1569     3.1373    27.5627    27.5739    6.34201    6.48393         21 0.0000e+00
