data/CTD/2013/CNV/U021A043.CNV
* Sea-Bird SBE 9 Data File:
* FileName = C:\CTD_ACQUISITION\2013021HUD\ctddata\021A043.hdr
* Software Version Seasave V 7.22.2
* Temperature SN = 5081
* Conductivity SN = 3561
* Number of Bytes Per Scan = 37
* Number of Voltage Words = 4
* Number of Scans Averaged by the Deck Unit = 1
* NMEA Latitude = 48 24.11 N
* NMEA Longitude = 046 14.76 W
* NMEA UTC (Time) = Jul 04 2013 05:49:20
* NMEA baud rate = 9600
** Ship: Hudson
** Cruise: HUD2013021
** Chief_Scientist: Greenan
** Organization: BIO
** Area_of_Operation: Sackville Spur
** Station: 43
** Sounding:  1023
** Event_Comments: FP_BSR_3  393194
# nquan = 25
# nvalues = 1013                        
# units = specified
# name 0 = scan: Scan Count
# name 1 = timeS: Time, Elapsed [seconds]
# name 2 = prDM: Pressure, Digiquartz [db]
# name 3 = t068C: Temperature [ITS-68, deg C]
# name 4 = c0S/m: Conductivity [S/m]
# name 5 = t168C: Temperature, 2 [ITS-68, deg C]
# name 6 = c1S/m: Conductivity, 2 [S/m]
# name 7 = altM: Altimeter [m]
# name 8 = flCUVA: Fluorescence, Chelsea UV Aquatracka [ug/l]
# name 9 = sbeox0V: Oxygen raw, SBE 43 [V]
# name 10 = sbeox1V: Oxygen raw, SBE 43, 2 [V]
# name 11 = upoly0: Upoly 0, Optode 4330F - O2 D-Phase
# name 12 = upoly1: Upoly 1, Optode 4330F - O2 Temp
# name 13 = latitude: Latitude [deg]
# name 14 = longitude: Longitude [deg]
# name 15 = sal00: Salinity, Practical [PSU]
# name 16 = sal11: Salinity, Practical, 2 [PSU]
# name 17 = potemp068C: Potential Temperature [ITS-68, deg C]
# name 18 = potemp168C: Potential Temperature, 2 [ITS-68, deg C]
# name 19 = sigma-é00: Density [sigma-theta, Kg/m^3]
# name 20 = sigma-é11: Density, 2 [sigma-theta, Kg/m^3]
# name 21 = sbeox0ML/L: Oxygen, SBE 43 [ml/l], WS = 2
# name 22 = sbeox1ML/L: Oxygen, SBE 43, 2 [ml/l], WS = 2
# name 23 = nbin: number of scans per bin
# name 24 = flag: flag
# span 0 =      37084,      66669       
# span 1 =   1545.107,   2777.844       
# span 2 =      1.000,   1013.000       
# span 3 =     0.8571,     6.7558       
# span 4 =   2.880817,   3.336732       
# span 5 =     0.8538,     6.7574       
# span 6 =   2.881826,   3.338797       
# span 7 =       5.27,     103.21       
# span 8 =     0.0041,     0.3057       
# span 9 =     2.5894,     3.4953       
# span 10 =     2.3281,     3.1368      
# span 11 =  1.7229366,  2.0056010      
# span 12 =  0.7533274,  1.4460723      
# span 13 =   48.40399,   48.40496      
# span 14 =  -46.24142,  -46.23450      
# span 15 =    31.1647,    34.9041      
# span 16 =    31.3399,    34.9205      
# span 17 =     0.8560,     6.7557      
# span 18 =     0.8527,     6.7573      
# span 19 =    24.4313,    27.7381      
# span 20 =    24.5690,    27.7510      
# span 21 =    6.01684,    9.16813      
# span 22 =    6.22246,    9.43298      
# span 23 =         11,        677      
# span 24 = 0.0000e+00, 0.0000e+00      
# interval = decibars: 1                
# start_time = Jul 04 2013 05:49:20 [NMEA time, header]
# bad_flag = -9.990e-29
*END*
[from data line 522]
      52283   2178.404    491.000     3.9251   3.260297     3.9250   3.261693      97.00     0.0123     2.8057     2.5060  1.9499626  1.1172203   48.40434  -46.23794    34.8737    34.8904     3.8898     3.8897    27.6973    27.7106    6.23185    6.37237         14 0.0000e+00
      52297   2179.020    490.000     3.9258   3.260318     3.9261   3.261748      95.96     0.0111     2.8055     2.5060  1.9499389  1.1172161   48.40434  -46.23792    34.8736    34.8903     3.8906     3.8909    27.6972    27.7104    6.23316    6.36699         16 0.0000e+00
      52315   2179.745    489.000     3.9265   3.260331     3.9268   3.261749      95.99     0.0115     2.8070     2.5063  1.9498799  1.1170982   48.40434  -46.23792    34.8736    34.8901     3.8913     3.8917    27.6971    27.7102    6.22975    6.36035         20 0.0000e+00
      52342   2180.864    488.000     3.9268   3.260310     3.9272   3.261739      61.53     0.0148     2.8061     2.5057  1.9491695  1.1166892   48.40434  -46.23791    34.8736    34.8901     3.8918     3.8921    27.6970    27.7101    6.21955    6.34868         34 0.0000e+00
      52374   2182.213    487.000     3.9269   3.260271     3.9276   3.261726      74.90     0.0112     2.8060     2.5048  1.9496846  1.1169977   48.40434  -46.23790    34.8736    34.8901     3.8919     3.8926    27.6970    27.7100    6.23466    6.34914         26 0.0000e+00
      52395   2183.091    486.000     3.9274   3.260263     3.9286   3.261760      74.90     0.0115     2.8077     2.5046  1.9498763  1.1171532   48.40434  -46.23790    34.8734    34.8900     3.8925     3.8936    27.6968    27.7099    6.23701    6.35534         19 0.0000e+00
      52412   2183.806    485.000     3.9293   3.260379     3.9300   3.261851      31.34     0.0116     2.8072     2.5048  1.9501653  1.1171399   48.40434  -46.23790    34.8734    34.8900     3.8944     3.8952    27.6965    27.7098    6.23323    6.36582         16 0.0000e+00
      52428   2184.452    484.000     3.9306   3.260458     3.9309   3.261881      95.54     0.0129     2.8084     2.5062  1.9509081  1.1172153   48.40434  -46.23790    34.8734    34.8900     3.8959     3.8961    27.6964    27.7096    6.23727    6.37044         15 0.0000e+00
      52443   2185.087    483.000     3.9316   3.260499     3.9320   3.261930      96.00     0.0136     2.8087     2.5063  1.9506334  1.1172161   48.40434  -46.23790    34.8734    34.8900     3.8969     3.8973    27.6964    27.7095    6.23388    6.36090         16 0.0000e+00
      52460   2185.782    482.000     3.9326   3.260552     3.9334   3.262022      95.99     0.0142     2.8093     2.5066  1.9504877  1.1172161   48.40435  -46.23789    34.8735    34.8900     3.8979     3.8988    27.6963    27.7094    6.23016    6.35634         18 0.0000e+00
      52483   2186.767    481.000     3.9333   3.260577     3.9343   3.262057      59.10     0.0118     2.8087     2.5065  1.9503425  1.1172161   48.40436  -46.23788    34.8735    34.8901     3.8988     3.8997    27.6962    27.7093    6.21579    6.35468         31 0.0000e+00
      52517   2188.184    480.000     3.9334   3.260537     3.9345   3.262017      98.46     0.0122     2.8074     2.5069  1.9500872  1.1172161   48.40434  -46.23788    34.8735    34.8899     3.8989     3.9000    27.6962    27.7092    6.21145    6.35862         30 0.0000e+00
      52539   2189.101    479.000     3.9339   3.260522     3.9359   3.262087      86.04     0.0131     2.8068     2.5071  1.9499395  1.1172161   48.40434  -46.23786    34.8733    34.8898     3.8995     3.9015    27.6960    27.7089    6.21244    6.35962         18 0.0000e+00
      52556   2189.789    478.000     3.9396   3.260961     3.9393   3.262346      20.03     0.0151     2.8068     2.5075  1.9499389  1.1172161   48.40435  -46.23786    34.8730    34.8898     3.9052     3.9049    27.6952    27.7085    6.22022    6.35429         15 0.0000e+00
      52571   2190.408    477.000     3.9455   3.261449     3.9459   3.262895      16.25     0.0158     2.8076     2.5074  1.9499389  1.1173766   48.40436  -46.23786    34.8731    34.8899     3.9113     3.9116    27.6946    27.7079    6.22226    6.34424         15 0.0000e+00
      52586   2191.031    476.000     3.9491   3.261741     3.9506   3.263278      94.48     0.0141     2.8070     2.5067  1.9499389  1.1172990   48.40436  -46.23786    34.8733    34.8899     3.9149     3.9164    27.6944    27.7075    6.22476    6.33842         15 0.0000e+00
      52602   2191.719    475.000     3.9512   3.261894     3.9533   3.263461      95.60     0.0146     2.8084     2.5065  1.9498051  1.1174848   48.40436  -46.23786    34.8734    34.8898     3.9170     3.9191    27.6943    27.7071    6.22723    6.34523         18 0.0000e+00
      52622   2192.530    474.000     3.9525   3.261964     3.9544   3.263531      45.88     0.0184     2.8086     2.5067  1.9493064  1.1181372   48.40436  -46.23786    34.8734    34.8900     3.9184     3.9203    27.6941    27.7071    6.21510    6.35003         21 0.0000e+00
      52645   2193.498    473.000     3.9525   3.261933     3.9546   3.263500      80.31     0.0226     2.8086     2.5071  1.9492065  1.1182417   48.40436  -46.23784    34.8735    34.8899     3.9185     3.9205    27.6942    27.7070    6.21816    6.35435         25 0.0000e+00
      52672   2194.632    472.000     3.9532   3.261940     3.9542   3.263437      95.65     0.0173     2.8089     2.5080  1.9497693  1.1184751   48.40436  -46.23784    34.8735    34.8901     3.9192     3.9212    27.6941    27.7072    6.21777    6.35253         30 0.0000e+00
      52703   2195.934    471.000     3.9531   3.261879     3.9558   3.263521      54.96     0.0150     2.8090     2.5080  1.9495021  1.1190752   48.40436  -46.23783    34.8733    34.8900     3.9192     3.9219    27.6940    27.7069    6.21315    6.34765         31 0.0000e+00
      52730   2197.048    470.000     3.9534   3.261866     3.9567   3.263551      88.29     0.0102     2.8090     2.5082  1.9491534  1.1196728   48.40436  -46.23783    34.8734    34.8899     3.9196     3.9229    27.6940    27.7067    6.21586    6.35034         22 0.0000e+00
      52750   2197.864    469.000     3.9559   3.262039     3.9566   3.263504      35.80     0.0098     2.8093     2.5086  1.9491931  1.1196581   48.40436  -46.23783    34.8733    34.8900     3.9221     3.9229    27.6937    27.7068    6.22503    6.35454         18 0.0000e+00
      52766   2198.532    468.000     3.9564   3.262048     3.9561   3.263417      95.14     0.0131     2.8101     2.5091  1.9487244  1.1196581   48.40436  -46.23782    34.8735    34.8900     3.9227     3.9224    27.6937    27.7069    6.22916    6.35491         15 0.0000e+00
      52780   2199.131    467.000     3.9566   3.262022     3.9571   3.263469      88.38     0.0136     2.8107     2.5093  1.9487180  1.1196581   48.40436  -46.23782    34.8735    34.8901     3.9230     3.9235    27.6937    27.7068    6.22332    6.35139         14 0.0000e+00
      52794   2199.715    466.000     3.9581   3.262112     3.9593   3.263626      78.11     0.0140     2.8112     2.5095  1.9487180  1.1196581   48.40436  -46.23782    34.8735    34.8902     3.9246     3.9257    27.6935    27.7067    6.22255    6.34863         14 0.0000e+00
      52809   2200.323    465.000     3.9600   3.262263     3.9612   3.263776      63.91     0.0154     2.8116     2.5095  1.9487180  1.1196581   48.40436  -46.23782    34.8737    34.8905     3.9266     3.9277    27.6935    27.7067    6.22498    6.34538         15 0.0000e+00
      52826   2201.030    464.000     3.9617   3.262373     3.9622   3.263824      55.09     0.0183     2.8123     2.5094  1.9487180  1.1196581   48.40436  -46.23780    34.8738    34.8905     3.9283     3.9288    27.6934    27.7066    6.22235    6.34339         19 0.0000e+00
      52848   2201.952    463.000     3.9618   3.262352     3.9617   3.263733      94.78     0.0164     2.8121     2.5094  1.9487180  1.1196581   48.40436  -46.23780    34.8740    34.8905     3.9285     3.9284    27.6935    27.7067    6.21809    6.34328         26 0.0000e+00
      52876   2203.140    462.000     3.9611   3.262239     3.9611   3.263628      96.00     0.0147     2.8130     2.5096  1.9487180  1.1196581   48.40436  -46.23779    34.8739    34.8904     3.9279     3.9278    27.6935    27.7067    6.22319    6.34981         31 0.0000e+00
      52910   2204.535    461.000     3.9604   3.262115     3.9609   3.263559      96.03     0.0124     2.8129     2.5104  1.9487180  1.1207590   48.40436  -46.23778    34.8737    34.8904     3.9273     3.9277    27.6934    27.7066    6.21148    6.35117         33 0.0000e+00
      52936   2205.641    460.000     3.9612   3.262132     3.9621   3.263604      35.54     0.0129     2.8121     2.5107  1.9488442  1.1208210   48.40436  -46.23778    34.8736    34.8901     3.9282     3.9290    27.6932    27.7063    6.21393    6.34692         20 0.0000e+00
      52954   2206.374    459.000     3.9628   3.262232     3.9633   3.263687      90.46     0.0131     2.8131     2.5107  1.9488714  1.1208807   48.40436  -46.23778    34.8736    34.8903     3.9299     3.9303    27.6930    27.7063    6.22035    6.34978         16 0.0000e+00
      52969   2206.997    458.000     3.9649   3.262394     3.9648   3.263789      95.38     0.0151     2.8128     2.5114  1.9492860  1.1208792   48.40436  -46.23778    34.8738    34.8905     3.9320     3.9319    27.6930    27.7063    6.21540    6.35153         15 0.0000e+00
      52984   2207.607    457.000     3.9660   3.262461     3.9660   3.263862      95.09     0.0143     2.8132     2.5114  1.9493668  1.1208792   48.40436  -46.23777    34.8740    34.8907     3.9331     3.9331    27.6930    27.7063    6.21794    6.34670         15 0.0000e+00
      52999   2208.258    456.000     3.9667   3.262492     3.9669   3.263898      69.74     0.0163     2.8133     2.5115  1.9470870  1.1208792   48.40436  -46.23776    34.8741    34.8907     3.9340     3.9341    27.6931    27.7062    6.21346    6.34303         16 0.0000e+00
      53018   2209.060    455.000     3.9670   3.262478     3.9672   3.263892      42.66     0.0155     2.8133     2.5113  1.9469682  1.1208792   48.40436  -46.23776    34.8742    34.8907     3.9343     3.9345    27.6931    27.7062    6.21629    6.34334         23 0.0000e+00
      53046   2210.208    454.000     3.9672   3.262440     3.9673   3.263845      63.84     0.0174     2.8144     2.5117  1.9464436  1.1208792   48.40436  -46.23774    34.8741    34.8907     3.9346     3.9346    27.6929    27.7062    6.21988    6.34654         33 0.0000e+00
      53079   2211.575    453.000     3.9667   3.262346     3.9672   3.263790      76.07     0.0138     2.8146     2.5123  1.9466176  1.1208792   48.40437  -46.23774    34.8741    34.8906     3.9341     3.9366    27.6930    27.7061    6.22098    6.34982         29 0.0000e+00
      53104   2212.606    452.000     3.9673   3.262349     3.9678   3.263797      92.10     0.0168     2.8159     2.5127  1.9488233  1.1208792   48.40438  -46.23774    34.8739    34.8906     3.9348     3.9353    27.6928    27.7060    6.22467    6.34677         21 0.0000e+00
      53122   2213.394    451.000     3.9681   3.262386     3.9684   3.263804      56.86     0.0169     2.8156     2.5128  1.9487165  1.1208792   48.40438  -46.23774    34.8740    34.8906     3.9357     3.9359    27.6928    27.7060    6.21406    6.34389         17 0.0000e+00
      53139   2214.084    450.000     3.9686   3.262391     3.9687   3.263796      57.61     0.0150     2.8160     2.5128  1.9496529  1.1210949   48.40438  -46.23772    34.8741    34.8907     3.9363     3.9363    27.6928    27.7060    6.20608    6.34609         17 0.0000e+00
      53155   2214.762    449.000     3.9689   3.262373     3.9689   3.263770      94.77     0.0129     2.8146     2.5131  1.9499353  1.1210326   48.40437  -46.23772    34.8742    34.8908     3.9366     3.9382    27.6928    27.7060    6.20013    6.35200         16 0.0000e+00
      53173   2215.507    448.000     3.9690   3.262342     3.9693   3.263757      44.36     0.0128     2.8146     2.5138  1.9498789  1.1210018   48.40436  -46.23772    34.8742    34.8907     3.9368     3.9371    27.6928    27.7059    6.20729    6.35598         20 0.0000e+00
      53196   2216.456    447.000     3.9694   3.262319     3.9697   3.263726      84.14     0.0134     2.8146     2.5146  1.9487464  1.1212944   48.40436  -46.23770    34.8740    34.8904     3.9373     3.9386    27.6926    27.7057    6.21514    6.34969         26 0.0000e+00
      53223   2217.580    446.000     3.9693   3.262251     3.9700   3.263678      89.27     0.0085     2.8160     2.5146  1.9487180  1.1213495   48.40436  -46.23770    34.8739    34.8901     3.9372     3.9379    27.6925    27.7054    6.22007    6.34280         26 0.0000e+00
      53245   2218.516    445.000     3.9696   3.262210     3.9704   3.263654      34.46     0.0153     2.8161     2.5143  1.9487180  1.1221126   48.40436  -46.23770    34.8736    34.8899     3.9376     3.9384    27.6922    27.7052    6.20712    6.34057         19 0.0000e+00
      53264   2219.272    444.000     3.9705   3.262221     3.9708   3.263643      76.61     0.0182     2.8157     2.5143  1.9487180  1.1221001   48.40436  -46.23768    34.8733    34.8899     3.9386     3.9389    27.6920    27.7051    6.20991    6.33930         18 0.0000e+00
      53281   2219.982    443.000     3.9714   3.262248     3.9715   3.263668      95.51     0.0191     2.8161     2.5142  1.9494883  1.1221001   48.40436  -46.23768    34.8732    34.8899     3.9396     3.9397    27.6917    27.7050    6.21222    6.33242         17 0.0000e+00
      53299   2220.732    442.000     3.9731   3.262352     3.9743   3.263878      95.99     0.0166     2.8161     2.5132  1.9499284  1.1221001   48.40437  -46.23768    34.8732    34.8900     3.9413     3.9425    27.6915    27.7048    6.21307    6.32620         19 0.0000e+00
      53320   2221.610    441.000     3.9750   3.262503     3.9775   3.264139      96.03     0.0179     2.8167     2.5129  1.9496781  1.1221001   48.40437  -46.23767    34.8735    34.8902     3.9433     3.9458    27.6916    27.7047    6.21019    6.33175         23 0.0000e+00
      53346   2222.718    440.000     3.9757   3.262525     3.9800   3.264336      94.98     0.0187     2.8166     2.5129  1.9487091  1.1221001   48.40436  -46.23766    34.8735    34.8905     3.9441     3.9484    27.6915    27.7046    6.21038    6.33735         29 0.0000e+00
      53374   2223.891    439.000     3.9780   3.262693     3.9817   3.264442      35.39     0.0170     2.8171     2.5139  1.9487180  1.1221001   48.40436  -46.23765    34.8736    34.8905     3.9464     3.9501    27.6914    27.7044    6.21550    6.35119         26 0.0000e+00
      53397   2224.840    438.000     3.9822   3.263036     3.9838   3.264601      87.09     0.0189     2.8181     2.5153  1.9487180  1.1221001   48.40437  -46.23764    34.8737    34.8906     3.9508     3.9523    27.6910    27.7043    6.21735    6.35306         20 0.0000e+00
      53415   2225.603    437.000     3.9816   3.262939     3.9810   3.264289      96.28     0.0228     2.8180     2.5160  1.9485707  1.1221001   48.40438  -46.23764    34.8738    34.8904     3.9502     3.9496    27.6911    27.7044    6.21131    6.35318         17 0.0000e+00
      53432   2226.293    436.000     3.9790   3.262602     3.9771   3.263797      65.90     0.0198     2.8186     2.5167  1.9472063  1.1221721   48.40438  -46.23764    34.8731    34.8893     3.9477     3.9457    27.6908    27.7039    6.21512    6.35298         17 0.0000e+00
      53449   2227.011    435.000     3.9766   3.262299     3.9755   3.263565      50.10     0.0140     2.8189     2.5172  1.9466902  1.1221681   48.40438  -46.23763    34.8725    34.8887     3.9454     3.9442    27.6906    27.7036    6.20676    6.35121         18 0.0000e+00
