data/CTD/2013/CNV/U021A018.CNV
* Sea-Bird SBE 9 Data File:
* FileName = C:\CTD_ACQUISITION\2013021HUD\ctddata\021A018.hdr
* Software Version Seasave V 7.22.2
* Temperature SN = 5081
* Conductivity SN = 3561
* Number of Bytes Per Scan = 37
* Number of Voltage Words = 4
* Number of Scans Averaged by the Deck Unit = 1
* NMEA Latitude = 47 00.01 N
* NMEA Longitude = 046 44.51 W
* NMEA UTC (Time) = Jul 02 2013 03:43:13
* NMEA baud rate = 9600
** Ship: Hudson
** Cruise: HUD2013021
** Chief_Scientist: Greenan
** Organization: BIO
** Area_of_Operation: Sackville Spur
** Station: 18
** Sounding:  1161
** Event_Comments: FC18.5  393123
# nquan = 25
# nvalues = 1149                        
# units = specified
# name 0 = scan: Scan Count
# name 1 = timeS: Time, Elapsed [seconds]
# name 2 = prDM: Pressure, Digiquartz [db]
# name 3 = t068C: Temperature [ITS-68, deg C]
# name 4 = c0S/m: Conductivity [S/m]
# name 5 = t168C: Temperature, 2 [ITS-68, deg C]
# name 6 = c1S/m: Conductivity, 2 [S/m]
# name 7 = altM: Altimeter [m]
# name 8 = flCUVA: Fluorescence, Chelsea UV Aquatracka [ug/l]
# name 9 = sbeox0V: Oxygen raw, SBE 43 [V]
# name 10 = sbeox1V: Oxygen raw, SBE 43, 2 [V]
# name 11 = upoly0: Upoly 0, Optode 4330F - O2 D-Phase
# name 12 = upoly1: Upoly 1, Optode 4330F - O2 Temp
# name 13 = latitude: Latitude [deg]
# name 14 = longitude: Longitude [deg]
# name 15 = sal00: Salinity, Practical [PSU]
# name 16 = sal11: Salinity, Practical, 2 [PSU]
# name 17 = potemp068C: Potential Temperature [ITS-68, deg C]
# name 18 = potemp168C: Potential Temperature, 2 [ITS-68, deg C]
# name 19 = sigma-é00: Density [sigma-theta, Kg/m^3]
# name 20 = sigma-é11: Density, 2 [sigma-theta, Kg/m^3]
# name 21 = sbeox0ML/L: Oxygen, SBE 43 [ml/l], WS = 2
# name 22 = sbeox1ML/L: Oxygen, SBE 43, 2 [ml/l], WS = 2
# name 23 = nbin: number of scans per bin
# name 24 = flag: flag
# span 0 =      37072,      64898       
# span 1 =   1544.621,   2704.043       
# span 2 =      1.000,   1149.000       
# span 3 =     0.6331,     5.7386       
# span 4 =   2.863578,   3.297280       
# span 5 =     0.6156,     5.7464       
# span 6 =   2.862757,   3.298666       
# span 7 =       8.80,     108.59       
# span 8 =     0.0053,     0.3620       
# span 9 =     2.5104,     3.3623       
# span 10 =     2.2595,     3.0001      
# span 11 =  1.7313343,  2.0327630      
# span 12 =  0.7450139,  1.3354292      
# span 13 =   47.00202,   47.00343      
# span 14 =  -46.74170,  -46.74075      
# span 15 =    32.7063,    34.9196      
# span 16 =    32.7217,    34.9352      
# span 17 =     0.6308,     5.7372      
# span 18 =     0.6134,     5.7450      
# span 19 =    25.7786,    27.7495      
# span 20 =    25.7913,    27.7622      
# span 21 =    5.87777,    7.45969      
# span 22 =    6.06281,    7.63305      
# span 23 =         12,        384      
# span 24 = 0.0000e+00, 0.0000e+00      
# interval = decibars: 1                
# start_time = Jul 02 2013 03:43:13 [NMEA time, header]
# bad_flag = -9.990e-29
*END*
[from data line 1102]
      63000   2624.960     47.000     3.1911   3.091907     3.4520   3.118755      96.00     0.1152     3.1790     2.8472  1.9340626  0.8598158   47.00342  -46.74166    33.8666    33.9179     3.1883     3.4490    26.9632    26.9797    7.13550    7.14574         23 0.0000e+00
      63026   2626.037     46.000     3.7399   3.145374     4.0556   3.176508      95.65     0.1264     3.1807     2.8405  1.9210629  0.8748196   47.00342  -46.74166    33.9373    33.9613     3.7369     4.0525    26.9671    26.9542    6.96129    6.96533         30 0.0000e+00
      63062   2627.552     45.000     4.0601   3.174433     4.6976   3.236560      95.75     0.1390     3.1824     2.8493  1.9065335  0.9062605   47.00340  -46.74166    33.9564    34.0233     4.0571     4.6943    26.9501    26.9350    7.01841    7.13735         44 0.0000e+00
      63105   2629.324     44.000     4.4170   3.207443     4.7942   3.245767      95.67     0.1443     3.2156     2.8931  1.8904520  0.9593270   47.00340  -46.74166    33.9724    34.0324     4.4139     4.7909    26.9255    26.9319    7.18905    7.28613         38 0.0000e+00
      63138   2630.723     43.000     4.6910   3.232258     4.8567   3.250677      95.53     0.1551     3.2490     2.9196  1.8864043  1.0065928   47.00340  -46.74166    33.9815    34.0259     4.6878     4.8535    26.9029    26.9196    7.18153    7.29692         29 0.0000e+00
      63164   2631.787     42.000     4.8180   3.245197     4.9267   3.256697      95.09     0.1636     3.2677     2.9344  1.8797851  1.0193229   47.00340  -46.74166    34.0024    34.0245     4.8149     4.9235    26.9054    26.9107    7.14348    7.25613         23 0.0000e+00
      63186   2632.718     41.000     4.6786   3.227746     4.5529   3.212760      95.14     0.1927     3.2784     2.9421  1.8718936  1.0364161   47.00340  -46.74166    33.9426    33.8964     4.6757     4.5499    26.8734    26.8504    7.16159    7.33108         22 0.0000e+00
      63208   2633.632     40.000     4.4703   3.200094     4.3532   3.183412      95.20     0.2799     3.2872     2.9499  1.8685157  1.0457568   47.00340  -46.74167    33.8336    33.7579     4.4674     4.3504    26.8095    26.7619    7.25220    7.43982         22 0.0000e+00
      63231   2634.579     39.000     4.5066   3.195884     4.7057   3.208470      95.13     0.3433     3.3029     2.9652  1.8608433  1.0706962   47.00340  -46.74168    33.7470    33.6915     4.5039     4.7028    26.7368    26.6711    7.36726    7.49681         23 0.0000e+00
      63257   2635.670     38.000     4.6925   3.207360     4.8771   3.218104      95.32     0.3620     3.3266     2.9856  1.8547928  1.0776304   47.00340  -46.74168    33.6926    33.6300     4.6897     4.8743    26.6735    26.6034    7.38605    7.47042         31 0.0000e+00
      63302   2637.531     37.000     4.6581   3.204326     4.6535   3.199357      85.52     0.3458     3.3499     2.9986  1.8422415  1.0971150   47.00340  -46.74168    33.6926    33.6390     4.6554     4.6508    26.6774    26.6352    7.33766    7.43362         58 0.0000e+00
      63350   2639.527     36.000     4.5393   3.197101     4.5166   3.193980      95.55     0.3173     3.3583     3.0001  1.8344657  1.1146752   47.00340  -46.74168    33.7301    33.7169     4.5367     4.5140    26.7199    26.7119    7.31606    7.41512         31 0.0000e+00
      63373   2640.495     35.000     4.6935   3.198573     4.8183   3.201852      94.85     0.3038     3.3589     2.9988  1.8289725  1.1273068   47.00340  -46.74168    33.5909    33.5028     4.6910     4.8157    26.5926    26.5090    7.29309    7.35836         20 0.0000e+00
      63393   2641.320     34.000     5.0742   3.214950     5.1407   3.219767      94.80     0.2783     3.3598     2.9976  1.8292446  1.1271062   47.00340  -46.74168    33.3973    33.3861     5.0716     5.1382    26.3967    26.3803    7.22302    7.29579         20 0.0000e+00
      63413   2642.178     33.000     5.2555   3.223356     5.3043   3.225355      94.77     0.2555     3.3595     2.9956  1.8073688  1.1344544   47.00340  -46.74168    33.3132    33.2875     5.2530     5.3018    26.3094    26.2834    7.17646    7.26637         22 0.0000e+00
      63438   2643.202     32.000     5.3235   3.220178     5.3438   3.218633      94.60     0.2208     3.3576     2.9948  1.8043646  1.1355053   47.00340  -46.74168    33.2097    33.1720     5.3211     5.3413    26.2196    26.1874    7.15585    7.27694         28 0.0000e+00
      63465   2644.316     31.000     5.3428   3.217202     5.3632   3.212628      94.80     0.1877     3.3553     2.9946  1.7975649  1.1781895   47.00340  -46.74168    33.1571    33.0875     5.3405     5.3608    26.1757    26.1182    7.15521    7.26959         25 0.0000e+00
      63489   2645.344     30.000     5.3676   3.211760     5.3927   3.206647      94.78     0.1650     3.3549     2.9927  1.7973123  1.1807274   47.00340  -46.74168    33.0710    32.9880     5.3653     5.3904    26.1047    26.0360    7.15911    7.25396         23 0.0000e+00
      63512   2646.312     29.000     5.3975   3.207561     5.4552   3.203950      94.73     0.1487     3.3542     2.9915  1.7878107  1.1970210   47.00340  -46.74168    32.9942    32.8964     5.3953     5.4529    26.0404    25.9563    7.14965    7.24419         24 0.0000e+00
      63538   2647.354     28.000     5.4634   3.204537     5.5010   3.205084      94.68     0.1270     3.3526     2.9893  1.7868412  1.1982251   47.00340  -46.74168    32.8955    32.8649     5.4613     5.4989    25.9546    25.9260    7.12837    7.22304         26 0.0000e+00
      63565   2648.520     27.000     5.5133   3.205002     5.5192   3.206280      94.59     0.1160     3.3502     2.9864  1.7741245  1.2099625   47.00340  -46.74168    32.8525    32.8612     5.5112     5.5171    25.9147    25.9209    7.11584    7.21464         30 0.0000e+00
      63594   2649.726     26.000     5.5448   3.206521     5.5675   3.208909      94.07     0.1058     3.3484     2.9852  1.7725089  1.2184093   47.00340  -46.74168    32.8394    32.8443     5.5428     5.5654    25.9007    25.9019    7.11741    7.21942         27 0.0000e+00
      63620   2650.797     25.000     5.5961   3.209269     5.6376   3.213297      95.16     0.0957     3.3490     2.9852  1.7711308  1.2323749   47.00340  -46.74168    32.8207    32.8263     5.5942     5.6356    25.8800    25.8794    7.12079    7.20732         24 0.0000e+00
      63643   2651.739     24.000     5.6603   3.213964     5.6816   3.216892      78.39     0.0931     3.3498     2.9845  1.7670804  1.2349613   47.00340  -46.74168    32.8120    32.8243     5.6584     5.6797    25.8653    25.8725    7.10598    7.18593         22 0.0000e+00
      63664   2652.628     23.000     5.7012   3.216965     5.7067   3.218593      52.68     0.0846     3.3493     2.9831  1.7610695  1.2400317   47.00340  -46.74168    32.8065    32.8196     5.6994     5.7049    25.8562    25.8659    7.09107    7.17287         21 0.0000e+00
      63685   2653.519     22.000     5.7107   3.217380     5.7128   3.218728      94.42     0.0825     3.3490     2.9815  1.7607402  1.2427500   47.00340  -46.74168    32.8025    32.8157     5.7090     5.7110    25.8518    25.8620    7.08495    7.16921         22 0.0000e+00
      63707   2654.421     21.000     5.7095   3.216850     5.7103   3.218029      94.25     0.0841     3.3483     2.9806  1.7595408  1.2609512   47.00340  -46.74168    32.7981    32.8111     5.7079     5.7087    25.8485    25.8587    7.08826    7.17992         22 0.0000e+00
      63729   2655.343     20.000     5.7070   3.216249     5.7150   3.217890      93.11     0.0821     3.3490     2.9814  1.7596278  1.2612942   47.00340  -46.74168    32.7943    32.8051     5.7054     5.7134    25.8458    25.8533    7.09848    7.18688         22 0.0000e+00
      63752   2656.301     19.000     5.7219   3.216739     5.7346   3.218533      93.99     0.0855     3.3498     2.9814  1.7547405  1.2760704   47.00340  -46.74168    32.7858    32.7937     5.7204     5.7331    25.8373    25.8420    7.09991    7.18282         24 0.0000e+00
      63779   2657.422     18.000     5.7386   3.217001     5.7464   3.218599      94.27     0.0876     3.3506     2.9829  1.7536967  1.2776369   47.00340  -46.74168    32.7731    32.7835     5.7372     5.7450    25.8252    25.8325    7.08648    7.19608         30 0.0000e+00
      63810   2658.708     17.000     5.7373   3.216907     5.7298   3.215597      95.00     0.0926     3.3504     2.9846  1.7496288  1.2821239   47.00340  -46.74168    32.7738    32.7663     5.7359     5.7284    25.8259    25.8209    7.09071    7.19638         30 0.0000e+00
      63838   2659.883     16.000     5.7280   3.214878     5.7069   3.211244      76.76     0.0884     3.3513     2.9857  1.7491174  1.2872961   47.00340  -46.74168    32.7604    32.7398     5.7267     5.7057    25.8165    25.8027    7.09690    7.20891         26 0.0000e+00
      63862   2660.864     15.000     5.7092   3.210362     5.6995   3.209884      88.22     0.0927     3.3517     2.9875  1.7486914  1.2918653   47.00340  -46.74168    32.7282    32.7322     5.7080     5.6983    25.7932    25.7975    7.09975    7.21563         22 0.0000e+00
      63887   2661.930     14.000     5.6973   3.208057     5.6950   3.209129      93.83     0.0885     3.3522     2.9885  1.7485561  1.2947285   47.00340  -46.74168    32.7141    32.7285     5.6962     5.6939    25.7835    25.7951    7.10458    7.21442         30 0.0000e+00
      63918   2663.192     13.000     5.6926   3.207419     5.6886   3.208406      95.01     0.0896     3.3533     2.9900  1.7484721  1.2969160   47.00340  -46.74170    32.7120    32.7271     5.6916     5.6875    25.7824    25.7948    7.11510    7.21993         29 0.0000e+00
      63945   2664.323     12.000     5.6891   3.206967     5.6867   3.208079      63.07     0.0882     3.3551     2.9912  1.7450136  1.3012520   47.00340  -46.74170    32.7108    32.7257     5.6882     5.6858    25.7818    25.7939    7.11775    7.21986         26 0.0000e+00
      63971   2665.403     11.000     5.6901   3.206939     5.6882   3.208109      79.19     0.0849     3.3562     2.9919  1.7448136  1.3017167   47.00340  -46.74170    32.7100    32.7251     5.6892     5.6874    25.7811    25.7932    7.11572    7.21788         27 0.0000e+00
      64000   2666.645     10.000     5.6894   3.206776     5.6860   3.207767      92.01     0.0882     3.3571     2.9928  1.7448107  1.3028067   47.00340  -46.74169    32.7093    32.7239     5.6886     5.6852    25.7806    25.7925    7.11411    7.22732         34 0.0000e+00
      64039   2668.255      9.000     5.6871   3.206428     5.6807   3.207187      94.99     0.0889     3.3571     2.9949  1.7439145  1.3072597   47.00340  -46.74168    32.7082    32.7231     5.6863     5.6800    25.7800    25.7925    7.10504    7.22939         41 0.0000e+00
      64076   2669.775      8.000     5.6820   3.205877     5.6758   3.206755      91.81     0.0881     3.3557     2.9957  1.7432019  1.3104339   47.00340  -46.74169    32.7074    32.7233     5.6813     5.6752    25.7799    25.7933    7.10026    7.22226         30 0.0000e+00
      64102   2670.889      7.000     5.6850   3.206000     5.6815   3.207056      42.91     0.0887     3.3556     2.9953  1.7425063  1.3126047   47.00340  -46.74170    32.7064    32.7217     5.6844     5.6809    25.7788    25.7913    7.10145    7.21830         25 0.0000e+00
      64129   2672.013      6.000     5.6862   3.206059     5.6819   3.207075      93.74     0.0839     3.3554     2.9954  1.7405915  1.3148395   47.00340  -46.74170    32.7063    32.7220     5.6857     5.6814    25.7786    25.7915    7.10295    7.22113         30 0.0000e+00
      64163   2673.434      5.000     5.6858   3.206042     5.6730   3.206529      91.21     0.0862     3.3561     2.9958  1.7396215  1.3165219   47.00340  -46.74170    32.7071    32.7250     5.6854     5.6726    25.7792    25.7948    7.10678    7.22009         40 0.0000e+00
      64229   2676.181      4.000     5.6867   3.206147     5.6842   3.207249      93.78     0.0850     3.3555     2.9946  1.7386578  1.3192917   47.00340  -46.74170    32.7079    32.7227     5.6864     5.6839    25.7797    25.7918    7.09936    7.21498         83 0.0000e+00
      64430   2684.541      3.000     5.6850   3.206018     5.6829   3.207196      70.66     0.0845     3.3579     2.9981  1.7357765  1.3294014   47.00341  -46.74170    32.7085    32.7239     5.6848     5.6826    25.7804    25.7928    7.11067    7.23009        133 0.0000e+00
      64793   2699.650      2.000     5.6889   3.206300     5.6893   3.207654      73.82     0.0834     3.3623     2.9989  1.7339734  1.3354292   47.00343  -46.74170    32.7084    32.7234     5.6887     5.6892    25.7799    25.7916    7.11869    7.22064         88 0.0000e+00
      64898   2704.042      1.000     5.6850   3.205873     5.6831   3.207080      91.95     0.0834     3.3507     2.9644  1.7313343  1.3353153   47.00342  -46.74170    32.7079    32.7234     5.6849     5.6831    25.7799    25.7923    7.01706    6.86529         82 0.0000e+00
