data/CTD/2013/CNV/U021A017.CNV
* Sea-Bird SBE 9 Data File:
* FileName = C:\CTD_ACQUISITION\2013021HUD\ctddata\021A017.hdr
* Software Version Seasave V 7.22.2
* Temperature SN = 5081
* Conductivity SN = 3561
* Number of Bytes Per Scan = 37
* Number of Voltage Words = 4
* Number of Scans Averaged by the Deck Unit = 1
* NMEA Latitude = 46 59.99 N
* NMEA Longitude = 046 50.02 W
* NMEA UTC (Time) = Jul 02 2013 02:27:57
* NMEA baud rate = 9600
** Ship: Hudson
** Cruise: HUD2013021
** Chief_Scientist: Greenan
** Organization: BIO
** Area_of_Operation: Sackville Spur
** Station: 17
** Sounding:  1194
** Event_Comments: FC18  393121
# nquan = 25
# nvalues = 1183                        
# units = specified
# name 0 = scan: Scan Count
# name 1 = timeS: Time, Elapsed [seconds]
# name 2 = prDM: Pressure, Digiquartz [db]
# name 3 = t068C: Temperature [ITS-68, deg C]
# name 4 = c0S/m: Conductivity [S/m]
# name 5 = t168C: Temperature, 2 [ITS-68, deg C]
# name 6 = c1S/m: Conductivity, 2 [S/m]
# name 7 = altM: Altimeter [m]
# name 8 = flCUVA: Fluorescence, Chelsea UV Aquatracka [ug/l]
# name 9 = sbeox0V: Oxygen raw, SBE 43 [V]
# name 10 = sbeox1V: Oxygen raw, SBE 43, 2 [V]
# name 11 = upoly0: Upoly 0, Optode 4330F - O2 D-Phase
# name 12 = upoly1: Upoly 1, Optode 4330F - O2 Temp
# name 13 = latitude: Latitude [deg]
# name 14 = longitude: Longitude [deg]
# name 15 = sal00: Salinity, Practical [PSU]
# name 16 = sal11: Salinity, Practical, 2 [PSU]
# name 17 = potemp068C: Potential Temperature [ITS-68, deg C]
# name 18 = potemp168C: Potential Temperature, 2 [ITS-68, deg C]
# name 19 = sigma-é00: Density [sigma-theta, Kg/m^3]
# name 20 = sigma-é11: Density, 2 [sigma-theta, Kg/m^3]
# name 21 = sbeox0ML/L: Oxygen, SBE 43 [ml/l], WS = 2
# name 22 = sbeox1ML/L: Oxygen, SBE 43, 2 [ml/l], WS = 2
# name 23 = nbin: number of scans per bin
# name 24 = flag: flag
# span 0 =      38607,      64877       
# span 1 =   1608.603,   2703.183       
# span 2 =      1.000,   1183.000       
# span 3 =     1.0206,     6.1403       
# span 4 =   2.864182,   3.326083       
# span 5 =     0.9691,     6.1389       
# span 6 =   2.862651,   3.327889       
# span 7 =       2.83,     101.85       
# span 8 =     0.0053,     0.3591       
# span 9 =     2.4905,     3.3921       
# span 10 =     2.2391,     3.0389      
# span 11 =  1.7298642,  2.0419851      
# span 12 =  0.8198081,  1.3909911      
# span 13 =   46.99946,   46.99999      
# span 14 =  -46.83420,  -46.83342      
# span 15 =    32.7811,    34.9174      
# span 16 =    32.7970,    34.9329      
# span 17 =     1.0183,     6.1402      
# span 18 =     0.9668,     6.1388      
# span 19 =    25.7824,    27.7579      
# span 20 =    25.7951,    27.7708      
# span 21 =    5.62687,    8.42792      
# span 22 =    5.76299,    8.66923      
# span 23 =         11,        139      
# span 24 = 0.0000e+00, 0.0000e+00      
# interval = decibars: 1                
# start_time = Jul 02 2013 02:27:57 [NMEA time, header]
# bad_flag = -9.990e-29
*END*
[from data line 928]
      58751   2447.898    255.000     3.9064   3.238978     3.8812   3.237628      95.68     0.0101     2.8134     2.5106  1.9848509  1.1368159   46.99969  -46.83407    34.7662    34.7769     3.8887     3.8635    27.6119    27.6229    6.10515    6.22708         21 0.0000e+00
      58775   2448.935    254.000     3.8973   3.237853     3.8750   3.236865      76.65     0.0141     2.8163     2.5131  1.9847573  1.1359700   46.99970  -46.83408    34.7631    34.7750     3.8796     3.8573    27.6103    27.6221    6.11048    6.22842         29 0.0000e+00
      58808   2450.280    253.000     3.9137   3.239592     3.8811   3.237491      92.03     0.0189     2.8208     2.5152  1.9845287  1.1330225   46.99970  -46.83408    34.7669    34.7764     3.8960     3.8636    27.6117    27.6226    6.11130    6.22559         33 0.0000e+00
      58836   2451.474    252.000     3.9092   3.239305     3.8717   3.236505      96.53     0.0157     2.8226     2.5168  1.9841069  1.1314738   46.99970  -46.83408    34.7688    34.7752     3.8916     3.8542    27.6136    27.6226    6.10545    6.22672         23 0.0000e+00
      58856   2452.286    251.000     3.8563   3.233810     3.8291   3.232148      58.19     0.0133     2.8238     2.5174  1.9841269  1.1306313   46.99970  -46.83408    34.7600    34.7691     3.8389     3.8118    27.6120    27.6220    6.11747    6.22561         18 0.0000e+00
      58872   2452.963    250.000     3.8238   3.230107     3.8196   3.230989      92.38     0.0136     2.8243     2.5173  1.9841269  1.1306472   46.99970  -46.83408    34.7509    34.7659     3.8065     3.8023    27.6081    27.6204    6.11939    6.22052         15 0.0000e+00
      58887   2453.599    249.000     3.8221   3.229758     3.8252   3.231379      96.38     0.0126     2.8257     2.5172  1.9828755  1.1270595   46.99970  -46.83408    34.7490    34.7651     3.8050     3.8081    27.6067    27.6192    6.10737    6.21050         15 0.0000e+00
      58903   2454.244    248.000     3.8276   3.230167     3.8300   3.231735      87.86     0.0114     2.8244     2.5162  1.9829060  1.1270585   46.99970  -46.83410    34.7486    34.7648     3.8105     3.8138    27.6058    27.6185    6.08639    6.19707         16 0.0000e+00
      58920   2454.949    247.000     3.8311   3.230399     3.8326   3.231853      51.78     0.0138     2.8228     2.5149  1.9826523  1.1265411   46.99970  -46.83410    34.7482    34.7640     3.8140     3.8155    27.6052    27.6176    6.07420    6.18866         19 0.0000e+00
      58939   2455.764    246.000     3.8368   3.230853     3.8395   3.232394      77.38     0.0179     2.8209     2.5134  1.9803671  1.1210650   46.99968  -46.83410    34.7481    34.7637     3.8199     3.8225    27.6045    27.6166    6.06224    6.18309         21 0.0000e+00
      58962   2456.703    245.000     3.8420   3.231250     3.8589   3.234155      96.13     0.0182     2.8182     2.5121  1.9801990  1.1208792   46.99967  -46.83410    34.7479    34.7645     3.8251     3.8419    27.6038    27.6153    6.05633    6.18129         23 0.0000e+00
      58985   2457.684    244.000     3.8514   3.231878     3.8773   3.235933      90.92     0.0178     2.8167     2.5112  1.9790095  1.1187713   46.99967  -46.83410    34.7460    34.7668     3.8345     3.8604    27.6013    27.6152    6.06842    6.18617         23 0.0000e+00
      59007   2458.587    243.000     3.8707   3.233819     3.9029   3.238149      63.66     0.0116     2.8163     2.5113  1.9791859  1.1185524   46.99966  -46.83410    34.7492    34.7665     3.8538     3.8860    27.6019    27.6124    6.06211    6.18727         20 0.0000e+00
      59026   2459.384    242.000     3.8985   3.236310     3.9132   3.239107      95.78     0.0139     2.8154     2.5114  1.9761242  1.1192156   46.99966  -46.83410    34.7499    34.7676     3.8817     3.8964    27.5996    27.6121    6.05636    6.18389         19 0.0000e+00
      59044   2460.138    241.000     3.9112   3.237541     3.9133   3.238989      95.62     0.0168     2.8151     2.5114  1.9743760  1.1196538   46.99966  -46.83410    34.7516    34.7666     3.8945     3.8966    27.5996    27.6113    6.05311    6.18254         18 0.0000e+00
      59063   2460.927    240.000     3.9082   3.237105     3.9050   3.238029      77.93     0.0199     2.8146     2.5114  1.9743589  1.1197183   46.99966  -46.83411    34.7501    34.7645     3.8915     3.8883    27.5987    27.6105    6.05180    6.18259         20 0.0000e+00
      59084   2461.805    239.000     3.9016   3.236273     3.8979   3.237176      70.04     0.0174     2.8139     2.5113  1.9743589  1.1208143   46.99966  -46.83412    34.7477    34.7624     3.8850     3.8813    27.5975    27.6096    6.05134    6.17461         22 0.0000e+00
      59106   2462.727    238.000     3.8977   3.235769     3.8919   3.236474      38.16     0.0179     2.8136     2.5102  1.9743589  1.1208791   46.99966  -46.83412    34.7465    34.7610     3.8811     3.8754    27.5969    27.6090    6.04813    6.16763         22 0.0000e+00
      59128   2463.614    237.000     3.8933   3.235213     3.8869   3.235805      94.08     0.0180     2.8128     2.5094  1.9732102  1.1208792   46.99966  -46.83412    34.7450    34.7589     3.8768     3.8704    27.5962    27.6079    6.04996    6.16740         21 0.0000e+00
      59148   2464.468    236.000     3.8917   3.234897     3.8921   3.236222      59.71     0.0174     2.8131     2.5090  1.9731388  1.1208792   46.99966  -46.83412    34.7435    34.7588     3.8754     3.8758    27.5951    27.6073    6.05202    6.17198         20 0.0000e+00
      59168   2465.297    235.000     3.8977   3.235395     3.9028   3.237149      89.65     0.0175     2.8125     2.5090  1.9731380  1.1202971   46.99966  -46.83412    34.7436    34.7591     3.8814     3.8865    27.5946    27.6064    6.04687    6.16600         19 0.0000e+00
      59187   2466.089    234.000     3.9053   3.236063     3.9102   3.237792      92.59     0.0183     2.8125     2.5081  1.9731380  1.1196536   46.99966  -46.83412    34.7440    34.7595     3.8891     3.8939    27.5942    27.6060    6.04311    6.15729         19 0.0000e+00
      59206   2466.858    233.000     3.9122   3.236611     3.9160   3.238254      83.84     0.0159     2.8116     2.5077  1.9731380  1.1196581   46.99966  -46.83412    34.7438    34.7593     3.8960     3.8998    27.5933    27.6052    6.03675    6.16408         18 0.0000e+00
      59224   2467.625    232.000     3.9191   3.237186     3.9214   3.238683      67.17     0.0147     2.8114     2.5082  1.9742945  1.1190798   46.99966  -46.83412    34.7438    34.7593     3.9030     3.9052    27.5926    27.6046    6.04744    6.18172         19 0.0000e+00
      59243   2468.399    231.000     3.9162   3.236774     3.9131   3.237697      96.36     0.0151     2.8127     2.5098  1.9743592  1.1191156   46.99966  -46.83412    34.7427    34.7569     3.9001     3.8970    27.5920    27.6036    6.07188    6.21091         18 0.0000e+00
      59262   2469.195    230.000     3.9044   3.235479     3.9011   3.236367      95.69     0.0177     2.8151     2.5135  1.9733112  1.1191087   46.99966  -46.83412    34.7402    34.7543     3.8884     3.8852    27.5912    27.6027    6.10242    6.23636         20 0.0000e+00
      59283   2470.063    229.000     3.8958   3.234452     3.8888   3.235056      69.96     0.0180     2.8200     2.5172  1.9725267  1.1196032   46.99966  -46.83412    34.7376    34.7523     3.8800     3.8729    27.5900    27.6024    6.13300    6.24602         22 0.0000e+00
      59306   2471.030    228.000     3.8811   3.233034     3.8802   3.234111      87.37     0.0173     2.8258     2.5214  1.9728355  1.1192479   46.99966  -46.83412    34.7368    34.7507     3.8653     3.8644    27.5909    27.6020    6.15259    6.26830         24 0.0000e+00
      59328   2471.972    227.000     3.8628   3.231150     3.8415   3.230274      96.13     0.0183     2.8316     2.5265  1.9732605  1.1184251   46.99966  -46.83412    34.7344    34.7465     3.8471     3.8259    27.5908    27.6026    6.17427    6.29355         21 0.0000e+00
      59347   2472.768    226.000     3.8336   3.227696     3.7782   3.223571      89.27     0.0180     2.8366     2.5305  1.9732735  1.1184372   46.99966  -46.83412    34.7247    34.7342     3.8181     3.7628    27.5860    27.5993    6.18791    6.30598         18 0.0000e+00
      59365   2473.490    225.000     3.7687   3.221055     3.7318   3.218701      57.62     0.0180     2.8404     2.5333  1.9741315  1.1174455   46.99966  -46.83413    34.7148    34.7259     3.7533     3.7165    27.5847    27.5973    6.19902    6.30541         17 0.0000e+00
      59382   2474.211    224.000     3.7098   3.214875     3.6766   3.212856      95.05     0.0200     2.8435     2.5348  1.9743534  1.1172216   46.99966  -46.83416    34.7039    34.7151     3.6947     3.6615    27.5820    27.5942    6.20821    6.30371         18 0.0000e+00
      59400   2474.969    223.000     3.6523   3.208821     3.6313   3.207941      96.30     0.0203     2.8466     2.5359  1.9743589  1.1168815   46.99966  -46.83416    34.6932    34.7049     3.6373     3.6164    27.5792    27.5906    6.20925    6.31120         18 0.0000e+00
      59419   2475.756    222.000     3.6113   3.204441     3.5972   3.204324      89.38     0.0221     2.8478     2.5373  1.9751365  1.1122944   46.99966  -46.83416    34.6847    34.6984     3.5965     3.5824    27.5765    27.5888    6.21549    6.32920         19 0.0000e+00
      59439   2476.567    221.000     3.5932   3.202456     3.5762   3.202029      62.38     0.0232     2.8501     2.5396  1.9755821  1.1123321   46.99966  -46.83416    34.6807    34.6937     3.5785     3.5614    27.5751    27.5871    6.23420    6.34844         20 0.0000e+00
      59459   2477.409    220.000     3.5716   3.200153     3.5556   3.199750      95.17     0.0189     2.8534     2.5424  1.9776534  1.1046143   46.99966  -46.83416    34.6767    34.6888     3.5569     3.5410    27.5740    27.5852    6.24958    6.36954         21 0.0000e+00
      59480   2478.272    219.000     3.5542   3.198221     3.5422   3.198325      95.60     0.0188     2.8561     2.5460  1.9792085  1.1002189   46.99966  -46.83416    34.6724    34.6865     3.5397     3.5276    27.5723    27.5847    6.26468    6.38672         21 0.0000e+00
      59500   2479.142    218.000     3.5424   3.196880     3.5345   3.197411      64.14     0.0146     2.8598     2.5496  1.9775410  1.0973870   46.99966  -46.83416    34.6695    34.6842     3.5279     3.5201    27.5711    27.5836    6.27281    6.39707         20 0.0000e+00
      59520   2479.966    217.000     3.5270   3.195079     3.5108   3.194931      73.76     0.0173     2.8626     2.5529  1.9743301  1.0915225   46.99966  -46.83414    34.6647    34.6802     3.5127     3.4964    27.5688    27.5828    6.28269    6.40785         19 0.0000e+00
      59538   2480.727    216.000     3.4917   3.191464     3.4748   3.191162      91.30     0.0192     2.8653     2.5557  1.9743589  1.0915751   46.99967  -46.83414    34.6594    34.6737     3.4775     3.4606    27.5680    27.5811    6.29484    6.41106         18 0.0000e+00
      59556   2481.448    215.000     3.4553   3.187607     3.4454   3.188016      53.47     0.0195     2.8678     2.5573  1.9734389  1.0889565   46.99968  -46.83414    34.6522    34.6677     3.4412     3.4314    27.5659    27.5791    6.29725    6.40460         17 0.0000e+00
      59573   2482.157    214.000     3.4248   3.184385     3.4083   3.184150      95.58     0.0203     2.8687     2.5580  1.9731419  1.0879259   46.99968  -46.83414    34.6465    34.6612     3.4108     3.3943    27.5642    27.5776    6.30847    6.40461         17 0.0000e+00
      59592   2482.944    213.000     3.3906   3.180949     3.3719   3.180363      96.26     0.0203     2.8723     2.5589  1.9731951  1.0870554   46.99968  -46.83414    34.6420    34.6549     3.3768     3.3581    27.5639    27.5760    6.33741    6.41614         21 0.0000e+00
      59616   2483.944    212.000     3.3524   3.177164     3.3371   3.176763      74.62     0.0203     2.8762     2.5607  1.9738073  1.0806793   46.99967  -46.83414    34.6376    34.6491     3.3387     3.3234    27.5641    27.5747    6.34306    6.43573         27 0.0000e+00
      59641   2485.019    211.000     3.3398   3.175952     3.3064   3.173617      85.70     0.0186     2.8788     2.5627  1.9734501  1.0786951   46.99968  -46.83414    34.6370    34.6444     3.3261     3.2928    27.5648    27.5739    6.33738    6.45065         23 0.0000e+00
      59662   2485.895    210.000     3.3105   3.172246     3.2586   3.168388      96.42     0.0206     2.8803     2.5653  1.9712244  1.0706375   46.99968  -46.83414    34.6244    34.6328     3.2970     3.2451    27.5575    27.5691    6.34340    6.46642         19 0.0000e+00
      59680   2486.641    209.000     3.2570   3.166600     3.2436   3.166382      95.91     0.0203     2.8816     2.5665  1.9714905  1.0708181   46.99968  -46.83414    34.6133    34.6250     3.2437     3.2302    27.5538    27.5644    6.35297    6.46291         17 0.0000e+00
      59698   2487.356    208.000     3.2339   3.163886     3.2276   3.164541      13.02     0.0201     2.8823     2.5676  1.9706943  1.0679632   46.99968  -46.83414    34.6057    34.6203     3.2206     3.2144    27.5498    27.5621    6.35460    6.46772         18 0.0000e+00
      59716   2488.110    207.000     3.2076   3.160968     3.1997   3.161527      94.59     0.0187     2.8827     2.5687  1.9696876  1.0659734   46.99968  -46.83416    34.5989    34.6142     3.1944     3.1865    27.5470    27.5599    6.36199    6.47363         19 0.0000e+00
      59736   2488.943    206.000     3.1796   3.157961     3.1766   3.158949      96.03     0.0156     2.8845     2.5698  1.9698781  1.0650204   46.99966  -46.83418    34.5929    34.6081     3.1666     3.1636    27.5447    27.5571    6.37069    6.48160         21 0.0000e+00
      59756   2489.796    205.000     3.1700   3.156797     3.1673   3.157862      86.37     0.0152     2.8848     2.5711  1.9694729  1.0574139   46.99967  -46.83418    34.5896    34.6054     3.1570     3.1544    27.5430    27.5559    6.37331    6.48281         19 0.0000e+00
      59775   2490.601    204.000     3.1649   3.156199     3.1600   3.157066      61.45     0.0146     2.8866     2.5718  1.9696063  1.0575171   46.99968  -46.83418    34.5884    34.6041     3.1520     3.1472    27.5425    27.5555    6.37741    6.47957         19 0.0000e+00
      59794   2491.373    203.000     3.1580   3.155463     3.1533   3.156306      96.17     0.0176     2.8865     2.5722  1.9687061  1.0545672   46.99968  -46.83418    34.5873    34.6026     3.1452     3.1405    27.5423    27.5549    6.37123    6.47967         19 0.0000e+00
      59814   2492.226    202.000     3.1488   3.154421     3.1465   3.155516      96.26     0.0203     2.8874     2.5728  1.9682666  1.0526123   46.99968  -46.83418    34.5851    34.6008     3.1361     3.1338    27.5414    27.5541    6.37302    6.48186         23 0.0000e+00
      59842   2493.376    201.000     3.1379   3.153120     3.1362   3.154228      62.34     0.0161     2.8879     2.5734  1.9661163  1.0484538   46.99968  -46.83416    34.5815    34.5968     3.1252     3.1236    27.5395    27.5518    6.37957    6.48712         32 0.0000e+00
      59872   2494.631    200.000     3.1321   3.152353     3.1314   3.153488      94.25     0.0150     2.8891     2.5749  1.9645308  1.0450476   46.99970  -46.83415    34.5789    34.5934     3.1196     3.1189    27.5379    27.5496    6.38259    6.50278         25 0.0000e+00
      59892   2495.472    199.000     3.1265   3.151486     3.1266   3.152771      50.10     0.0167     2.8899     2.5764  1.9647369  1.0424765   46.99970  -46.83414    34.5749    34.5904     3.1140     3.1141    27.5353    27.5476    6.39030    6.51187         17 0.0000e+00
