data/CTD/2013/CNV/U021A042.CNV
* Sea-Bird SBE 9 Data File:
* FileName = C:\CTD_ACQUISITION\2013021HUD\ctddata\021A042.hdr
* Software Version Seasave V 7.22.2
* Temperature SN = 5081
* Conductivity SN = 3561
* Number of Bytes Per Scan = 37
* Number of Voltage Words = 4
* Number of Scans Averaged by the Deck Unit = 1
* NMEA Latitude = 48 20.24 N
* NMEA Longitude = 046 21.03 W
* NMEA UTC (Time) = Jul 04 2013 04:23:37
* NMEA baud rate = 9600
** Ship: Hudson
** Cruise: HUD2013021
** Chief_Scientist: Greenan
** Organization: BIO
** Area_of_Operation: Sackville Spur
** Station: 42
** Sounding:  947
** Event_Comments: FP_BSR_5  393184
# nquan = 25
# nvalues = 932                         
# units = specified
# name 0 = scan: Scan Count
# name 1 = timeS: Time, Elapsed [seconds]
# name 2 = prDM: Pressure, Digiquartz [db]
# name 3 = t068C: Temperature [ITS-68, deg C]
# name 4 = c0S/m: Conductivity [S/m]
# name 5 = t168C: Temperature, 2 [ITS-68, deg C]
# name 6 = c1S/m: Conductivity, 2 [S/m]
# name 7 = altM: Altimeter [m]
# name 8 = flCUVA: Fluorescence, Chelsea UV Aquatracka [ug/l]
# name 9 = sbeox0V: Oxygen raw, SBE 43 [V]
# name 10 = sbeox1V: Oxygen raw, SBE 43, 2 [V]
# name 11 = upoly0: Upoly 0, Optode 4330F - O2 D-Phase
# name 12 = upoly1: Upoly 1, Optode 4330F - O2 Temp
# name 13 = latitude: Latitude [deg]
# name 14 = longitude: Longitude [deg]
# name 15 = sal00: Salinity, Practical [PSU]
# name 16 = sal11: Salinity, Practical, 2 [PSU]
# name 17 = potemp068C: Potential Temperature [ITS-68, deg C]
# name 18 = potemp168C: Potential Temperature, 2 [ITS-68, deg C]
# name 19 = sigma-é00: Density [sigma-theta, Kg/m^3]
# name 20 = sigma-é11: Density, 2 [sigma-theta, Kg/m^3]
# name 21 = sbeox0ML/L: Oxygen, SBE 43 [ml/l], WS = 2
# name 22 = sbeox1ML/L: Oxygen, SBE 43, 2 [ml/l], WS = 2
# name 23 = nbin: number of scans per bin
# name 24 = flag: flag
# span 0 =      37661,      62954       
# span 1 =   1569.157,   2623.024       
# span 2 =      1.000,    932.000       
# span 3 =    -0.2612,     6.0828       
# span 4 =   2.758040,   3.277600       
# span 5 =    -0.2725,     6.0780       
# span 6 =   2.758145,   3.279017       
# span 7 =      -1.29,      99.90       
# span 8 =     0.0056,     0.1226       
# span 9 =     2.6212,     3.4351       
# span 10 =     2.3536,     3.1027      
# span 11 =  1.7360789,  2.0134311      
# span 12 =  0.6385498,  1.3604911      
# span 13 =   48.33590,   48.33638      
# span 14 =  -46.35044,  -46.34966      
# span 15 =    32.6409,    34.9037      
# span 16 =    32.6568,    34.9203      
# span 17 =    -0.2619,     6.0827      
# span 18 =    -0.2732,     6.0779      
# span 19 =    25.6788,    27.7301      
# span 20 =    25.6920,    27.7433      
# span 21 =    6.02879,    9.03826      
# span 22 =    6.22267,    9.29278      
# span 23 =         12,        352      
# span 24 = 0.0000e+00, 0.0000e+00      
# interval = decibars: 1                
# start_time = Jul 04 2013 04:23:37 [NMEA time, header]
# bad_flag = -9.990e-29
*END*
[from data line 348]
      48327   2013.588    584.000     3.9819   3.270535     3.9816   3.271877      79.21     0.0106     2.7677     2.4758  1.9523822  1.1199306   48.33592  -46.35038    34.8857    34.9020     3.9392     3.9389    27.7018    27.7147    6.18067    6.33818         27 0.0000e+00
      48354   2014.694    583.000     3.9819   3.270474     3.9822   3.271893      96.37     0.0118     2.7679     2.4760  1.9532313  1.1208849   48.33592  -46.35039    34.8856    34.9020     3.9393     3.9396    27.7016    27.7147    6.18208    6.33518         26 0.0000e+00
      48378   2015.699    582.000     3.9824   3.270469     3.9838   3.271998      78.11     0.0128     2.7680     2.4763  1.9536511  1.1210370   48.33592  -46.35039    34.8855    34.9021     3.9399     3.9412    27.7015    27.7146    6.17825    6.33017         23 0.0000e+00
      48400   2016.615    581.000     3.9832   3.270510     3.9851   3.272077      81.98     0.0101     2.7674     2.4758  1.9546515  1.1211244   48.33592  -46.35038    34.8856    34.9022     3.9408     3.9426    27.7015    27.7145    6.17939    6.32604         20 0.0000e+00
      48419   2017.432    580.000     3.9844   3.270572     3.9858   3.272096      96.88     0.0099     2.7685     2.4760  1.9546299  1.1211364   48.33592  -46.35038    34.8856    34.9022     3.9420     3.9434    27.7014    27.7144    6.18710    6.33072         19 0.0000e+00
      48436   2018.143    579.000     3.9856   3.270641     3.9863   3.272102      96.26     0.0121     2.7685     2.4760  1.9548222  1.1219447   48.33592  -46.35038    34.8857    34.9022     3.9434     3.9440    27.7013    27.7144    6.17813    6.33096         16 0.0000e+00
      48452   2018.786    578.000     3.9875   3.270767     3.9880   3.272205      73.89     0.0092     2.7681     2.4761  1.9548229  1.1220987   48.33592  -46.35038    34.8857    34.9022     3.9453     3.9458    27.7011    27.7142    6.17576    6.32766         15 0.0000e+00
      48467   2019.410    577.000     3.9903   3.270949     3.9908   3.272390      70.73     0.0114     2.7685     2.4762  1.9548229  1.1221001   48.33592  -46.35038    34.8854    34.9020     3.9481     3.9486    27.7006    27.7137    6.17790    6.32451         15 0.0000e+00
      48483   2020.073    576.000     3.9930   3.271118     3.9946   3.272619      59.68     0.0159     2.7684     2.4759  1.9543985  1.1221001   48.33592  -46.35038    34.8851    34.9012     3.9509     3.9525    27.7000    27.7127    6.17842    6.32313         17 0.0000e+00
      48502   2020.872    575.000     3.9944   3.271206     3.9968   3.272747      82.12     0.0139     2.7688     2.4761  1.9545949  1.1221001   48.33592  -46.35039    34.8851    34.9009     3.9524     3.9548    27.6999    27.7122    6.18411    6.32571         22 0.0000e+00
      48529   2022.010    574.000     3.9946   3.271160     3.9975   3.272754      75.23     0.0113     2.7701     2.4763  1.9545728  1.1221001   48.33592  -46.35040    34.8850    34.9008     3.9526     3.9555    27.6998    27.7120    6.18891    6.32673         34 0.0000e+00
      48568   2023.608    573.000     3.9949   3.271117     3.9961   3.272590      97.20     0.0114     2.7707     2.4765  1.9550953  1.1223319   48.33592  -46.35040    34.8846    34.9008     3.9531     3.9542    27.6994    27.7122    6.17714    6.31818         38 0.0000e+00
      48598   2024.872    572.000     3.9941   3.270998     3.9954   3.272462      70.46     0.0111     2.7704     2.4758  1.9557995  1.1231323   48.33592  -46.35040    34.8846    34.9006     3.9523     3.9536    27.6995    27.7121    6.17626    6.31855         23 0.0000e+00
      48618   2025.688    571.000     3.9962   3.271091     3.9971   3.272566      87.32     0.0152     2.7708     2.4760  1.9555349  1.1231056   48.33592  -46.35040    34.8840    34.9005     3.9545     3.9554    27.6988    27.7119    6.17943    6.32002         17 0.0000e+00
      48633   2026.329    570.000     3.9984   3.271231     3.9988   3.272651      96.75     0.0166     2.7700     2.4759  1.9548041  1.1229688   48.33592  -46.35040    34.8839    34.9002     3.9567     3.9572    27.6985    27.7114    6.18014    6.31729         14 0.0000e+00
      48646   2026.889    569.000     3.9995   3.271264     3.9996   3.272668      96.52     0.0176     2.7711     2.4757  1.9548229  1.1230410   48.33592  -46.35040    34.8836    34.9002     3.9579     3.9607    27.6981    27.7113    6.18404    6.32072         13 0.0000e+00
      48659   2027.403    568.000     3.9998   3.271247     3.9995   3.272616      96.58     0.0143     2.7717     2.4762  1.9548229  1.1231188   48.33592  -46.35040    34.8837    34.9001     3.9583     3.9580    27.6981    27.7113    6.18624    6.32250         12 0.0000e+00
      48671   2027.912    567.000     4.0003   3.271232     4.0000   3.272611      20.30     0.0131     2.7717     2.4763  1.9552885  1.1235056   48.33592  -46.35040    34.8835    34.9001     3.9588     3.9585    27.6979    27.7112    6.18646    6.32082         13 0.0000e+00
      48684   2028.461    566.000     4.0008   3.271216     4.0005   3.272593      52.93     0.0111     2.7725     2.4763  1.9559357  1.1240871   48.33592  -46.35040    34.8833    34.8999     3.9594     3.9591    27.6977    27.7109    6.19139    6.32010         14 0.0000e+00
      48700   2029.131    565.000     4.0008   3.271178     4.0005   3.272554      95.03     0.0102     2.7730     2.4767  1.9558446  1.1242650   48.33592  -46.35040    34.8834    34.8999     3.9595     3.9592    27.6977    27.7110    6.19005    6.32215         18 0.0000e+00
      48737   2030.654    564.000     4.0002   3.271106     3.9999   3.272455      82.14     0.0134     2.7740     2.4770  1.9558367  1.1244713   48.33592  -46.35040    34.8836    34.9000     3.9591     3.9587    27.6980    27.7111    6.18404    6.31736         53 0.0000e+00
      48777   2032.324    563.000     3.9994   3.270992     3.9995   3.272373      97.06     0.0130     2.7744     2.4768  1.9555253  1.1244392   48.33592  -46.35040    34.8836    34.8999     3.9583     3.9584    27.6981    27.7111    6.18702    6.31759         24 0.0000e+00
      48797   2033.153    562.000     3.9996   3.270945     3.9993   3.272306      96.58     0.0171     2.7749     2.4773  1.9552958  1.1245430   48.33592  -46.35040    34.8834    34.8999     3.9586     3.9583    27.6979    27.7110    6.18554    6.32702         18 0.0000e+00
      48814   2033.854    561.000     3.9997   3.270905     3.9995   3.272269      68.12     0.0181     2.7750     2.4782  1.9552808  1.1243894   48.33591  -46.35043    34.8833    34.8998     3.9588     3.9585    27.6978    27.7109    6.17907    6.33207         16 0.0000e+00
      48829   2034.491    560.000     3.9998   3.270854     3.9997   3.272244      75.42     0.0164     2.7745     2.4787  1.9548293  1.1243795   48.33590  -46.35044    34.8832    34.8998     3.9589     3.9588    27.6977    27.7109    6.17382    6.32792         15 0.0000e+00
      48844   2035.131    559.000     3.9998   3.270820     3.9998   3.272214      95.99     0.0148     2.7746     2.4788  1.9548229  1.1245384   48.33592  -46.35042    34.8833    34.8998     3.9590     3.9590    27.6978    27.7109    6.17636    6.32509         16 0.0000e+00
      48861   2035.827    558.000     3.9999   3.270777     3.9997   3.272158      96.58     0.0163     2.7745     2.4793  1.9551789  1.1245421   48.33592  -46.35041    34.8832    34.8998     3.9592     3.9590    27.6977    27.7109    6.17389    6.32651         17 0.0000e+00
      48880   2036.613    557.000     3.9998   3.270727     3.9997   3.272106      83.17     0.0127     2.7741     2.4796  1.9561776  1.1244186   48.33592  -46.35040    34.8833    34.8997     3.9592     3.9590    27.6977    27.7108    6.17684    6.32694         20 0.0000e+00
      48899   2037.433    556.000     3.9996   3.270658     3.9994   3.272028      69.30     0.0098     2.7749     2.4802  1.9559103  1.1245446   48.33592  -46.35040    34.8832    34.8997     3.9590     3.9588    27.6977    27.7108    6.18934    6.32540         19 0.0000e+00
      48919   2038.237    555.000     3.9993   3.270576     3.9986   3.271893      91.79     0.0095     2.7758     2.4803  1.9550594  1.1247885   48.33592  -46.35040    34.8830    34.8994     3.9588     3.9597    27.6976    27.7107    6.18512    6.32421         20 0.0000e+00
      48939   2039.069    554.000     3.9989   3.270486     3.9983   3.271821      53.61     0.0133     2.7757     2.4807  1.9548843  1.1247749   48.33592  -46.35040    34.8830    34.8994     3.9585     3.9579    27.6976    27.7107    6.17916    6.32531         21 0.0000e+00
      48962   2040.039    553.000     3.9987   3.270428     3.9982   3.271772      59.48     0.0141     2.7760     2.4807  1.9556034  1.1253726   48.33592  -46.35040    34.8830    34.8994     3.9584     3.9579    27.6976    27.7107    6.18125    6.32211         26 0.0000e+00
      48990   2041.212    552.000     3.9988   3.270393     3.9981   3.271706      93.46     0.0123     2.7765     2.4811  1.9559184  1.1257643   48.33592  -46.35042    34.8830    34.8993     3.9586     3.9578    27.6976    27.7106    6.18114    6.32518         29 0.0000e+00
      49018   2042.360    551.000     3.9987   3.270346     3.9978   3.271622      66.68     0.0119     2.7765     2.4816  1.9543447  1.1257632   48.33592  -46.35042    34.8830    34.8992     3.9586     3.9576    27.6976    27.7105    6.17830    6.32490         26 0.0000e+00
      49041   2043.343    550.000     3.9983   3.270253     3.9977   3.271564      96.86     0.0131     2.7769     2.4817  1.9540642  1.1257632   48.33592  -46.35040    34.8829    34.8991     3.9582     3.9576    27.6976    27.7105    6.17732    6.32105         21 0.0000e+00
      49061   2044.172    549.000     3.9977   3.270150     3.9975   3.271513      96.55     0.0129     2.7765     2.4816  1.9543104  1.1257632   48.33592  -46.35042    34.8828    34.8992     3.9577     3.9575    27.6975    27.7106    6.17732    6.31928         19 0.0000e+00
      49078   2044.883    548.000     3.9976   3.270078     3.9974   3.271444      54.61     0.0169     2.7765     2.4817  1.9545891  1.1257632   48.33592  -46.35042    34.8826    34.8991     3.9577     3.9574    27.6974    27.7105    6.18249    6.31802         16 0.0000e+00
      49094   2045.539    547.000     3.9976   3.270018     3.9975   3.271399      73.08     0.0162     2.7774     2.4817  1.9545788  1.1257632   48.33592  -46.35042    34.8825    34.8990     3.9577     3.9576    27.6972    27.7104    6.18623    6.30966         15 0.0000e+00
      49109   2046.169    546.000     3.9976   3.269969     3.9974   3.271351      96.57     0.0154     2.7782     2.4808  1.9544152  1.1257632   48.33592  -46.35042    34.8824    34.8990     3.9578     3.9576    27.6972    27.7104    6.18935    6.30767         15 0.0000e+00
      49125   2046.823    545.000     3.9976   3.269927     3.9974   3.271306      69.58     0.0134     2.7785     2.4809  1.9546746  1.1257632   48.33592  -46.35042    34.8825    34.8990     3.9579     3.9577    27.6972    27.7104    6.18525    6.31998         16 0.0000e+00
      49142   2047.522    544.000     3.9975   3.269881     3.9974   3.271265      75.41     0.0121     2.7786     2.4814  1.9544835  1.1257632   48.33592  -46.35042    34.8825    34.8990     3.9579     3.9578    27.6972    27.7104    6.18628    6.32585         18 0.0000e+00
      49160   2048.299    543.000     3.9975   3.269837     3.9973   3.271217      96.21     0.0139     2.7795     2.4821  1.9548172  1.1255831   48.33592  -46.35042    34.8825    34.8991     3.9580     3.9578    27.6973    27.7104    6.18991    6.32658         20 0.0000e+00
      49184   2049.292    542.000     3.9974   3.269782     3.9972   3.271157      90.79     0.0141     2.7802     2.4825  1.9548229  1.1257558   48.33592  -46.35040    34.8826    34.8990     3.9579     3.9577    27.6973    27.7104    6.19124    6.31552         29 0.0000e+00
      49219   2050.741    541.000     3.9972   3.269725     3.9969   3.271087      58.10     0.0122     2.7809     2.4819  1.9547892  1.1257632   48.33592  -46.35040    34.8826    34.8990     3.9578     3.9584    27.6973    27.7104    6.18185    6.31331         37 0.0000e+00
      49249   2052.012    540.000     3.9971   3.269652     3.9969   3.271033      85.46     0.0082     2.7806     2.4825  1.9541047  1.1257632   48.33592  -46.35040    34.8824    34.8989     3.9578     3.9576    27.6972    27.7103    6.17832    6.32436         23 0.0000e+00
      49268   2052.805    539.000     3.9971   3.269608     3.9969   3.270995      96.76     0.0101     2.7806     2.4830  1.9535936  1.1257632   48.33592  -46.35041    34.8823    34.8990     3.9579     3.9615    27.6971    27.7104    6.18226    6.32132         17 0.0000e+00
      49284   2053.452    538.000     3.9970   3.269557     3.9969   3.270947      96.55     0.0122     2.7810     2.4831  1.9536020  1.1257632   48.33592  -46.35042    34.8823    34.8990     3.9579     3.9577    27.6971    27.7104    6.18479    6.31696         15 0.0000e+00
      49298   2054.058    537.000     3.9971   3.269520     3.9969   3.270903      96.58     0.0128     2.7809     2.4831  1.9544668  1.1257632   48.33592  -46.35042    34.8824    34.8990     3.9580     3.9601    27.6971    27.7104    6.18248    6.31355         14 0.0000e+00
      49313   2054.669    536.000     3.9971   3.269475     3.9969   3.270857      81.24     0.0120     2.7812     2.4831  1.9548244  1.1257632   48.33592  -46.35042    34.8823    34.8990     3.9581     3.9578    27.6971    27.7104    6.18183    6.30770         15 0.0000e+00
      49329   2055.338    535.000     3.9969   3.269397     3.9966   3.270784      61.25     0.0117     2.7815     2.4825  1.9548229  1.1257632   48.33592  -46.35042    34.8822    34.8989     3.9580     3.9577    27.6970    27.7103    6.17978    6.30500         17 0.0000e+00
      49347   2056.082    534.000     3.9967   3.269334     3.9964   3.270702      96.50     0.0119     2.7813     2.4825  1.9546945  1.1257632   48.33592  -46.35040    34.8822    34.8987     3.9578     3.9575    27.6970    27.7102    6.18203    6.31192         19 0.0000e+00
      49368   2056.952    533.000     3.9964   3.269273     3.9961   3.270643      78.96     0.0101     2.7819     2.4827  1.9548221  1.1257632   48.33592  -46.35040    34.8823    34.8988     3.9577     3.9573    27.6971    27.7103    6.18756    6.32255         23 0.0000e+00
      49395   2058.077    532.000     3.9964   3.269232     3.9958   3.270561      51.91     0.0110     2.7825     2.4842  1.9547838  1.1257632   48.33592  -46.35040    34.8823    34.8987     3.9577     3.9571    27.6971    27.7102    6.18186    6.32806         31 0.0000e+00
      49425   2059.314    531.000     3.9964   3.269182     3.9956   3.270492      97.04     0.0123     2.7826     2.4854  1.9548243  1.1257632   48.33592  -46.35040    34.8823    34.8986     3.9578     3.9570    27.6971    27.7102    6.18335    6.32752         26 0.0000e+00
      49448   2060.277    530.000     3.9961   3.269107     3.9956   3.270436      56.66     0.0145     2.7827     2.4857  1.9546437  1.1257632   48.33592  -46.35040    34.8822    34.8985     3.9576     3.9570    27.6971    27.7101    6.18326    6.31878         21 0.0000e+00
      49468   2061.114    529.000     3.9959   3.269035     3.9959   3.270420      96.33     0.0192     2.7837     2.4857  1.9546397  1.1257632   48.33592  -46.35040    34.8821    34.8985     3.9574     3.9590    27.6970    27.7100    6.19004    6.32244         20 0.0000e+00
      49487   2061.922    528.000     3.9962   3.269010     3.9964   3.270423      96.24     0.0200     2.7839     2.4863  1.9546947  1.1257632   48.33592  -46.35041    34.8821    34.8985     3.9578     3.9597    27.6969    27.7100    6.18585    6.32510         19 0.0000e+00
