data/CTD/2013/CNV/U021A003.CNV
* Sea-Bird SBE 9 Data File:
* FileName = C:\CTD_ACQUISITION\2013021HUD\ctddata\021A003.hdr
* Software Version Seasave V 7.22.2
* Temperature SN = 5081
* Conductivity SN = 3561
* Number of Bytes Per Scan = 37
* Number of Voltage Words = 4
* Number of Scans Averaged by the Deck Unit = 1
* NMEA Latitude = 44 16.04 N
* NMEA Longitude = 063 19.10 W
* NMEA UTC (Time) = Jun 28 2013 23:37:56
* NMEA baud rate = 9600
** Ship: Hudson
** Cruise: HUD2013021
** Chief_Scientist: Greenan
** Organization: BIO
** Area_of_Operation: Sackville Spur
** Station: 3
** Sounding:  141
** Event_Comments: HL2  393103
# nquan = 25
# nvalues = 146                         
# units = specified
# name 0 = scan: Scan Count
# name 1 = timeS: Time, Elapsed [seconds]
# name 2 = prDM: Pressure, Digiquartz [db]
# name 3 = t068C: Temperature [ITS-68, deg C]
# name 4 = c0S/m: Conductivity [S/m]
# name 5 = t168C: Temperature, 2 [ITS-68, deg C]
# name 6 = c1S/m: Conductivity, 2 [S/m]
# name 7 = altM: Altimeter [m]
# name 8 = flCUVA: Fluorescence, Chelsea UV Aquatracka [ug/l]
# name 9 = sbeox0V: Oxygen raw, SBE 43 [V]
# name 10 = sbeox1V: Oxygen raw, SBE 43, 2 [V]
# name 11 = upoly0: Upoly 0, Optode 4330F - O2 D-Phase
# name 12 = upoly1: Upoly 1, Optode 4330F - O2 Temp
# name 13 = latitude: Latitude [deg]
# name 14 = longitude: Longitude [deg]
# name 15 = sal00: Salinity, Practical [PSU]
# name 16 = sal11: Salinity, Practical, 2 [PSU]
# name 17 = potemp068C: Potential Temperature [ITS-68, deg C]
# name 18 = potemp168C: Potential Temperature, 2 [ITS-68, deg C]
# name 19 = sigma-é00: Density [sigma-theta, Kg/m^3]
# name 20 = sigma-é11: Density, 2 [sigma-theta, Kg/m^3]
# name 21 = sbeox0ML/L: Oxygen, SBE 43 [ml/l], WS = 2
# name 22 = sbeox1ML/L: Oxygen, SBE 43, 2 [ml/l], WS = 2
# name 23 = nbin: number of scans per bin
# name 24 = flag: flag
# span 0 =      19293,      28682       
# span 1 =    803.814,   1195.033       
# span 2 =      1.000,    146.000       
# span 3 =     3.6075,    13.2930       
# span 4 =   2.965975,   3.704528       
# span 5 =     3.6057,    13.3620       
# span 6 =   2.967855,   3.711725       
# span 7 =       9.00,     104.83       
# span 8 =     0.0234,     0.2229       
# span 9 =     2.0787,     3.5106       
# span 10 =     1.8289,     3.1539      
# span 11 =  1.6000422,  2.3424227      
# span 12 =  1.0929184,  2.2821510      
# span 13 =   44.26540,   44.26613      
# span 14 =  -63.32142,  -63.31998      
# span 15 =    31.0472,    34.5087      
# span 16 =    31.0611,    34.5268      
# span 17 =     3.6055,    13.2929      
# span 18 =     3.6038,    13.3617      
# span 19 =    23.2764,    26.6916      
# span 20 =    23.2736,    26.7009      
# span 21 =    3.47260,    7.71768      
# span 22 =    3.55779,    8.02598      
# span 23 =         21,        683      
# span 24 = 0.0000e+00, 0.0000e+00      
# interval = decibars: 1                
# start_time = Jun 28 2013 23:37:56 [NMEA time, header]
# bad_flag = -9.990e-29
*END*
[from data line 116]
      26442   1101.723     30.000     3.6351   2.967220     3.6264   2.969045      79.49     0.1817     3.3167     2.9732  1.8242123  1.1019129   44.26560  -63.32100    31.9286    31.9590     3.6332     3.6246    25.3783    25.4033    7.51822    7.67158         47 0.0000e+00
      26469   1102.836     29.000     3.6427   2.965975     3.6575   2.967855      71.10     0.1934     3.3284     2.9874  1.8214670  1.1007359   44.26559  -63.32101    31.9069    31.9147     3.6410     3.6557    25.3603    25.3651    7.65136    7.82924         23 0.0000e+00
      26492   1103.807     28.000     3.7597   2.972568     3.8042   2.977361      87.46     0.1970     3.3448     3.0047  1.8205841  1.1001397   44.26558  -63.32102    31.8711    31.8844     3.7580     3.8024    25.3209    25.3273    7.65554    7.82405         27 0.0000e+00
      26560   1106.645     27.000     3.8941   2.983821     3.7890   2.977293      80.11     0.2007     3.3756     3.0157  1.8106270  1.0991966   44.26558  -63.32102    31.8734    31.8993     3.8921     3.7873    25.3102    25.3406    7.64100    7.70978         89 0.0000e+00
      26608   1108.604     26.000     3.9790   2.989153     3.9351   2.987773      76.49     0.2077     3.3836     3.0296  1.8052412  1.0968595   44.26558  -63.32104    31.8542    31.8807     3.9773     3.9334    25.2867    25.3119    7.65431    7.91226         22 0.0000e+00
      26628   1109.452     25.000     4.2246   3.006814     4.2486   3.010098      95.69     0.2000     3.3957     3.0467  1.8034766  1.0929184   44.26558  -63.32104    31.8237    31.8388     4.2229     4.2470    25.2385    25.2481    7.71462    7.90671         22 0.0000e+00
      26681   1111.654     24.000     4.5147   3.029728     4.3261   3.016875      80.09     0.1934     3.4192     3.0595  1.7939659  1.1059920   44.26556  -63.32104    31.8109    31.8436     4.5131     4.3245    25.1990    25.2440    7.62665    7.75936         93 0.0000e+00
      26748   1114.447     23.000     4.6103   3.037182     4.3271   3.016892      96.69     0.1916     3.4255     3.0673  1.7876831  1.1245992   44.26556  -63.32106    31.8060    31.8432     4.6087     4.3256    25.1854    25.2437    7.57939    7.92419         26 0.0000e+00
      26769   1115.334     22.000     4.8175   3.051140     4.7762   3.049063      95.01     0.1967     3.4329     3.0894  1.7878244  1.1125712   44.26556  -63.32106    31.7689    31.7845     4.8160     4.7747    25.1343    25.1509    7.69726    8.02598         22 0.0000e+00
      26797   1116.509     21.000     5.1913   3.077949     5.1597   3.077611      74.31     0.2084     3.4613     3.1190  1.7804006  1.1137264   44.26556  -63.32108    31.7203    31.7464     5.1897     5.1582    25.0552    25.0793    7.71768    7.93772         39 0.0000e+00
      26868   1119.440     20.000     5.4591   3.099963     5.0118   3.068169      99.11     0.2097     3.4786     3.1257  1.7616220  1.1581228   44.26555  -63.32108    31.7172    31.7799     5.4576     5.0104    25.0229    25.1221    7.48352    7.65047         77 0.0000e+00
      26912   1121.310     19.000     5.5889   3.107987     5.4289   3.098607      66.21     0.2039     3.4621     3.1021  1.7593347  1.1615549   44.26554  -63.32110    31.6859    31.7308     5.5874     5.4275    24.9832    25.0369    7.38508    7.68229         29 0.0000e+00
      26939   1122.403     18.000     6.1454   3.148879     6.3642   3.164880      95.74     0.2104     3.4583     3.1187  1.7557095  1.1612630   44.26554  -63.32110    31.6229    31.5968     6.1439     6.3627    24.8674    24.8200    7.39069    7.64948         27 0.0000e+00
      26976   1123.967     17.000     6.6882   3.190086     7.0169   3.216210      71.88     0.2223     3.4815     3.1297  1.7433408  1.1765634   44.26554  -63.32110    31.5752    31.5581     6.6868     7.0154    24.7624    24.7062    7.41716    7.45148         53 0.0000e+00
      27036   1126.449     16.000     7.1237   3.223066     7.0881   3.222605      81.08     0.2229     3.4817     3.1158  1.7239525  1.2587646   44.26554  -63.32112    31.5354    31.5631     7.1223     7.0867    24.6748    24.7012    7.13013    7.30009         55 0.0000e+00
      27082   1128.380     15.000     7.2113   3.227885     7.3839   3.243054      83.99     0.2179     3.4657     3.1121  1.7209809  1.2975391   44.26553  -63.32112    31.5081    31.5146     7.2099     7.3825    24.6416    24.6228    7.23999    7.45990         42 0.0000e+00
      27120   1129.965     14.000     7.9257   3.278014     8.2106   3.303486      96.14     0.2174     3.4969     3.1539  1.7124368  1.2824458   44.26552  -63.32113    31.3988    31.4129     7.9244     8.2093    24.4574    24.4282    7.31310    7.42027         35 0.0000e+00
      27159   1131.574     13.000     8.3936   3.318421     8.5346   3.330349      79.53     0.2116     3.5106     3.1261  1.6910537  1.3276267   44.26552  -63.32114    31.4070    31.4069     8.3923     8.5334    24.3969    24.3763    7.02425    6.93782         49 0.0000e+00
      27222   1134.216     12.000     8.5887   3.333109     8.7484   3.345828      79.89     0.2110     3.4687     3.0819  1.6712049  1.4591570   44.26552  -63.32114    31.3919    31.3785     8.5875     8.7472    24.3550    24.3221    6.97661    7.16447         56 0.0000e+00
      27258   1135.707     11.000     9.3275   3.385927     9.7979   3.422419      77.65     0.2046     3.4923     3.1172  1.6805923  1.5036075   44.26552  -63.32116    31.2830    31.2450     9.3263     9.7967    24.1586    24.0538    6.81231    6.82632         29 0.0000e+00
      27289   1137.020     10.000    10.2406   3.457310    10.9364   3.515280      89.10     0.1821     3.4495     3.0500  1.6638997  1.5055374   44.26552  -63.32116    31.2145    31.1955    10.2395    10.9352    23.9579    23.8255    6.41823    6.24878         41 0.0000e+00
      27351   1139.601      9.000    10.9120   3.513812    10.7407   3.502098      84.60     0.1784     3.3650     3.0024  1.6163534  1.6177248   44.26552  -63.32117    31.2028    31.2320    10.9110    10.7397    23.8363    23.8885    6.24869    6.70730         60 0.0000e+00
      27387   1141.068      8.000    12.0043   3.595131    11.9362   3.594759      53.14     0.1686     3.3673     3.0319  1.6120410  1.7174391   44.26552  -63.32118    31.0746    31.1278    12.0033    11.9352    23.5416    23.5949    6.19192    6.35750         26 0.0000e+00
      27417   1142.342      7.000    12.6574   3.653526    12.9804   3.681139      56.87     0.1532     3.3533     3.0040  1.6101629  1.7561343   44.26550  -63.32118    31.0904    31.0848    12.6565    12.9795    23.4321    23.3654    6.02287    6.12215         45 0.0000e+00
      27488   1145.281      6.000    12.7844   3.665273    11.6401   3.573334     104.83     0.1424     3.3242     2.9773  1.6085379  1.9143735   44.26550  -63.32121    31.0973    31.1708    12.7836    11.6394    23.4134    23.6828    5.98456    6.35823         61 0.0000e+00
      27517   1146.511      5.000    13.0118   3.680634    13.0087   3.682904      80.46     0.1378     3.3231     2.9834  1.6078293  1.9169203   44.26550  -63.32120    31.0555    31.0793    13.0111    13.0080    23.3374    23.3564    5.95670    6.15702         26 0.0000e+00
      27571   1148.750      4.000    13.2444   3.701251    13.0935   3.689865      80.23     0.1381     3.3218     2.9778  1.6010543  1.9469981   44.26550  -63.32121    31.0585    31.0788    13.2438    13.0930    23.2946    23.3395    5.93564    6.14734         97 0.0000e+00
      27646   1151.856      3.000    13.2531   3.701376    13.0692   3.687033      84.34     0.1374     3.3162     2.9788  1.6197937  2.0707843   44.26549  -63.32122    31.0530    31.0692    13.2527    13.0688    23.2886    23.3369    5.94508    6.16063         38 0.0000e+00
      28411   1183.767      2.000    13.2914   3.704097    13.3620   3.711725      74.01     0.1352     3.3293     2.9694  1.6000422  2.2795188   44.26543  -63.32137    31.0472    31.0611    13.2915    13.3617    23.2764    23.2736    5.94404    6.07288        683 0.0000e+00
      28682   1195.033      1.000    13.2930   3.704528    13.3027   3.706722      84.44     0.1291     3.2950     2.8054  1.6026430  2.2821510   44.26540  -63.32142    31.0506    31.0631    13.2929    13.3026    23.2789    23.2867    5.88122    5.23169         27 0.0000e+00
