data/CTD/2013/CNV/U021A003.CNV
* Sea-Bird SBE 9 Data File:
* FileName = C:\CTD_ACQUISITION\2013021HUD\ctddata\021A003.hdr
* Software Version Seasave V 7.22.2
* Temperature SN = 5081
* Conductivity SN = 3561
* Number of Bytes Per Scan = 37
* Number of Voltage Words = 4
* Number of Scans Averaged by the Deck Unit = 1
* NMEA Latitude = 44 16.04 N
* NMEA Longitude = 063 19.10 W
* NMEA UTC (Time) = Jun 28 2013 23:37:56
* NMEA baud rate = 9600
** Ship: Hudson
** Cruise: HUD2013021
** Chief_Scientist: Greenan
** Organization: BIO
** Area_of_Operation: Sackville Spur
** Station: 3
** Sounding:  141
** Event_Comments: HL2  393103
# nquan = 25
# nvalues = 146                         
# units = specified
# name 0 = scan: Scan Count
# name 1 = timeS: Time, Elapsed [seconds]
# name 2 = prDM: Pressure, Digiquartz [db]
# name 3 = t068C: Temperature [ITS-68, deg C]
# name 4 = c0S/m: Conductivity [S/m]
# name 5 = t168C: Temperature, 2 [ITS-68, deg C]
# name 6 = c1S/m: Conductivity, 2 [S/m]
# name 7 = altM: Altimeter [m]
# name 8 = flCUVA: Fluorescence, Chelsea UV Aquatracka [ug/l]
# name 9 = sbeox0V: Oxygen raw, SBE 43 [V]
# name 10 = sbeox1V: Oxygen raw, SBE 43, 2 [V]
# name 11 = upoly0: Upoly 0, Optode 4330F - O2 D-Phase
# name 12 = upoly1: Upoly 1, Optode 4330F - O2 Temp
# name 13 = latitude: Latitude [deg]
# name 14 = longitude: Longitude [deg]
# name 15 = sal00: Salinity, Practical [PSU]
# name 16 = sal11: Salinity, Practical, 2 [PSU]
# name 17 = potemp068C: Potential Temperature [ITS-68, deg C]
# name 18 = potemp168C: Potential Temperature, 2 [ITS-68, deg C]
# name 19 = sigma-é00: Density [sigma-theta, Kg/m^3]
# name 20 = sigma-é11: Density, 2 [sigma-theta, Kg/m^3]
# name 21 = sbeox0ML/L: Oxygen, SBE 43 [ml/l], WS = 2
# name 22 = sbeox1ML/L: Oxygen, SBE 43, 2 [ml/l], WS = 2
# name 23 = nbin: number of scans per bin
# name 24 = flag: flag
# span 0 =      19293,      28682       
# span 1 =    803.814,   1195.033       
# span 2 =      1.000,    146.000       
# span 3 =     3.6075,    13.2930       
# span 4 =   2.965975,   3.704528       
# span 5 =     3.6057,    13.3620       
# span 6 =   2.967855,   3.711725       
# span 7 =       9.00,     104.83       
# span 8 =     0.0234,     0.2229       
# span 9 =     2.0787,     3.5106       
# span 10 =     1.8289,     3.1539      
# span 11 =  1.6000422,  2.3424227      
# span 12 =  1.0929184,  2.2821510      
# span 13 =   44.26540,   44.26613      
# span 14 =  -63.32142,  -63.31998      
# span 15 =    31.0472,    34.5087      
# span 16 =    31.0611,    34.5268      
# span 17 =     3.6055,    13.2929      
# span 18 =     3.6038,    13.3617      
# span 19 =    23.2764,    26.6916      
# span 20 =    23.2736,    26.7009      
# span 21 =    3.47260,    7.71768      
# span 22 =    3.55779,    8.02598      
# span 23 =         21,        683      
# span 24 = 0.0000e+00, 0.0000e+00      
# interval = decibars: 1                
# start_time = Jun 28 2013 23:37:56 [NMEA time, header]
# bad_flag = -9.990e-29
*END*
[from data line 58]
      23799    991.586     88.000     4.7422   3.149572     4.7635   3.153284      59.24     0.0386     2.7577     2.4495  2.0257213  1.2892749   44.26582  -63.32055    32.9458    32.9676     4.7359     4.7572    26.0760    26.0910    5.69344    5.80252         46 0.0000e+00
      23848    993.618     87.000     4.6442   3.138561     4.6939   3.145268      84.25     0.0390     2.7523     2.4478  2.0211725  1.2842766   44.26582  -63.32056    32.9159    32.9444     4.6381     4.6877    26.0628    26.0801    5.74275    5.84850         47 0.0000e+00
      23900    995.788     86.000     4.6216   3.136002     4.6441   3.139497      89.26     0.0388     2.7690     2.4637  2.0224919  1.2737075   44.26582  -63.32056    32.9091    32.9275     4.6155     4.6380    26.0599    26.0720    5.88857    5.97510         62 0.0000e+00
      23952    997.961     85.000     4.5039   3.125009     4.5893   3.133420      98.18     0.0374     2.7957     2.4806  2.0200121  1.2644126   44.26582  -63.32058    32.8988    32.9119     4.4979     4.5833    26.0641    26.0654    5.99794    6.02212         33 0.0000e+00
      23978    999.044     84.000     4.3937   3.110941     4.4686   3.119775      65.98     0.0380     2.8093     2.4912  2.0231068  1.2573725   44.26580  -63.32058    32.8449    32.8735     4.3879     4.4628    26.0328    26.0477    6.07447    6.13048         26 0.0000e+00
      24026   1001.035     83.000     4.4758   3.118025     4.4659   3.118340      88.08     0.0473     2.8382     2.5167  2.0221748  1.2443200   44.26580  -63.32059    32.8464    32.8599     4.4700     4.4602    26.0254    26.0372    6.10586    6.17663         82 0.0000e+00
      24094   1003.860     82.000     4.5323   3.123253     4.4893   3.120675      98.14     0.0533     2.8584     2.5342  2.0176349  1.2229155   44.26580  -63.32060    32.8518    32.8644     4.5265     4.4836    26.0238    26.0383    6.05677    6.14457         32 0.0000e+00
      24118   1004.879     81.000     4.5991   3.128680     4.5856   3.128663      78.15     0.0535     2.8631     2.5395  2.0159359  1.2245637   44.26580  -63.32060    32.8491    32.8622     4.5933     4.5799    26.0146    26.0264    6.11474    6.20266         27 0.0000e+00
      24189   1007.821     80.000     4.6009   3.129188     4.5938   3.129782      63.63     0.0575     2.8911     2.5674  2.0105100  1.2235686   44.26579  -63.32062    32.8536    32.8674     4.5953     4.5882    26.0179    26.0296    6.18684    6.27988         99 0.0000e+00
      24244   1010.144     79.000     4.6084   3.128967     4.6078   3.130517      98.44     0.0595     2.9008     2.5765  2.0077815  1.2183291   44.26578  -63.32062    32.8441    32.8625     4.6028     4.6024    26.0096    26.0242    6.12497    6.19323         23 0.0000e+00
      24267   1011.065     78.000     4.6504   3.131575     4.6342   3.131864      75.54     0.0656     2.8991     2.5733  2.0055149  1.2114166   44.26578  -63.32062    32.8333    32.8527     4.6449     4.6287    25.9965    26.0137    6.11471    6.20202         25 0.0000e+00
      24318   1013.221     77.000     4.6886   3.134731     4.6924   3.136434      67.00     0.0722     2.8994     2.5839  1.9990388  1.2159476   44.26578  -63.32063    32.8326    32.8486     4.6831     4.6869    25.9919    26.0042    6.11595    6.27456         82 0.0000e+00
      24378   1015.700     76.000     4.6670   3.132571     4.6510   3.131894      84.72     0.0707     2.8994     2.5882  1.9885104  1.2206323   44.26578  -63.32064    32.8294    32.8375     4.6616     4.6456    25.9916    25.9998    6.10865    6.20756         27 0.0000e+00
      24399   1016.563     75.000     4.5628   3.120443     4.5121   3.116320      97.40     0.0682     2.8982     2.5848  1.9846232  1.2197928   44.26578  -63.32064    32.7923    32.7945     4.5576     4.5069    25.9732    25.9803    6.12438    6.23964         21 0.0000e+00
      24448   1018.616     74.000     4.3645   3.099500     4.4356   3.108883      77.10     0.0701     2.9020     2.5880  1.9773284  1.2179350   44.26577  -63.32066    32.7453    32.7820     4.3594     4.4305    25.9566    25.9786    6.20511    6.30620         92 0.0000e+00
      24520   1021.618     73.000     4.3009   3.093072     4.5278   3.118147      79.01     0.0739     2.9146     2.5982  1.9639574  1.2017834   44.26576  -63.32066    32.7339    32.8015     4.2959     4.5227    25.9541    25.9842    6.27748    6.33507         30 0.0000e+00
      24544   1022.607     72.000     4.2151   3.083660     4.2880   3.092220      86.87     0.0704     2.9196     2.6021  1.9629083  1.2093673   44.26576  -63.32068    32.7086    32.7372     4.2103     4.2831    25.9427    25.9581    6.29839    6.40125         25 0.0000e+00
      24578   1024.029     71.000     4.2357   3.084481     4.2848   3.090261      85.48     0.0715     2.9263     2.6096  1.9612834  1.2120301   44.26576  -63.32068    32.6990    32.7179     4.2309     4.2800    25.9330    25.9430    6.31538    6.42836         49 0.0000e+00
      24643   1026.737     70.000     4.3414   3.093961     4.3289   3.094419      98.68     0.0811     2.9407     2.6219  1.9580528  1.1949208   44.26574  -63.32070    32.7057    32.7233     4.3366     4.3241    25.9275    25.9429    6.33916    6.44018         61 0.0000e+00
      24684   1028.439     69.000     4.3762   3.096567     4.3983   3.099373      79.06     0.0842     2.9473     2.6273  1.9558250  1.1861508   44.26574  -63.32070    32.7025    32.7129     4.3714     4.3935    25.9215    25.9274    6.30908    6.43955         35 0.0000e+00
      24720   1029.951     68.000     4.3501   3.092835     4.3789   3.096688      90.75     0.0855     2.9466     2.6305  1.9536788  1.1867108   44.26574  -63.32070    32.6848    32.7012     4.3454     4.3743    25.9101    25.9201    6.30227    6.44437         37 0.0000e+00
      24757   1031.495     67.000     4.2868   3.085560     4.3294   3.091403      85.29     0.0875     2.9521     2.6374  1.9492608  1.1868129   44.26574  -63.32071    32.6631    32.6891     4.2823     4.3249    25.8992    25.9156    6.38530    6.51505         37 0.0000e+00
      24802   1033.365     66.000     4.2398   3.079951     4.2179   3.078130      94.29     0.0943     2.9655     2.6501  1.9471335  1.1867701   44.26573  -63.32072    32.6421    32.6447     4.2362     4.2135    25.8873    25.8916    6.44832    6.57764         55 0.0000e+00
      24852   1035.457     65.000     4.0949   3.065462     4.0867   3.065398      75.66     0.1030     2.9802     2.6617  1.9424769  1.1807916   44.26572  -63.32072    32.6186    32.6260     4.0906     4.0824    25.8832    25.8899    6.49879    6.61246         38 0.0000e+00
      24882   1036.697     64.000     3.9671   3.049948     3.9917   3.053858      80.93     0.0949     2.9876     2.6678  1.9438689  1.1745702   44.26572  -63.32073    32.5632    32.5850     3.9629     3.9875    25.8518    25.8667    6.54653    6.66645         27 0.0000e+00
      24911   1037.921     63.000     3.9608   3.047608     3.9737   3.050602      92.21     0.0917     2.9954     2.6761  1.9441643  1.1701090   44.26572  -63.32074    32.5424    32.5647     3.9568     3.9696    25.8358    25.8523    6.56924    6.70465         35 0.0000e+00
      24967   1040.240     62.000     3.9740   3.048424     3.9843   3.050889      88.47     0.0973     3.0125     2.6919  1.9397800  1.1578817   44.26572  -63.32074    32.5395    32.5583     3.9699     3.9803    25.8322    25.8462    6.62666    6.74628         69 0.0000e+00
      25017   1042.340     61.000     3.9985   3.049891     3.9996   3.051597      64.56     0.0981     3.0269     2.7027  1.9339337  1.1505305   44.26572  -63.32076    32.5329    32.5520     3.9945     3.9956    25.8246    25.8397    6.62545    6.72456         33 0.0000e+00
      25048   1043.605     60.000     4.0448   3.053396     4.0356   3.053652      82.88     0.0945     3.0296     2.7040  1.9297367  1.1468318   44.26570  -63.32076    32.5288    32.5410     4.0409     4.0316    25.8168    25.8274    6.59260    6.71115         32 0.0000e+00
      25092   1045.439     59.000     4.0472   3.052379     4.0474   3.053392      87.22     0.0906     3.0338     2.7097  1.9265056  1.1495333   44.26570  -63.32077    32.5149    32.5267     4.0434     4.0435    25.8055    25.8148    6.63368    6.77016         64 0.0000e+00
      25166   1048.532     58.000     4.0436   3.051498     4.0433   3.053282      68.54     0.0914     3.0523     2.7291  1.9179237  1.1488078   44.26570  -63.32078    32.5087    32.5301     4.0398     4.0395    25.8009    25.8180    6.70214    6.83361         57 0.0000e+00
      25200   1049.965     57.000     3.9865   3.044826     4.0152   3.049106      98.10     0.0936     3.0574     2.7344  1.9156131  1.1464831   44.26570  -63.32078    32.4871    32.5091     3.9828     4.0115    25.7894    25.8040    6.69050    6.82802         28 0.0000e+00
      25227   1051.085     56.000     3.9337   3.037462     3.9557   3.041137      97.73     0.0956     3.0602     2.7370  1.9131752  1.1459194   44.26568  -63.32080    32.4530    32.4746     3.9301     3.9521    25.7674    25.7824    6.71486    6.83718         28 0.0000e+00
      25278   1053.200     55.000     3.9376   3.036410     3.9511   3.038926      75.16     0.1097     3.0677     2.7440  1.9094081  1.1420982   44.26568  -63.32080    32.4373    32.4536     3.9340     3.9476    25.7545    25.7662    6.73964    6.87492         87 0.0000e+00
      25352   1056.276     54.000     3.9568   3.037746     3.9522   3.039006      70.87     0.1191     3.0764     2.7525  1.9063640  1.1345568   44.26568  -63.32082    32.4345    32.4540     3.9533     3.9488    25.7504    25.7663    6.72506    6.84890         35 0.0000e+00
      25376   1057.271     53.000     3.9628   3.036104     3.9591   3.037081      95.77     0.1177     3.0759     2.7513  1.9010969  1.1330885   44.26568  -63.32082    32.4098    32.4249     3.9593     3.9557    25.7302    25.7426    6.72197    6.87092         24 0.0000e+00
      25405   1058.516     52.000     3.9203   3.030592     3.8685   3.026073      81.74     0.1267     3.0786     2.7566  1.8982353  1.1330892   44.26568  -63.32082    32.3873    32.3841     3.9170     3.8652    25.7164    25.7188    6.76881    6.95145         43 0.0000e+00
      25482   1061.703     51.000     3.8449   3.022476     3.8789   3.028043      57.93     0.1334     3.0952     2.7762  1.8915342  1.1309834   44.26566  -63.32084    32.3664    32.3989     3.8417     3.8756    25.7070    25.7296    6.88764    7.00822         72 0.0000e+00
      25517   1063.168     50.000     3.8014   3.017017     3.8008   3.017930      40.70     0.1305     3.1097     2.7835  1.8858523  1.1280764   44.26566  -63.32084    32.3454    32.3567     3.7982     3.7977    25.6944    25.7035    6.91496    7.04227         29 0.0000e+00
      25558   1064.885     49.000     3.8154   3.017071     3.8946   3.024561      74.57     0.1175     3.1149     2.7896  1.8851110  1.1290541   44.26566  -63.32085    32.3327    32.3429     3.8123     3.8915    25.6830    25.6835    6.87884    7.02105         64 0.0000e+00
      25625   1067.684     48.000     3.9803   3.030769     4.0471   3.037839      52.84     0.1095     3.1213     2.7978  1.8831102  1.1221386   44.26566  -63.32086    32.3321    32.3495     3.9772     4.0440    25.6666    25.6739    6.87453    7.00536         48 0.0000e+00
      25660   1069.135     47.000     4.1714   3.047462     4.1085   3.042693      95.92     0.1095     3.1251     2.8002  1.8794334  1.1199641   44.26566  -63.32086    32.3406    32.3465     4.1683     4.1054    25.6546    25.6655    6.83741    6.99737         34 0.0000e+00
      25702   1070.873     46.000     4.1598   3.044890     4.1336   3.043038      82.51     0.1263     3.1292     2.8055  1.8754380  1.1216502   44.26565  -63.32088    32.3223    32.3263     4.1568     4.1306    25.6412    25.6470    6.86417    7.03101         51 0.0000e+00
      25753   1073.019     45.000     4.0386   3.030081     4.0766   3.035492      72.41     0.1466     3.1387     2.8160  1.8704553  1.1317807   44.26564  -63.32088    32.2682    32.2943     4.0355     4.0736    25.6102    25.6272    6.93502    7.09709         48 0.0000e+00
      25798   1074.859     44.000     3.9989   3.024802     4.0047   3.027411      83.59     0.1521     3.1498     2.8273  1.8673093  1.1370573   44.26564  -63.32089    32.2454    32.2705     3.9961     4.0019    25.5959    25.6152    6.99409    7.14680         42 0.0000e+00
      25839   1076.587     43.000     3.9233   3.015557     3.9340   3.018554      78.20     0.1477     3.1632     2.8380  1.8652986  1.1367815   44.26564  -63.32090    32.2113    32.2361     3.9206     3.9313    25.5761    25.5948    7.04098    7.18541         41 0.0000e+00
      25881   1078.346     42.000     3.9675   3.017609     3.9448   3.018002      81.43     0.1520     3.1730     2.8454  1.8636521  1.1335820   44.26563  -63.32090    32.1924    32.2196     3.9649     3.9421    25.5569    25.5806    7.03827    7.19838         47 0.0000e+00
      25938   1080.728     41.000     4.0301   3.022308     4.0708   3.028303      78.71     0.1621     3.1820     2.8595  1.8606114  1.1291522   44.26562  -63.32092    32.1886    32.2178     4.0275     4.0681    25.5476    25.5667    7.02163    7.21694         59 0.0000e+00
      25983   1082.588     40.000     4.1883   3.036644     4.1593   3.035559      96.32     0.1758     3.1825     2.8616  1.8569793  1.1300346   44.26562  -63.32092    32.2006    32.2160     4.1857     4.1567    25.5417    25.5568    6.97030    7.14121         33 0.0000e+00
      26014   1083.889     39.000     4.2208   3.038152     4.1884   3.035778      69.13     0.1793     3.1854     2.8633  1.8541945  1.1321152   44.26562  -63.32093    32.1871    32.1909     4.2182     4.1858    25.5276    25.5339    7.01443    7.18649         34 0.0000e+00
      26072   1086.274     38.000     4.1280   3.027456     4.1232   3.027850      85.53     0.1767     3.1985     2.8744  1.8454002  1.1388650   44.26562  -63.32094    32.1529    32.1624     4.1255     4.1207    25.5097    25.5177    7.08383    7.25771         77 0.0000e+00
      26127   1088.567     37.000     3.9366   3.007331     3.9902   3.014398      72.61     0.1783     3.2106     2.8843  1.8415260  1.1418754   44.26562  -63.32095    32.1042    32.1349     3.9343     3.9879    25.4896    25.5088    7.13852    7.27735         30 0.0000e+00
      26153   1089.646     36.000     3.8360   2.995375     3.8368   2.996473      95.22     0.1838     3.2128     2.8868  1.8399884  1.1419938   44.26561  -63.32096    32.0622    32.0745     3.8337     3.8345    25.4658    25.4755    7.13866    7.33102         27 0.0000e+00
      26187   1091.066     35.000     3.7820   2.988973     3.7604   2.987251      72.03     0.1898     3.2170     2.8945  1.8381196  1.1416606   44.26560  -63.32096    32.0400    32.0407     3.7798     3.7583    25.4532    25.4559    7.20197    7.41720         45 0.0000e+00
      26248   1093.643     34.000     3.7131   2.980933     3.7304   2.984381      68.58     0.1937     3.2379     2.9191  1.8381550  1.1274259   44.26560  -63.32097    32.0128    32.0367     3.7110     3.7283    25.4380    25.4554    7.32720    7.52259         64 0.0000e+00
      26293   1095.488     33.000     3.6802   2.977570     3.6532   2.975618      80.75     0.2059     3.2569     2.9328  1.8345588  1.1181778   44.26560  -63.32098    32.0058    32.0090     3.6781     3.6512    25.4355    25.4406    7.37495    7.54035         33 0.0000e+00
      26325   1096.821     32.000     3.6075   2.968779     3.6057   2.968921      72.01     0.1985     3.2684     2.9425  1.8326662  1.1167492   44.26560  -63.32098    31.9732    31.9766     3.6055     3.6038    25.4163    25.4192    7.43576    7.62699         33 0.0000e+00
