data/CTD/2013/CNV/U021A010.CNV
* Sea-Bird SBE 9 Data File:
* FileName = C:\CTD_ACQUISITION\2013021HUD\ctddata\021A010.hdr
* Software Version Seasave V 7.22.2
* Temperature SN = 5081
* Conductivity SN = 3561
* Number of Bytes Per Scan = 37
* Number of Voltage Words = 4
* Number of Scans Averaged by the Deck Unit = 1
* NMEA Latitude = 46 59.91 N
* NMEA Longitude = 047 29.66 W
* NMEA UTC (Time) = Jul 01 2013 18:46:23
* NMEA baud rate = 9600
** Ship: Hudson
** Cruise: HUD2013021
** Chief_Scientist: Greenan
** Organization: BIO
** Area_of_Operation: Sackville Spur
** Station: 10
** Sounding:  220
** Event_Comments: FC14  393107
# nquan = 25
# nvalues = 211                         
# units = specified
# name 0 = scan: Scan Count
# name 1 = timeS: Time, Elapsed [seconds]
# name 2 = prDM: Pressure, Digiquartz [db]
# name 3 = t068C: Temperature [ITS-68, deg C]
# name 4 = c0S/m: Conductivity [S/m]
# name 5 = t168C: Temperature, 2 [ITS-68, deg C]
# name 6 = c1S/m: Conductivity, 2 [S/m]
# name 7 = altM: Altimeter [m]
# name 8 = flCUVA: Fluorescence, Chelsea UV Aquatracka [ug/l]
# name 9 = sbeox0V: Oxygen raw, SBE 43 [V]
# name 10 = sbeox1V: Oxygen raw, SBE 43, 2 [V]
# name 11 = upoly0: Upoly 0, Optode 4330F - O2 D-Phase
# name 12 = upoly1: Upoly 1, Optode 4330F - O2 Temp
# name 13 = latitude: Latitude [deg]
# name 14 = longitude: Longitude [deg]
# name 15 = sal00: Salinity, Practical [PSU]
# name 16 = sal11: Salinity, Practical, 2 [PSU]
# name 17 = potemp068C: Potential Temperature [ITS-68, deg C]
# name 18 = potemp168C: Potential Temperature, 2 [ITS-68, deg C]
# name 19 = sigma-é00: Density [sigma-theta, Kg/m^3]
# name 20 = sigma-é11: Density, 2 [sigma-theta, Kg/m^3]
# name 21 = sbeox0ML/L: Oxygen, SBE 43 [ml/l], WS = 2
# name 22 = sbeox1ML/L: Oxygen, SBE 43, 2 [ml/l], WS = 2
# name 23 = nbin: number of scans per bin
# name 24 = flag: flag
# span 0 =      15490,      22722       
# span 1 =    645.366,    946.705       
# span 2 =      1.000,    211.000       
# span 3 =    -0.8283,     6.5095       
# span 4 =   2.684091,   3.241838       
# span 5 =    -0.8391,     6.5013       
# span 6 =   2.684200,   3.243178       
# span 7 =       3.14,      98.73       
# span 8 =     0.0162,     0.2037       
# span 9 =     2.5394,     3.4142       
# span 10 =     2.2947,     3.1119      
# span 11 =  1.7197647,  2.1587155      
# span 12 =  0.5323595,  1.4323000      
# span 13 =   46.99770,   46.99814      
# span 14 =  -47.49312,  -47.49290      
# span 15 =    32.3186,    34.0185      
# span 16 =    32.3341,    34.0600      
# span 17 =    -0.8298,     6.5093      
# span 18 =    -0.8406,     6.5012      
# span 19 =    25.3711,    27.2047      
# span 20 =    25.3844,    27.2344      
# span 21 =    5.64698,    8.42432      
# span 22 =    5.87111,    8.91874      
# span 23 =         13,         87      
# span 24 = 0.0000e+00, 0.0000e+00      
# interval = decibars: 1                
# start_time = Jul 01 2013 18:46:23 [NMEA time, header]
# bad_flag = -9.990e-29
*END*
[from data line 58]
      18090    753.693    153.000     1.0843   2.905553     1.0545   2.903402      60.34     0.0304     2.7091     2.4788  2.1196396  0.7789854   46.99800  -47.49302    33.7270    33.7316     1.0775     1.0478    27.0169    27.0225    6.41292    6.84502         20 0.0000e+00
      18110    754.523    152.000     1.0566   2.902533     1.0134   2.898932      61.42     0.0279     2.7245     2.4968  2.1196582  0.7789988   46.99800  -47.49302    33.7188    33.7192     1.0499     1.0068    27.0120    27.0152    6.54533    6.92575         20 0.0000e+00
      18130    755.391    151.000     1.0317   2.899118     0.9591   2.893067      62.58     0.0274     2.7445     2.5154  2.1157937  0.7762384   46.99800  -47.49302    33.7025    33.7032     1.0251     0.9527    27.0005    27.0056    6.66053    6.98853         22 0.0000e+00
      18154    756.369    150.000     0.9693   2.892822     0.8668   2.883612      63.71     0.0256     2.7698     2.5352  2.1147316  0.7753410   46.99802  -47.49302    33.6896    33.6819     0.9629     0.8605    26.9941    26.9942    6.77057    7.04438         25 0.0000e+00
      18180    757.454    149.000     0.8800   2.884371     0.7645   2.873532      64.75     0.0242     2.7979     2.5540  2.1119130  0.7687534   46.99802  -47.49302    33.6781    33.6632     0.8737     0.7584    26.9904    26.9854    6.86126    7.08774         26 0.0000e+00
      18204    758.465    148.000     0.7710   2.873965     0.6600   2.863673      65.78     0.0237     2.8223     2.5696  2.1111054  0.7667748   46.99802  -47.49302    33.6643    33.6496     0.7631     0.6540    26.9860    26.9807    6.92006    7.14593         23 0.0000e+00
      18225    759.352    147.000     0.6539   2.861759     0.5861   2.855622      66.65     0.0221     2.8407     2.5826  2.1091619  0.7583823   46.99802  -47.49304    33.6320    33.6259     0.6480     0.5803    26.9668    26.9659    6.96164    7.18033         20 0.0000e+00
      18245    760.181    146.000     0.5897   2.855119     0.5443   2.851199      67.38     0.0226     2.8555     2.5929  2.1086729  0.7553958   46.99802  -47.49304    33.6161    33.6144     0.5839     0.5386    26.9577    26.9590    6.97544    7.20323         20 0.0000e+00
      18265    761.008    145.000     0.5494   2.850712     0.5040   2.846649      68.43     0.0248     2.8678     2.6028  2.1046433  0.7516472   46.99802  -47.49304    33.6031    33.5997     0.5438     0.4983    26.9496    26.9494    6.99637    7.23263         20 0.0000e+00
      18286    761.896    144.000     0.5020   2.845578     0.4786   2.843750      69.48     0.0246     2.8805     2.6120  2.0974042  0.7435915   46.99802  -47.49304    33.5885    33.5901     0.4964     0.4730    26.9405    26.9431    7.01993    7.23498         22 0.0000e+00
      18310    762.892    143.000     0.4774   2.842549     0.4553   2.841358      70.60     0.0284     2.8916     2.6195  2.0930469  0.7391447   46.99802  -47.49304    33.5763    33.5848     0.4719     0.4499    26.9321    26.9401    7.02203    7.22263         26 0.0000e+00
      18336    763.973    142.000     0.4632   2.840796     0.4328   2.838689      71.74     0.0266     2.9010     2.6256  2.0808890  0.7265660   46.99802  -47.49304    33.5695    33.5751     0.4577     0.4274    26.9274    26.9335    7.01788    7.23207         26 0.0000e+00
      18362    765.047    141.000     0.4325   2.837345     0.4217   2.837032      72.66     0.0240     2.9085     2.6314  2.0758233  0.7222250   46.99802  -47.49304    33.5585    33.5661     0.4271     0.4163    26.9202    26.9269    7.02718    7.24722         25 0.0000e+00
      18385    766.020    140.000     0.4254   2.836078     0.4130   2.835422      73.49     0.0255     2.9140     2.6356  2.0683823  0.7155123   46.99802  -47.49304    33.5502    33.5551     0.4201     0.4077    26.9139    26.9186    7.02844    7.23676         22 0.0000e+00
      18407    766.921    139.000     0.4167   2.834622     0.4049   2.834160      74.41     0.0242     2.9182     2.6376  2.0651040  0.7150393   46.99802  -47.49304    33.5412    33.5481     0.4115     0.3996    26.9071    26.9133    7.03480    7.21547         21 0.0000e+00
      18427    767.762    138.000     0.4043   2.832990     0.3928   2.832723      75.18     0.0238     2.9222     2.6383  2.0553179  0.7131662   46.99802  -47.49304    33.5340    33.5430     0.3991     0.3876    26.9020    26.9099    7.03057    7.20388         19 0.0000e+00
      18447    768.567    137.000     0.3846   2.830822     0.3668   2.830026      76.11     0.0236     2.9238     2.6384  2.0554333  0.7131868   46.99802  -47.49304    33.5277    33.5367     0.3794     0.3617    26.8980    26.9062    7.00558    7.20854         20 0.0000e+00
      18466    769.388    136.000     0.3566   2.827933     0.2943   2.822511      77.07     0.0236     2.9237     2.6387  2.0463018  0.7062927   46.99802  -47.49304    33.5210    33.5178     0.3515     0.2893    26.8941    26.8948    7.00249    7.22504         20 0.0000e+00
      18488    770.299    135.000     0.3108   2.823158     0.2275   2.815616      78.22     0.0236     2.9242     2.6395  2.0439901  0.7049944   46.99802  -47.49304    33.5090    33.5007     0.3058     0.2227    26.8869    26.8846    7.00226    7.26223         24 0.0000e+00
      18514    771.367    134.000     0.2457   2.816282     0.2213   2.814640      79.17     0.0244     2.9228     2.6421  2.0336814  0.6996308   46.99802  -47.49304    33.4903    33.4953     0.2408     0.2165    26.8753    26.8806    7.00843    7.28328         27 0.0000e+00
      18542    772.533    133.000     0.2187   2.813467     0.2268   2.815255      80.33     0.0252     2.9233     2.6449  2.0291793  0.6971222   46.99802  -47.49305    33.4834    33.4980     0.2139     0.2220    26.8711    26.8824    7.03366    7.28916         27 0.0000e+00
      18567    773.571    132.000     0.1799   2.809282     0.1685   2.809058      81.28     0.0311     2.9242     2.6472  2.0270114  0.6871477   46.99802  -47.49306    33.4713    33.4807     0.1752     0.1638    26.8633    26.8715    7.04478    7.30708         23 0.0000e+00
      18587    774.432    131.000     0.1501   2.805392     0.1223   2.803027      86.60     0.0280     2.9249     2.6493  2.0268583  0.6861807   46.99802  -47.49306    33.4532    33.4524     0.1454     0.1177    26.8503    26.8510    7.06455    7.33718         19 0.0000e+00
      18606    775.218    130.000     0.1247   2.801646     0.0922   2.798869      35.69     0.0258     2.9265     2.6520  2.0228946  0.6834710   46.99802  -47.49306    33.4321    33.4311     0.1202     0.0876    26.8345    26.8353    7.08385    7.37066         19 0.0000e+00
      18625    776.007    129.000     0.1003   2.798715     0.0772   2.797042      70.35     0.0226     2.9283     2.6559  2.0205545  0.6813563   46.99802  -47.49306    33.4208    33.4239     0.0958     0.0727    26.8266    26.8303    7.11864    7.41460         20 0.0000e+00
      18646    776.868    128.000     0.0863   2.796929     0.0714   2.796322      89.53     0.0240     2.9330     2.6618  2.0191910  0.6794381   46.99802  -47.49306    33.4130    33.4213     0.0819     0.0670    26.8211    26.8285    7.16691    7.44985         22 0.0000e+00
      18670    777.866    127.000     0.0752   2.795593     0.0693   2.796118      89.01     0.0265     2.9393     2.6688  2.0142102  0.6726884   46.99802  -47.49306    33.4082    33.4215     0.0708     0.0649    26.8177    26.8288    7.20575    7.47739         25 0.0000e+00
      18696    778.943    126.000     0.0717   2.795113     0.0776   2.796857      62.24     0.0309     2.9485     2.6767  2.0125606  0.6709720   46.99802  -47.49306    33.4063    33.4228     0.0673     0.0732    26.8164    26.8294    7.25002    7.49593         25 0.0000e+00
      18718    779.884    125.000     0.0673   2.794375     0.0647   2.795328      61.24     0.0298     2.9553     2.6824  2.0096142  0.6665275   46.99802  -47.49306    33.4018    33.4171     0.0630     0.0604    26.8130    26.8256    7.23409    7.49580         20 0.0000e+00
      18737    780.670    124.000     0.0650   2.793979     0.0549   2.793797      98.29     0.0264     2.9587     2.6863  2.0097699  0.6666667   46.99802  -47.49306    33.3997    33.4084     0.0607     0.0506    26.8114    26.8189    7.23434    7.50538         18 0.0000e+00
      18755    781.402    123.000     0.0535   2.792286     0.0352   2.791024      97.17     0.0221     2.9629     2.6901  2.0086048  0.6625612   46.99802  -47.49306    33.3906    33.3938     0.0493     0.0310    26.8046    26.8081    7.25660    7.53248         18 0.0000e+00
      18773    782.183    122.000     0.0346   2.789756     0.0128   2.788075      38.92     0.0190     2.9673     2.6950  2.0083654  0.6617872   46.99802  -47.49308    33.3784    33.3800     0.0305     0.0086    26.7956    26.7981    7.28915    7.56659         20 0.0000e+00
      18798    783.194    121.000     0.0003   2.785789    -0.0398   2.782624      83.35     0.0220     2.9747     2.7021  2.0044889  0.6582029   46.99802  -47.49308    33.3641    33.3659    -0.0038    -0.0439    26.7858    26.7892    7.33730    7.61437         30 0.0000e+00
      18832    784.618    120.000    -0.0017   2.785598    -0.0793   2.778709      47.62     0.0217     2.9866     2.7123  2.0006762  0.6541857   46.99802  -47.49308    33.3643    33.3573    -0.0058    -0.0832    26.7860    26.7842    7.38472    7.65278         35 0.0000e+00
      18861    785.829    119.000    -0.0086   2.784814    -0.0498   2.781481      53.09     0.0228     2.9968     2.7206  1.9974595  0.6490452   46.99802  -47.49308    33.3620    33.3629    -0.0126    -0.0538    26.7845    26.7873    7.40230    7.65675         23 0.0000e+00
      18881    786.659    118.000    -0.0639   2.778674    -0.0843   2.777037      96.08     0.0223     3.0026     2.7249  1.9975580  0.6492340   46.99802  -47.49308    33.3417    33.3424    -0.0678    -0.0882    26.7709    26.7724    7.41386    7.66272         18 0.0000e+00
      18898    787.373    117.000    -0.0794   2.775506    -0.0812   2.775761      93.58     0.0194     3.0066     2.7282  1.9928318  0.6429121   46.99802  -47.49308    33.3173    33.3227    -0.0833    -0.0851    26.7519    26.7563    7.39982    7.66411         17 0.0000e+00
      18915    788.072    116.000    -0.0785   2.774532    -0.0798   2.775208      44.53     0.0175     3.0086     2.7309  1.9918995  0.6414099   46.99802  -47.49308    33.3040    33.3144    -0.0823    -0.0837    26.7411    26.7496    7.37968    7.64424         17 0.0000e+00
      18932    788.797    115.000    -0.0837   2.773504    -0.0847   2.774262      56.14     0.0213     3.0098     2.7319  1.9913291  0.6410331   46.99802  -47.49308    33.2967    33.3078    -0.0875    -0.0885    26.7355    26.7444    7.37405    7.61969         18 0.0000e+00
      18951    789.582    114.000    -0.0953   2.771918    -0.1028   2.772054      95.99     0.0219     3.0110     2.7320  1.9835594  0.6374664   46.99802  -47.49308    33.2889    33.2989    -0.0990    -0.1066    26.7297    26.7381    7.36947    7.61551         20 0.0000e+00
      18974    790.541    113.000    -0.0985   2.771369    -0.1150   2.770516      90.20     0.0231     3.0119     2.7322  1.9834436  0.6373627   46.99802  -47.49309    33.2858    33.2924    -0.1022    -0.1187    26.7273    26.7334    7.36197    7.61086         27 0.0000e+00
      19008    791.969    112.000    -0.0948   2.771802    -0.1129   2.770511      63.02     0.0205     3.0127     2.7315  1.9780899  0.6337554   46.99802  -47.49310    33.2878    33.2906    -0.0983    -0.1165    26.7288    26.7319    7.37113    7.59655         40 0.0000e+00
      19044    793.439    111.000    -0.0929   2.772050    -0.1085   2.770887      98.73     0.0238     3.0134     2.7292  1.9741888  0.6303868   46.99802  -47.49310    33.2896    33.2914    -0.0963    -0.1121    26.7301    26.7323    7.36242    7.57695         27 0.0000e+00
      19064    794.307    110.000    -0.1126   2.769380    -0.1210   2.769407      20.19     0.0230     3.0147     2.7285  1.9726068  0.6291524   46.99802  -47.49310    33.2765    33.2861    -0.1162    -0.1246    26.7205    26.7286    7.37243    7.58714         17 0.0000e+00
      19080    794.958    109.000    -0.1497   2.765221    -0.1565   2.765508      77.64     0.0238     3.0139     2.7279  1.9712673  0.6288161   46.99802  -47.49310    33.2624    33.2737    -0.1532    -0.1600    26.7108    26.7202    7.35850    7.58877         15 0.0000e+00
      19094    795.548    108.000    -0.2018   2.759687    -0.2077   2.760185      55.07     0.0270     3.0137     2.7270  1.9660292  0.6288157   46.99802  -47.49310    33.2464    33.2594    -0.2052    -0.2111    26.7003    26.7111    7.35543    7.59753         14 0.0000e+00
      19108    796.124    107.000    -0.2326   2.756241    -0.2484   2.755903      86.00     0.0276     3.0118     2.7266  1.9658992  0.6288996   46.99802  -47.49310    33.2348    33.2476    -0.2360    -0.2518    26.6923    26.7033    7.34685    7.61093         14 0.0000e+00
      19123    796.747    106.000    -0.2649   2.753060    -0.2706   2.753530      90.49     0.0261     3.0109     2.7264  1.9658153  0.6288189   46.99802  -47.49310    33.2283    33.2408    -0.2682    -0.2739    26.6885    26.6988    7.36042    7.62140         16 0.0000e+00
      19142    797.537    105.000    -0.2864   2.750791    -0.2939   2.751229      35.94     0.0242     3.0097     2.7265  1.9642103  0.6226590   46.99802  -47.49310    33.2222    33.2362    -0.2897    -0.2972    26.6845    26.6962    7.37862    7.63691         23 0.0000e+00
      19180    799.138    104.000    -0.2746   2.751878    -0.3019   2.750343      84.95     0.0266     3.0108     2.7290  1.9623849  0.6174166   46.99802  -47.49310    33.2244    33.2337    -0.2779    -0.3051    26.6858    26.6945    7.41071    7.67417         54 0.0000e+00
      19224    800.972    103.000    -0.2491   2.754174    -0.2877   2.751567      57.45     0.0213     3.0152     2.7336  1.9602257  0.6114033   46.99802  -47.49310    33.2277    33.2351    -0.2523    -0.2908    26.6873    26.6950    7.43337    7.68369         27 0.0000e+00
      19244    801.795    102.000    -0.2919   2.750156    -0.3166   2.748649      97.27     0.0213     3.0179     2.7346  1.9584792  0.6080452   46.99802  -47.49310    33.2215    33.2284    -0.2950    -0.3197    26.6842    26.6909    7.41989    7.65418         17 0.0000e+00
      19260    802.467    101.000    -0.3406   2.744556    -0.3512   2.744429      97.13     0.0209     3.0167     2.7336  1.9584860  0.6080586   46.99802  -47.49310    33.2007    33.2106    -0.3437    -0.3543    26.6695    26.6780    7.38794    7.64848         16 0.0000e+00
      19276    803.119    100.000    -0.3595   2.742047    -0.3642   2.742638      41.26     0.0185     3.0145     2.7332  1.9590501  0.6063662   46.99802  -47.49310    33.1884    33.2015    -0.3625    -0.3673    26.6604    26.6712    7.38470    7.66421         15 0.0000e+00
      19293    803.815     99.000    -0.3739   2.740396    -0.3767   2.741099      54.96     0.0204     3.0138     2.7334  1.9597088  0.6043900   46.99802  -47.49310    33.1828    33.1952    -0.3769    -0.3797    26.6565    26.6667    7.40290    7.67912         18 0.0000e+00
      19312    804.616     98.000    -0.3921   2.738397    -0.4087   2.737909      96.65     0.0174     3.0139     2.7341  1.9597069  0.6043956   46.99802  -47.49311    33.1765    33.1881    -0.3950    -0.4116    26.6522    26.6623    7.41366    7.68656         21 0.0000e+00
      19336    805.626     97.000    -0.4105   2.736528    -0.4290   2.735941      83.50     0.0188     3.0136     2.7345  1.9574829  0.5983226   46.99802  -47.49312    33.1722    33.1846    -0.4134    -0.4319    26.6495    26.6603    7.42556    7.69391         28 0.0000e+00
