data/CTD/2013/CNV/U021A028.CNV
* Sea-Bird SBE 9 Data File:
* FileName = C:\CTD_ACQUISITION\2013021HUD\ctddata\021A028.hdr
* Software Version Seasave V 7.22.2
* Temperature SN = 5081
* Conductivity SN = 3561
* Number of Bytes Per Scan = 37
* Number of Voltage Words = 4
* Number of Scans Averaged by the Deck Unit = 1
* NMEA Latitude = 47 53.98 N
* NMEA Longitude = 046 03.76 W
* NMEA UTC (Time) = Jul 03 2013 00:44:40
* NMEA baud rate = 9600
** Ship: Hudson
** Cruise: HUD2013021
** Chief_Scientist: Greenan
** Organization: BIO
** Area_of_Operation: Sackville Spur
** Station: 28
** Sounding:  925
** Event_Comments: SS18  393131
# nquan = 25
# nvalues = 905                         
# units = specified
# name 0 = scan: Scan Count
# name 1 = timeS: Time, Elapsed [seconds]
# name 2 = prDM: Pressure, Digiquartz [db]
# name 3 = t068C: Temperature [ITS-68, deg C]
# name 4 = c0S/m: Conductivity [S/m]
# name 5 = t168C: Temperature, 2 [ITS-68, deg C]
# name 6 = c1S/m: Conductivity, 2 [S/m]
# name 7 = altM: Altimeter [m]
# name 8 = flCUVA: Fluorescence, Chelsea UV Aquatracka [ug/l]
# name 9 = sbeox0V: Oxygen raw, SBE 43 [V]
# name 10 = sbeox1V: Oxygen raw, SBE 43, 2 [V]
# name 11 = upoly0: Upoly 0, Optode 4330F - O2 D-Phase
# name 12 = upoly1: Upoly 1, Optode 4330F - O2 Temp
# name 13 = latitude: Latitude [deg]
# name 14 = longitude: Longitude [deg]
# name 15 = sal00: Salinity, Practical [PSU]
# name 16 = sal11: Salinity, Practical, 2 [PSU]
# name 17 = potemp068C: Potential Temperature [ITS-68, deg C]
# name 18 = potemp168C: Potential Temperature, 2 [ITS-68, deg C]
# name 19 = sigma-é00: Density [sigma-theta, Kg/m^3]
# name 20 = sigma-é11: Density, 2 [sigma-theta, Kg/m^3]
# name 21 = sbeox0ML/L: Oxygen, SBE 43 [ml/l], WS = 2
# name 22 = sbeox1ML/L: Oxygen, SBE 43, 2 [ml/l], WS = 2
# name 23 = nbin: number of scans per bin
# name 24 = flag: flag
# span 0 =      34111,      53924       
# span 1 =   1421.234,   2246.791       
# span 2 =      1.000,    905.000       
# span 3 =     1.5280,     6.4956       
# span 4 =   2.943998,   3.370700       
# span 5 =     1.5060,     6.5213       
# span 6 =   2.943714,   3.376411       
# span 7 =       3.49,      99.56       
# span 8 =     0.0062,     0.6889       
# span 9 =     2.6099,     3.3803       
# span 10 =     2.3470,     3.0094      
# span 11 =  1.7366495,  2.0379381      
# span 12 =  0.8594969,  1.3548239      
# span 13 =   47.89938,   47.89964      
# span 14 =  -46.06078,  -46.05990      
# span 15 =    32.7539,    34.9123      
# span 16 =    32.7697,    34.9280      
# span 17 =     1.5258,     6.4934      
# span 18 =     1.5037,     6.5190      
# span 19 =    25.7662,    27.7379      
# span 20 =    25.7790,    27.7505      
# span 21 =    5.56884,    7.91535      
# span 22 =    5.68092,    7.94127      
# span 23 =          8,        102      
# span 24 = 0.0000e+00, 0.0000e+00      
# interval = decibars: 1                
# start_time = Jul 03 2013 00:44:40 [NMEA time, header]
# bad_flag = -9.990e-29
*END*
[from data line 464]
      44524   1855.127    441.000     4.2977   3.294316     4.2999   3.295823      50.56     0.0205     2.7428     2.4465  1.9780239  1.1599512   47.89952  -46.06028    34.9079    34.9234     4.2649     4.2670    27.6849    27.6970    5.94177    6.07431         15 0.0000e+00
      44539   1855.756    440.000     4.3023   3.294683     4.3039   3.296151      40.25     0.0192     2.7427     2.4467  1.9780220  1.1599512   47.89952  -46.06028    34.9080    34.9235     4.2695     4.2711    27.6845    27.6967    5.94636    6.07756         16 0.0000e+00
      44556   1856.473    439.000     4.3057   3.294974     4.3080   3.296503      94.84     0.0165     2.7436     2.4471  1.9780220  1.1599512   47.89952  -46.06028    34.9083    34.9239     4.2730     4.2753    27.6843    27.6965    5.95202    6.08345         19 0.0000e+00
      44580   1857.475    438.000     4.3088   3.295205     4.3105   3.296683      96.95     0.0151     2.7442     2.4485  1.9780220  1.1604437   47.89952  -46.06029    34.9083    34.9239     4.2762     4.2778    27.6840    27.6962    5.95926    6.09082         29 0.0000e+00
      44611   1858.729    437.000     4.3104   3.295292     4.3114   3.296720      85.78     0.0103     2.7463     2.4500  1.9772545  1.1609716   47.89951  -46.06030    34.9082    34.9239     4.2778     4.2788    27.6837    27.6961    5.96375    6.09649         28 0.0000e+00
      44636   1859.771    436.000     4.3108   3.295295     4.3119   3.296706      96.95     0.0142     2.7471     2.4515  1.9768008  1.1612231   47.89950  -46.06030    34.9083    34.9237     4.2783     4.2794    27.6838    27.6959    5.96705    6.09751         24 0.0000e+00
      44658   1860.697    435.000     4.3126   3.295382     4.3131   3.296741      96.95     0.0157     2.7489     2.4527  1.9776627  1.1620345   47.89950  -46.06029    34.9079    34.9234     4.2802     4.2806    27.6833    27.6956    5.96951    6.10044         21 0.0000e+00
      44678   1861.541    434.000     4.3133   3.295386     4.3136   3.296708      96.95     0.0146     2.7494     2.4535  1.9780217  1.1623930   47.89950  -46.06028    34.9077    34.9230     4.2810     4.2812    27.6830    27.6952    5.96220    6.09774         19 0.0000e+00
      44696   1862.311    433.000     4.3135   3.295326     4.3132   3.296600      96.91     0.0140     2.7498     2.4541  1.9780220  1.1624609   47.89950  -46.06028    34.9073    34.9227     4.2813     4.2810    27.6827    27.6949    5.96807    6.09910         18 0.0000e+00
      44713   1863.011    432.000     4.3133   3.295218     4.3127   3.296478      96.87     0.0142     2.7511     2.4548  1.9780220  1.1627705   47.89950  -46.06028    34.9069    34.9223     4.2811     4.2805    27.6823    27.6947    5.96940    6.10185         16 0.0000e+00
      44729   1863.657    431.000     4.3125   3.295072     4.3117   3.296311      96.90     0.0166     2.7510     2.4554  1.9779418  1.1625592   47.89951  -46.06028    34.9065    34.9219     4.2804     4.2796    27.6821    27.6944    5.96300    6.10451         15 0.0000e+00
      44744   1864.288    430.000     4.3115   3.294914     4.3110   3.296180      96.92     0.0153     2.7514     2.4561  1.9781835  1.1627990   47.89952  -46.06028    34.9062    34.9217     4.2795     4.2790    27.6820    27.6943    5.97456    6.11191         15 0.0000e+00
      44761   1864.986    429.000     4.3109   3.294790     4.3104   3.296065      96.94     0.0090     2.7530     2.4575  1.9792219  1.1635981   47.89952  -46.06028    34.9060    34.9215     4.2789     4.2784    27.6819    27.6943    5.99257    6.12117         19 0.0000e+00
      44783   1865.930    428.000     4.3097   3.294625     4.3092   3.295891      69.38     0.0095     2.7558     2.4598  1.9791646  1.1636142   47.89952  -46.06028    34.9057    34.9212     4.2779     4.2773    27.6818    27.6942    6.00354    6.13962         29 0.0000e+00
      44825   1867.651    427.000     4.3098   3.294587     4.3096   3.295904      98.18     0.0152     2.7612     2.4648  1.9769392  1.1636142   47.89951  -46.06027    34.9058    34.9214     4.2780     4.2778    27.6818    27.6943    6.02477    6.14913         43 0.0000e+00
      44853   1868.848    426.000     4.3090   3.294449     4.3066   3.295533      96.97     0.0115     2.7657     2.4679  1.9769171  1.1636142   47.89950  -46.06026    34.9055    34.9208     4.2773     4.2749    27.6817    27.6941    6.03723    6.15408         20 0.0000e+00
      44871   1869.594    425.000     4.3044   3.293888     4.3002   3.294769      96.94     0.0121     2.7681     2.4689  1.9767992  1.1636142   47.89950  -46.06026    34.9043    34.9191     4.2728     4.2685    27.6812    27.6935    6.03169    6.14848         17 0.0000e+00
      44887   1870.240    424.000     4.2942   3.292738     4.2917   3.293800      96.94     0.0142     2.7696     2.4700  1.9768009  1.1636142   47.89950  -46.06026    34.9020    34.9172     4.2627     4.2602    27.6805    27.6928    6.03385    6.15112         15 0.0000e+00
      44902   1870.867    423.000     4.2876   3.291965     4.2852   3.293048      96.93     0.0164     2.7705     2.4706  1.9763992  1.1636142   47.89952  -46.06026    34.9004    34.9158     4.2562     4.2538    27.6799    27.6924    6.03835    6.15627         15 0.0000e+00
      44918   1871.545    422.000     4.2832   3.291445     4.2813   3.292587      96.86     0.0129     2.7724     2.4719  1.9766585  1.1636142   47.89952  -46.06026    34.8995    34.9149     4.2519     4.2500    27.6796    27.6921    6.04236    6.16881         17 0.0000e+00
      44937   1872.336    421.000     4.2795   3.290989     4.2779   3.292171      96.88     0.0147     2.7739     2.4742  1.9763932  1.1633227   47.89952  -46.06026    34.8986    34.9141     4.2483     4.2467    27.6793    27.6918    6.04815    6.18714         21 0.0000e+00
      44960   1873.311    420.000     4.2747   3.290446     4.2740   3.291721      83.35     0.0171     2.7770     2.4773  1.9764382  1.1625028   47.89952  -46.06026    34.8979    34.9135     4.2435     4.2429    27.6792    27.6917    6.06018    6.18356         27 0.0000e+00
      44995   1874.734    419.000     4.2715   3.290063     4.2718   3.291447      68.76     0.0161     2.7797     2.4786  1.9758047  1.1622876   47.89952  -46.06026    34.8972    34.9131     4.2405     4.2408    27.6790    27.6917    6.05566    6.16994         43 0.0000e+00
      45033   1876.350    418.000     4.2680   3.289672     4.2691   3.291109      98.86     0.0208     2.7816     2.4795  1.9746966  1.1618694   47.89952  -46.06026    34.8968    34.9126     4.2370     4.2381    27.6791    27.6915    6.04728    6.16603         27 0.0000e+00
      45052   1877.141    417.000     4.2652   3.289274     4.2623   3.290329      73.85     0.0229     2.7823     2.4798  1.9731081  1.1611588   47.89950  -46.06026    34.8956    34.9111     4.2343     4.2315    27.6785    27.6910    6.05004    6.17100         15 0.0000e+00
      45066   1877.713    416.000     4.2569   3.288327     4.2557   3.289541      96.36     0.0192     2.7822     2.4801  1.9731380  1.1611722   47.89950  -46.06026    34.8937    34.9093     4.2262     4.2250    27.6778    27.6903    6.05303    6.17270         13 0.0000e+00
      45078   1878.203    415.000     4.2535   3.287887     4.2534   3.289214      96.93     0.0194     2.7829     2.4805  1.9731380  1.1611722   47.89950  -46.06026    34.8927    34.9084     4.2228     4.2228    27.6774    27.6898    6.05760    6.17250         11 0.0000e+00
      45089   1878.669    414.000     4.2555   3.288037     4.2589   3.289674      96.94     0.0185     2.7833     2.4806  1.9736960  1.1611722   47.89950  -46.06025    34.8929    34.9086     4.2249     4.2282    27.6773    27.6894    6.05258    6.16839         11 0.0000e+00
      45101   1879.149    413.000     4.2619   3.288632     4.2703   3.290749      96.94     0.0163     2.7836     2.4807  1.9742608  1.1611722   47.89950  -46.06024    34.8936    34.9097     4.2314     4.2397    27.6772    27.6891    6.04874    6.16406         12 0.0000e+00
      45114   1879.729    412.000     4.2727   3.289626     4.2802   3.291695      96.91     0.0153     2.7836     2.4807  1.9743553  1.1611722   47.89952  -46.06024    34.8945    34.9109     4.2422     4.2497    27.6767    27.6890    6.04528    6.16117         17 0.0000e+00
      45153   1881.343    411.000     4.2751   3.289835     4.2716   3.290849      96.92     0.0163     2.7836     2.4809  1.9722033  1.1602206   47.89952  -46.06024    34.8949    34.9106     4.2447     4.2412    27.6768    27.6896    6.03568    6.16464         60 0.0000e+00
      45197   1883.173    410.000     4.2718   3.289499     4.2597   3.289689      96.91     0.0161     2.7815     2.4820  1.9697309  1.1599449   47.89952  -46.06024    34.8950    34.9100     4.2415     4.2294    27.6771    27.6904    6.02270    6.17849         19 0.0000e+00
      45213   1883.836    409.000     4.2684   3.289108     4.2656   3.290160      96.89     0.0154     2.7818     2.4825  1.9697188  1.1599512   47.89952  -46.06024    34.8945    34.9099     4.2382     4.2353    27.6771    27.6897    6.03112    6.17724         15 0.0000e+00
      45228   1884.448    408.000     4.2760   3.289796     4.2762   3.291139      81.12     0.0168     2.7813     2.4832  1.9689382  1.1596850   47.89952  -46.06024    34.8951    34.9107     4.2458     4.2460    27.6767    27.6892    6.02899    6.17578         14 0.0000e+00
      45242   1885.059    407.000     4.2787   3.289997     4.2789   3.291351      50.27     0.0104     2.7815     2.4835  1.9672706  1.1590388   47.89952  -46.06024    34.8951    34.9109     4.2486     4.2488    27.6765    27.6890    6.03962    6.18003         16 0.0000e+00
      45259   1885.747    406.000     4.2747   3.289529     4.2730   3.290677      95.28     0.0085     2.7822     2.4848  1.9674996  1.1590682   47.89952  -46.06022    34.8942    34.9097     4.2446     4.2430    27.6762    27.6887    6.05421    6.18540         18 0.0000e+00
      45283   1886.761    405.000     4.2678   3.288766     4.2614   3.289418      96.87     0.0088     2.7849     2.4861  1.9662585  1.1596174   47.89952  -46.06022    34.8932    34.9077     4.2378     4.2315    27.6762    27.6883    6.07335    6.19701         32 0.0000e+00
      45316   1888.141    404.000     4.2584   3.287783     4.2531   3.288496      96.83     0.0151     2.7889     2.4888  1.9655747  1.1599649   47.89952  -46.06022    34.8921    34.9060     4.2285     4.2233    27.6763    27.6879    6.08908    6.20778         29 0.0000e+00
      45340   1889.110    403.000     4.2555   3.287397     4.2452   3.287590      96.85     0.0125     2.7924     2.4908  1.9645852  1.1599512   47.89952  -46.06022    34.8911    34.9043     4.2258     4.2155    27.6758    27.6873    6.09583    6.21497         20 0.0000e+00
      45358   1889.868    402.000     4.2413   3.285801     4.2363   3.286586      96.77     0.0151     2.7940     2.4923  1.9645909  1.1599512   47.89952  -46.06022    34.8878    34.9024     4.2117     4.2067    27.6747    27.6868    6.08610    6.21257         17 0.0000e+00
      45374   1890.543    401.000     4.2308   3.284601     4.2256   3.285416      96.78     0.0144     2.7945     2.4928  1.9645909  1.1599512   47.89952  -46.06022    34.8853    34.9004     4.2013     4.1961    27.6738    27.6864    6.08051    6.20490         15 0.0000e+00
      45390   1891.212    400.000     4.2217   3.283605     4.2157   3.284301      96.84     0.0154     2.7950     2.4930  1.9645909  1.1599512   47.89952  -46.06022    34.8837    34.8983     4.1923     4.1863    27.6735    27.6857    6.08026    6.20239         17 0.0000e+00
      45408   1891.944    399.000     4.2075   3.282085     4.2026   3.282903      96.75     0.0165     2.7953     2.4931  1.9645909  1.1599512   47.89952  -46.06020    34.8813    34.8961     4.1783     4.1734    27.6730    27.6854    6.07996    6.20511         19 0.0000e+00
      45429   1892.843    398.000     4.2001   3.281235     4.1967   3.282232      96.95     0.0173     2.7958     2.4936  1.9650429  1.1589969   47.89952  -46.06020    34.8797    34.8950     4.1709     4.1676    27.6726    27.6851    6.08537    6.20840         24 0.0000e+00
      45453   1893.854    397.000     4.1976   3.280947     4.1949   3.281985      96.69     0.0167     2.7965     2.4940  1.9655575  1.1587303   47.89952  -46.06020    34.8794    34.8946     4.1685     4.1658    27.6726    27.6849    6.09356    6.21672         24 0.0000e+00
      45476   1894.781    396.000     4.1965   3.280742     4.1955   3.281970      96.67     0.0179     2.7982     2.4957  1.9643718  1.1571203   47.89952  -46.06020    34.8788    34.8943     4.1674     4.1664    27.6722    27.6847    6.10133    6.23412         21 0.0000e+00
      45496   1895.639    395.000     4.1965   3.280696     4.1966   3.282039      96.93     0.0204     2.7992     2.4974  1.9643468  1.1567791   47.89952  -46.06020    34.8787    34.8945     4.1675     4.1676    27.6722    27.6847    6.09638    6.23076         20 0.0000e+00
      45518   1896.533    394.000     4.1964   3.280632     4.1955   3.281863      93.60     0.0178     2.8000     2.4983  1.9645886  1.1559246   47.89952  -46.06020    34.8785    34.8941     4.1676     4.1666    27.6720    27.6845    6.10006    6.22204         23 0.0000e+00
      45546   1897.693    393.000     4.1943   3.280357     4.1910   3.281351      69.28     0.0168     2.8010     2.4984  1.9645909  1.1550932   47.89952  -46.06019    34.8781    34.8933     4.1655     4.1623    27.6719    27.6843    6.09148    6.21701         34 0.0000e+00
      45578   1899.056    392.000     4.1895   3.279793     4.1879   3.280969      98.21     0.0134     2.8010     2.4989  1.9618491  1.1550672   47.89952  -46.06018    34.8770    34.8926     4.1608     4.1592    27.6715    27.6841    6.09551    6.22396         26 0.0000e+00
      45599   1899.912    391.000     4.1883   3.279581     4.1884   3.280880      96.52     0.0124     2.8015     2.4996  1.9617372  1.1550672   47.89952  -46.06018    34.8763    34.8916     4.1597     4.1598    27.6710    27.6832    6.09668    6.22698         18 0.0000e+00
      45615   1900.565    390.000     4.1955   3.280207     4.1998   3.281945      96.48     0.0141     2.8021     2.5001  1.9625007  1.1544544   47.89952  -46.06018    34.8766    34.8926     4.1669     4.1712    27.6706    27.6828    6.09757    6.22519         14 0.0000e+00
      45628   1901.145    389.000     4.2050   3.281099     4.2081   3.282740      96.72     0.0141     2.8024     2.5002  1.9633684  1.1538472   47.89952  -46.06018    34.8777    34.8938     4.1765     4.1796    27.6704    27.6828    6.10080    6.22718         14 0.0000e+00
      45642   1901.723    388.000     4.2096   3.281521     4.2110   3.282988      96.28     0.0143     2.8029     2.5015  1.9633700  1.1538461   47.89952  -46.06018    34.8783    34.8942     4.1811     4.1825    27.6704    27.6828    6.10163    6.23270         14 0.0000e+00
      45658   1902.372    387.000     4.2120   3.281723     4.2133   3.283192      96.58     0.0149     2.8040     2.5018  1.9629413  1.1536318   47.89952  -46.06018    34.8787    34.8946     4.1836     4.1849    27.6704    27.6829    6.10748    6.23087         17 0.0000e+00
      45678   1903.217    386.000     4.2119   3.281676     4.2103   3.282853      96.47     0.0170     2.8053     2.5028  1.9619907  1.1529920   47.89952  -46.06018    34.8787    34.8944     4.1836     4.1820    27.6704    27.6831    6.10896    6.23332         25 0.0000e+00
      45707   1904.428    385.000     4.2095   3.281400     4.2028   3.282027      96.38     0.0137     2.8067     2.5045  1.9610873  1.1533850   47.89952  -46.06018    34.8786    34.8930     4.1813     4.1746    27.6705    27.6828    6.11020    6.24125         32 0.0000e+00
