data/CTD/2013/CNV/U021A049.CNV
* Sea-Bird SBE 9 Data File:
* FileName = C:\CTD_ACQUISITION\2013021HUD\ctddata\021A049.hdr
* Software Version Seasave V 7.22.2
* Temperature SN = 5081
* Conductivity SN = 3561
* Number of Bytes Per Scan = 37
* Number of Voltage Words = 4
* Number of Scans Averaged by the Deck Unit = 1
* NMEA Latitude = 48 56.14 N
* NMEA Longitude = 045 49.78 W
* NMEA UTC (Time) = Jul 04 2013 22:48:08
* NMEA baud rate = 9600
** Ship: Hudson
** Cruise: HUD2013021
** Chief_Scientist: Greenan
** Organization: BIO
** Area_of_Operation: Sackville Spur
** Station: 49
** Sounding:  2572
** Event_Comments: SS28  393207
# nquan = 25
# nvalues = 2481                        
# units = specified
# name 0 = scan: Scan Count
# name 1 = timeS: Time, Elapsed [seconds]
# name 2 = prDM: Pressure, Digiquartz [db]
# name 3 = t068C: Temperature [ITS-68, deg C]
# name 4 = c0S/m: Conductivity [S/m]
# name 5 = t168C: Temperature, 2 [ITS-68, deg C]
# name 6 = c1S/m: Conductivity, 2 [S/m]
# name 7 = altM: Altimeter [m]
# name 8 = flCUVA: Fluorescence, Chelsea UV Aquatracka [ug/l]
# name 9 = sbeox0V: Oxygen raw, SBE 43 [V]
# name 10 = sbeox1V: Oxygen raw, SBE 43, 2 [V]
# name 11 = upoly0: Upoly 0, Optode 4330F - O2 D-Phase
# name 12 = upoly1: Upoly 1, Optode 4330F - O2 Temp
# name 13 = latitude: Latitude [deg]
# name 14 = longitude: Longitude [deg]
# name 15 = sal00: Salinity, Practical [PSU]
# name 16 = sal11: Salinity, Practical, 2 [PSU]
# name 17 = potemp068C: Potential Temperature [ITS-68, deg C]
# name 18 = potemp168C: Potential Temperature, 2 [ITS-68, deg C]
# name 19 = sigma-é00: Density [sigma-theta, Kg/m^3]
# name 20 = sigma-é11: Density, 2 [sigma-theta, Kg/m^3]
# name 21 = sbeox0ML/L: Oxygen, SBE 43 [ml/l], WS = 2
# name 22 = sbeox1ML/L: Oxygen, SBE 43, 2 [ml/l], WS = 2
# name 23 = nbin: number of scans per bin
# name 24 = flag: flag
# span 0 =      63474,     113830       
# span 1 =   2644.702,   4742.878       
# span 2 =      1.000,   2481.000       
# span 3 =     2.4942,     8.3417       
# span 4 =   3.148102,   3.556522       
# span 5 =     2.4932,     8.3396       
# span 6 =   3.147800,   3.557931       
# span 7 =       3.31,      98.79       
# span 8 =     0.0035,     0.5283       
# span 9 =     2.1879,     3.3549       
# span 10 =     1.9682,     2.9927      
# span 11 =  1.6930251,  2.1098902      
# span 12 =  0.9352869,  1.6661508      
# span 13 =   48.93732,   48.93870      
# span 14 =  -45.83012,  -45.82920      
# span 15 =    33.8908,    34.9220      
# span 16 =    33.8955,    34.9384      
# span 17 =     2.3064,     8.3416      
# span 18 =     2.3053,     8.3395      
# span 19 =    26.4173,    27.8760      
# span 20 =    26.4295,    27.8894      
# span 21 =    5.90638,    7.22611      
# span 22 =    6.05751,    7.40108      
# span 23 =         11,        569      
# span 24 = 0.0000e+00, 0.0000e+00      
# interval = decibars: 1                
# start_time = Jul 04 2013 22:48:08 [NMEA time, header]
# bad_flag = -9.990e-29
*END*
[from data line 1566]
      94362   3931.702    915.000     3.7572   3.266052     3.7583   3.267446      95.67     0.0150     2.6389     2.3544  1.9987789  1.0952381   48.93817  -45.82953    34.8980    34.9134     3.6897     3.6907    27.7371    27.7493    6.11416    6.24921         16 0.0000e+00
      94378   3932.362    914.000     3.7581   3.266048     3.7582   3.267386      95.87     0.0162     2.6394     2.3553  1.9987789  1.0952381   48.93816  -45.82954    34.8976    34.9133     3.6906     3.6907    27.7366    27.7492    6.11223    6.25750         16 0.0000e+00
      94394   3933.040    913.000     3.7584   3.266012     3.7582   3.267336      95.87     0.0131     2.6400     2.3560  1.9987789  1.0952381   48.93816  -45.82954    34.8973    34.9132     3.6910     3.6908    27.7364    27.7491    6.10756    6.25671         17 0.0000e+00
      94413   3933.832    912.000     3.7585   3.265974     3.7583   3.267303      53.56     0.0127     2.6402     2.3565  1.9986711  1.0952381   48.93816  -45.82954    34.8973    34.9133     3.6912     3.6910    27.7363    27.7491    6.10353    6.25304         22 0.0000e+00
      94438   3934.878    911.000     3.7586   3.265935     3.7584   3.267267      87.79     0.0123     2.6407     2.3569  1.9983692  1.0952381   48.93815  -45.82954    34.8972    34.9133     3.6913     3.6911    27.7363    27.7491    6.10976    6.24935         29 0.0000e+00
      94468   3936.125    910.000     3.7584   3.265874     3.7582   3.267211      95.96     0.0130     2.6414     2.3573  1.9975437  1.0952381   48.93816  -45.82954    34.8972    34.9133     3.6913     3.6911    27.7363    27.7491    6.10858    6.24917         28 0.0000e+00
      94493   3937.168    909.000     3.7585   3.265826     3.7584   3.267167      95.80     0.0140     2.6420     2.3576  1.9975580  1.0952381   48.93816  -45.82954    34.8970    34.9130     3.6914     3.6914    27.7361    27.7489    6.11716    6.24700         22 0.0000e+00
      94513   3937.981    908.000     3.7585   3.265772     3.7578   3.267060      95.79     0.0185     2.6430     2.3576  1.9975580  1.0952381   48.93816  -45.82954    34.8969    34.9130     3.6915     3.6908    27.7361    27.7489    6.11771    6.23778         18 0.0000e+00
      94530   3938.699    907.000     3.7581   3.265696     3.7574   3.266978      95.87     0.0164     2.6437     2.3568  1.9975580  1.0952381   48.93815  -45.82954    34.8970    34.9130     3.6912     3.6905    27.7361    27.7489    6.11299    6.23943         16 0.0000e+00
      94546   3939.379    906.000     3.7578   3.265617     3.7574   3.266943      95.79     0.0156     2.6435     2.3575  1.9951726  1.0953827   48.93814  -45.82954    34.8969    34.9130     3.6910     3.6906    27.7361    27.7489    6.12241    6.25195         17 0.0000e+00
      94563   3940.070    905.000     3.7577   3.265565     3.7575   3.266904      48.13     0.0161     2.6454     2.3578  1.9939905  1.0955226   48.93816  -45.82954    34.8968    34.9130     3.6910     3.6907    27.7360    27.7489    6.12179    6.25315         17 0.0000e+00
      94580   3940.800    904.000     3.7578   3.265516     3.7577   3.266866      77.57     0.0170     2.6447     2.3585  1.9941629  1.0954430   48.93815  -45.82954    34.8967    34.9129     3.6911     3.6910    27.7359    27.7488    6.11315    6.25196         18 0.0000e+00
      94599   3941.590    903.000     3.7578   3.265476     3.7576   3.266822      95.27     0.0142     2.6459     2.3585  1.9939597  1.0953016   48.93815  -45.82954    34.8968    34.9129     3.6912     3.6910    27.7359    27.7488    6.11316    6.25023         20 0.0000e+00
      94619   3942.430    902.000     3.7578   3.265445     3.7575   3.266761      95.62     0.0164     2.6452     2.3593  1.9942584  1.0952387   48.93816  -45.82954    34.8969    34.9128     3.6913     3.6910    27.7360    27.7488    6.10796    6.25669         20 0.0000e+00
      94639   3943.262    901.000     3.7579   3.265393     3.7578   3.266734      95.70     0.0152     2.6460     2.3598  1.9939548  1.0952381   48.93816  -45.82954    34.8967    34.9128     3.6914     3.6913    27.7359    27.7487    6.12098    6.25682         19 0.0000e+00
      94658   3944.053    900.000     3.7580   3.265352     3.7586   3.266774      95.68     0.0121     2.6466     2.3604  1.9938941  1.0952381   48.93816  -45.82954    34.8967    34.9128     3.6916     3.6923    27.7358    27.7486    6.12031    6.25488         19 0.0000e+00
      94677   3944.830    899.000     3.7589   3.265381     3.7596   3.266819      95.58     0.0086     2.6469     2.3606  1.9938949  1.0952381   48.93816  -45.82954    34.8965    34.9129     3.6926     3.6933    27.7356    27.7485    6.11746    6.25347         19 0.0000e+00
      94696   3945.641    898.000     3.7603   3.265474     3.7609   3.266908      95.54     0.0121     2.6476     2.3612  1.9927425  1.0963905   48.93816  -45.82954    34.8966    34.9130     3.6941     3.6947    27.7355    27.7485    6.11781    6.26027         20 0.0000e+00
      94717   3946.500    897.000     3.7604   3.265439     3.7624   3.267012      95.59     0.0118     2.6479     2.3619  1.9926740  1.0964592   48.93816  -45.82954    34.8967    34.9132     3.6943     3.6963    27.7355    27.7485    6.11599    6.26018         21 0.0000e+00
      94738   3947.366    896.000     3.7608   3.265446     3.7643   3.267147      95.58     0.0110     2.6482     2.3624  1.9934168  1.0963353   48.93816  -45.82954    34.8968    34.9133     3.6947     3.6982    27.7356    27.7484    6.11875    6.26401         20 0.0000e+00
      94757   3948.184    895.000     3.7627   3.265603     3.7658   3.267241      95.59     0.0159     2.6486     2.3633  1.9939053  1.0963305   48.93814  -45.82954    34.8971    34.9133     3.6968     3.6998    27.7357    27.7483    6.12546    6.26743         19 0.0000e+00
      94776   3948.963    894.000     3.7650   3.265752     3.7666   3.267276      95.53     0.0166     2.6501     2.3643  1.9937656  1.0963953   48.93816  -45.82954    34.8970    34.9134     3.6991     3.7007    27.7353    27.7483    6.13040    6.27319         19 0.0000e+00
      94795   3949.766    893.000     3.7658   3.265785     3.7666   3.267202      95.44     0.0145     2.6503     2.3652  1.9926800  1.0964588   48.93816  -45.82954    34.8971    34.9131     3.6999     3.7008    27.7354    27.7480    6.11882    6.27232         20 0.0000e+00
      94817   3950.666    892.000     3.7666   3.265826     3.7672   3.267181      95.35     0.0106     2.6505     2.3660  1.9926740  1.0964592   48.93815  -45.82955    34.8972    34.9127     3.7009     3.7014    27.7353    27.7476    6.12043    6.27120         23 0.0000e+00
      94840   3951.621    891.000     3.7670   3.265798     3.7674   3.267137      95.43     0.0128     2.6513     2.3670  1.9926740  1.0964592   48.93814  -45.82956    34.8971    34.9125     3.7013     3.7017    27.7352    27.7474    6.13311    6.27618         22 0.0000e+00
      94861   3952.500    890.000     3.7672   3.265733     3.7668   3.267014      95.88     0.0122     2.6531     2.3678  1.9926740  1.0964592   48.93814  -45.82956    34.8966    34.9122     3.7016     3.7012    27.7347    27.7472    6.13769    6.27626         20 0.0000e+00
      94880   3953.288    889.000     3.7663   3.265573     3.7651   3.266794      95.64     0.0143     2.6531     2.3685  1.9926740  1.0964592   48.93814  -45.82956    34.8961    34.9119     3.7008     3.6996    27.7344    27.7471    6.14073    6.26880         18 0.0000e+00
      94897   3954.008    888.000     3.7650   3.265395     3.7636   3.266581      95.44     0.0123     2.6550     2.3682  1.9926014  1.0964592   48.93814  -45.82956    34.8959    34.9115     3.6996     3.6981    27.7344    27.7470    6.15155    6.26615         17 0.0000e+00
      94913   3954.684    887.000     3.7632   3.265158     3.7606   3.266230      95.18     0.0116     2.6561     2.3688  1.9925977  1.0964592   48.93814  -45.82956    34.8955    34.9110     3.6979     3.6953    27.7342    27.7468    6.14818    6.27602         16 0.0000e+00
      94929   3955.348    886.000     3.7615   3.264895     3.7581   3.265900      95.85     0.0121     2.6570     2.3693  1.9926733  1.0964592   48.93814  -45.82956    34.8947    34.9102     3.6963     3.6929    27.7338    27.7465    6.14381    6.28173         16 0.0000e+00
      94946   3956.038    885.000     3.7590   3.264587     3.7564   3.265663      95.83     0.0104     2.6571     2.3702  1.9926740  1.0964592   48.93814  -45.82956    34.8942    34.9097     3.6939     3.6913    27.7336    27.7463    6.14661    6.28422         17 0.0000e+00
      94964   3956.812    884.000     3.7575   3.264374     3.7554   3.265507      82.76     0.0117     2.6589     2.3709  1.9926740  1.0964592   48.93814  -45.82956    34.8938    34.9095     3.6925     3.6903    27.7334    27.7462    6.15204    6.28323         20 0.0000e+00
      94987   3957.760    883.000     3.7564   3.264228     3.7542   3.265351      80.31     0.0130     2.6593     2.3717  1.9902138  1.0964592   48.93814  -45.82956    34.8937    34.9093     3.6915     3.6893    27.7335    27.7462    6.14581    6.28733         26 0.0000e+00
      95014   3958.882    882.000     3.7570   3.264247     3.7544   3.265310      95.43     0.0143     2.6608     2.3730  1.9903687  1.0962772   48.93814  -45.82956    34.8939    34.9092     3.6921     3.6895    27.7335    27.7461    6.15625    6.29605         27 0.0000e+00
      95040   3959.958    881.000     3.7558   3.264068     3.7534   3.265147      94.39     0.0118     2.6617     2.3745  1.9897107  1.0952697   48.93814  -45.82956    34.8935    34.9088     3.6910     3.6886    27.7333    27.7458    6.15203    6.30125         24 0.0000e+00
      95061   3960.827    880.000     3.7539   3.263795     3.7523   3.264984      93.42     0.0106     2.6624     2.3759  1.9898266  1.0952373   48.93814  -45.82956    34.8928    34.9086     3.6892     3.6876    27.7330    27.7458    6.15419    6.30054         18 0.0000e+00
      95078   3961.537    879.000     3.7534   3.263710     3.7520   3.264893      94.06     0.0108     2.6626     2.3762  1.9890699  1.0953943   48.93814  -45.82956    34.8928    34.9084     3.6888     3.6874    27.7330    27.7456    6.15963    6.29000         16 0.0000e+00
      95093   3962.176    878.000     3.7529   3.263578     3.7523   3.264877      94.34     0.0133     2.6643     2.3763  1.9890099  1.0952359   48.93814  -45.82958    34.8923    34.9084     3.6884     3.6877    27.7327    27.7455    6.15722    6.29372         15 0.0000e+00
      95108   3962.796    877.000     3.7523   3.263481     3.7518   3.264776      94.86     0.0130     2.6639     2.3769  1.9890109  1.0953200   48.93814  -45.82958    34.8923    34.9083     3.6879     3.6873    27.7327    27.7455    6.14944    6.30380         15 0.0000e+00
      95124   3963.454    876.000     3.7519   3.263379     3.7506   3.264610      95.22     0.0137     2.6643     2.3782  1.9898667  1.0953100   48.93814  -45.82958    34.8921    34.9081     3.6875     3.6862    27.7326    27.7454    6.15656    6.30763         17 0.0000e+00
      95142   3964.200    875.000     3.7510   3.263237     3.7483   3.264321      95.25     0.0148     2.6648     2.3786  1.9902915  1.0952389   48.93814  -45.82958    34.8919    34.9076     3.6867     3.6840    27.7325    27.7453    6.15668    6.30342         19 0.0000e+00
      95163   3965.089    874.000     3.7493   3.263014     3.7465   3.264084      95.21     0.0162     2.6655     2.3795  1.9896435  1.0952381   48.93814  -45.82958    34.8915    34.9071     3.6851     3.6824    27.7324    27.7451    6.15589    6.30507         23 0.0000e+00
      95187   3966.096    873.000     3.7486   3.262903     3.7468   3.264060      95.86     0.0194     2.6661     2.3801  1.9890029  1.0952381   48.93814  -45.82958    34.8914    34.9071     3.6845     3.6827    27.7324    27.7451    6.15672    6.29977         25 0.0000e+00
      95212   3967.142    872.000     3.7490   3.262908     3.7477   3.264086      94.80     0.0137     2.6666     2.3806  1.9890109  1.0952381   48.93814  -45.82958    34.8915    34.9069     3.6850     3.6837    27.7324    27.7448    6.15430    6.30385         25 0.0000e+00
      95236   3968.114    871.000     3.7489   3.262819     3.7508   3.264335      93.55     0.0116     2.6670     2.3813  1.9890109  1.0952381   48.93816  -45.82958    34.8912    34.9072     3.6849     3.6868    27.7321    27.7447    6.15690    6.30851         21 0.0000e+00
      95255   3968.925    870.000     3.7512   3.262974     3.7570   3.264907      95.95     0.0112     2.6669     2.3823  1.9889407  1.0952381   48.93816  -45.82958    34.8911    34.9079     3.6873     3.6930    27.7318    27.7446    6.15046    6.30861         18 0.0000e+00
      95272   3969.628    869.000     3.7548   3.263289     3.7603   3.265226      95.84     0.0147     2.6671     2.3826  1.9852625  1.0952381   48.93816  -45.82958    34.8913    34.9087     3.6910     3.6964    27.7316    27.7449    6.15388    6.30355         17 0.0000e+00
      95288   3970.290    868.000     3.7597   3.263728     3.7625   3.265412      94.31     0.0139     2.6676     2.3826  1.9855911  1.0952381   48.93814  -45.82958    34.8921    34.9091     3.6959     3.6987    27.7317    27.7450    6.16177    6.30186         15 0.0000e+00
      95304   3970.959    867.000     3.7619   3.263945     3.7634   3.265450      48.52     0.0140     2.6686     2.3831  1.9851322  1.0952381   48.93816  -45.82958    34.8928    34.9091     3.6982     3.6997    27.7321    27.7449    6.15771    6.30591         17 0.0000e+00
      95322   3971.707    866.000     3.7624   3.263952     3.7617   3.265229      63.49     0.0149     2.6682     2.3837  1.9860529  1.0952381   48.93816  -45.82958    34.8928    34.9087     3.6988     3.6981    27.7320    27.7448    6.15496    6.31303         20 0.0000e+00
      95345   3972.674    865.000     3.7615   3.263805     3.7588   3.264879      94.69     0.0148     2.6697     2.3848  1.9856793  1.0952381   48.93816  -45.82958    34.8926    34.9082     3.6979     3.6953    27.7320    27.7447    6.16670    6.30508         27 0.0000e+00
      95372   3973.804    864.000     3.7617   3.263764     3.7580   3.264749      90.42     0.0129     2.6708     2.3844  1.9850477  1.0960782   48.93816  -45.82958    34.8925    34.9081     3.6982     3.6945    27.7318    27.7446    6.16933    6.29049         25 0.0000e+00
      95394   3974.699    863.000     3.7578   3.263327     3.7546   3.264357      89.58     0.0143     2.6715     2.3837  1.9854724  1.0957552   48.93816  -45.82958    34.8919    34.9075     3.6945     3.6913    27.7317    27.7445    6.17075    6.29232         19 0.0000e+00
      95412   3975.455    862.000     3.7554   3.263035     3.7530   3.264125      81.15     0.0177     2.6725     2.3840  1.9843467  1.0953832   48.93816  -45.82958    34.8914    34.9070     3.6922     3.6897    27.7316    27.7443    6.16781    6.30346         17 0.0000e+00
      95430   3976.216    861.000     3.7538   3.262814     3.7529   3.264058      73.07     0.0191     2.6726     2.3845  1.9841305  1.0952405   48.93816  -45.82958    34.8910    34.9068     3.6907     3.6897    27.7314    27.7441    6.16999    6.31395         20 0.0000e+00
      95451   3977.101    860.000     3.7532   3.262698     3.7520   3.263918      94.02     0.0134     2.6740     2.3856  1.9843853  1.0952381   48.93816  -45.82958    34.8909    34.9066     3.6901     3.6889    27.7313    27.7440    6.18389    6.31423         23 0.0000e+00
      95475   3978.098    859.000     3.7532   3.262636     3.7511   3.263763      92.77     0.0145     2.6754     2.3863  1.9853086  1.0952381   48.93816  -45.82958    34.8906    34.9063     3.6902     3.6880    27.7312    27.7439    6.18671    6.31122         23 0.0000e+00
