data/CTD/2013/CNV/U021A012.CNV
* Sea-Bird SBE 9 Data File:
* FileName = C:\CTD_ACQUISITION\2013021HUD\ctddata\021A012.hdr
* Software Version Seasave V 7.22.2
* Temperature SN = 5081
* Conductivity SN = 3561
* Number of Bytes Per Scan = 37
* Number of Voltage Words = 4
* Number of Scans Averaged by the Deck Unit = 1
* NMEA Latitude = 46 59.96 N
* NMEA Longitude = 047 14.97 W
* NMEA UTC (Time) = Jul 01 2013 20:26:26
* NMEA baud rate = 9600
** Ship: Hudson
** Cruise: HUD2013021
** Chief_Scientist: Greenan
** Organization: BIO
** Area_of_Operation: Sackville Spur
** Station: 12
** Sounding:  552
** Event_Comments: FC15  393111
# nquan = 25
# nvalues = 552                         
# units = specified
# name 0 = scan: Scan Count
# name 1 = timeS: Time, Elapsed [seconds]
# name 2 = prDM: Pressure, Digiquartz [db]
# name 3 = t068C: Temperature [ITS-68, deg C]
# name 4 = c0S/m: Conductivity [S/m]
# name 5 = t168C: Temperature, 2 [ITS-68, deg C]
# name 6 = c1S/m: Conductivity, 2 [S/m]
# name 7 = altM: Altimeter [m]
# name 8 = flCUVA: Fluorescence, Chelsea UV Aquatracka [ug/l]
# name 9 = sbeox0V: Oxygen raw, SBE 43 [V]
# name 10 = sbeox1V: Oxygen raw, SBE 43, 2 [V]
# name 11 = upoly0: Upoly 0, Optode 4330F - O2 D-Phase
# name 12 = upoly1: Upoly 1, Optode 4330F - O2 Temp
# name 13 = latitude: Latitude [deg]
# name 14 = longitude: Longitude [deg]
# name 15 = sal00: Salinity, Practical [PSU]
# name 16 = sal11: Salinity, Practical, 2 [PSU]
# name 17 = potemp068C: Potential Temperature [ITS-68, deg C]
# name 18 = potemp168C: Potential Temperature, 2 [ITS-68, deg C]
# name 19 = sigma-é00: Density [sigma-theta, Kg/m^3]
# name 20 = sigma-é11: Density, 2 [sigma-theta, Kg/m^3]
# name 21 = sbeox0ML/L: Oxygen, SBE 43 [ml/l], WS = 2
# name 22 = sbeox1ML/L: Oxygen, SBE 43, 2 [ml/l], WS = 2
# name 23 = nbin: number of scans per bin
# name 24 = flag: flag
# span 0 =      31314,      45687       
# span 1 =   1304.704,   1903.604       
# span 2 =      1.000,    552.000       
# span 3 =    -0.7289,     6.3643       
# span 4 =   2.699162,   3.252385       
# span 5 =    -0.7325,     6.3641       
# span 6 =   2.700662,   3.253646       
# span 7 =       3.95,      98.32       
# span 8 =     0.0083,     0.1230       
# span 9 =     2.6510,     3.3680       
# span 10 =     2.3773,     3.0453      
# span 11 =  1.7205366,  2.0817979      
# span 12 =  0.5483370,  1.4162183      
# span 13 =   46.99603,   46.99746      
# span 14 =  -47.24835,  -47.24740      
# span 15 =    32.4127,    34.8061      
# span 16 =    32.4231,    34.8213      
# span 17 =    -0.7304,     6.3643      
# span 18 =    -0.7340,     6.3640      
# span 19 =    25.4637,    27.6497      
# span 20 =    25.4719,    27.6618      
# span 21 =    5.89226,    8.09440      
# span 22 =    6.05541,    8.37416      
# span 23 =         14,        785      
# span 24 = 0.0000e+00, 0.0000e+00      
# interval = decibars: 1                
# start_time = Jul 01 2013 20:26:26 [NMEA time, header]
# bad_flag = -9.990e-29
*END*
[from data line 174]
      35787   1491.075    378.000     3.4498   3.197373     3.4472   3.198316      47.15     0.0132     2.8311     2.5326  1.9521137  1.0651613   46.99728  -47.24762    34.6871    34.7012     3.4245     3.4219    27.5953    27.6068    6.30225    6.45125         29 0.0000e+00
      35825   1492.655    377.000     3.4483   3.197182     3.4439   3.197887      98.18     0.0169     2.8320     2.5347  1.9523281  1.0643280   46.99728  -47.24762    34.6869    34.7001     3.4231     3.4187    27.5952    27.6062    6.31049    6.46946         43 0.0000e+00
      35861   1494.179    376.000     3.4392   3.196152     3.4363   3.197084      88.41     0.0177     2.8343     2.5370  1.9519256  1.0631281   46.99728  -47.24762    34.6848    34.6991     3.4141     3.4112    27.5944    27.6061    6.33193    6.46693         28 0.0000e+00
      35882   1495.060    375.000     3.4295   3.194986     3.4218   3.195373      97.07     0.0210     2.8367     2.5377  1.9521767  1.0631530   46.99726  -47.24762    34.6816    34.6945     3.4045     3.3968    27.5928    27.6038    6.33514    6.47379         18 0.0000e+00
      35899   1495.741    374.000     3.4132   3.193053     3.4070   3.193651      97.13     0.0167     2.8375     2.5387  1.9519764  1.0622822   46.99726  -47.24762    34.6762    34.6901     3.3883     3.3821    27.5901    27.6017    6.33353    6.48125         15 0.0000e+00
      35914   1496.355    373.000     3.4029   3.191823     3.3990   3.192696      97.09     0.0164     2.8385     2.5394  1.9520321  1.0622711   46.99726  -47.24762    34.6730    34.6876     3.3781     3.3742    27.5885    27.6005    6.32929    6.48243         14 0.0000e+00
      35928   1496.947    372.000     3.3952   3.190896     3.3912   3.191751      97.13     0.0146     2.8384     2.5402  1.9518154  1.0622711   46.99726  -47.24762    34.6705    34.6851     3.3705     3.3665    27.5872    27.5993    6.32242    6.48268         15 0.0000e+00
      35943   1497.588    371.000     3.3875   3.189997     3.3841   3.190915      97.09     0.0118     2.8384     2.5407  1.9523667  1.0610805   46.99726  -47.24762    34.6684    34.6831     3.3629     3.3595    27.5863    27.5983    6.31766    6.47955         16 0.0000e+00
      35961   1498.332    370.000     3.3812   3.189247     3.3770   3.190091      97.11     0.0123     2.8377     2.5409  1.9523809  1.0610501   46.99726  -47.24762    34.6666    34.6812     3.3567     3.3525    27.5855    27.5975    6.32229    6.47950         20 0.0000e+00
      35983   1499.253    369.000     3.3754   3.188525     3.3713   3.189395      97.13     0.0154     2.8388     2.5417  1.9532785  1.0590553   46.99724  -47.24762    34.6646    34.6795     3.3510     3.3468    27.5845    27.5967    6.33696    6.48697         24 0.0000e+00
      36011   1500.411    368.000     3.3730   3.188264     3.3666   3.188834      97.13     0.0144     2.8402     2.5426  1.9540800  1.0573118   46.99724  -47.24762    34.6645    34.6783     3.3487     3.3422    27.5846    27.5962    6.34474    6.48629         32 0.0000e+00
      36045   1501.823    367.000     3.3782   3.188764     3.3650   3.188572      71.24     0.0171     2.8421     2.5432  1.9520060  1.0559044   46.99724  -47.24761    34.6656    34.6774     3.3539     3.3407    27.5849    27.5956    6.34114    6.48288         34 0.0000e+00
      36075   1503.082    366.000     3.3718   3.188006     3.3565   3.187608      97.54     0.0152     2.8425     2.5432  1.9519572  1.0556453   46.99724  -47.24760    34.6638    34.6753     3.3476     3.3323    27.5841    27.5948    6.33832    6.47965         26 0.0000e+00
      36098   1504.021    365.000     3.3570   3.186384     3.3488   3.186695      97.14     0.0147     2.8433     2.5434  1.9523810  1.0550060   46.99722  -47.24760    34.6605    34.6731     3.3330     3.3247    27.5829    27.5937    6.33983    6.48506         20 0.0000e+00
      36116   1504.784    364.000     3.3483   3.185291     3.3460   3.186329      97.14     0.0167     2.8431     2.5436  1.9523098  1.0549457   46.99722  -47.24760    34.6572    34.6722     3.3243     3.3220    27.5811    27.5933    6.33476    6.48806         17 0.0000e+00
      36132   1505.477    363.000     3.3451   3.184896     3.3438   3.186052      97.14     0.0147     2.8431     2.5440  1.9516964  1.0540327   46.99722  -47.24760    34.6563    34.6717     3.3212     3.3199    27.5807    27.5931    6.33439    6.48964         16 0.0000e+00
      36149   1506.158    362.000     3.3424   3.184556     3.3397   3.185564      97.14     0.0171     2.8425     2.5444  1.9518050  1.0537276   46.99722  -47.24760    34.6557    34.6708     3.3185     3.3159    27.5805    27.5927    6.33328    6.48481         17 0.0000e+00
      36166   1506.882    361.000     3.3370   3.183923     3.3330   3.184780      97.09     0.0171     2.8430     2.5441  1.9518377  1.0537241   46.99721  -47.24760    34.6541    34.6689     3.3133     3.3093    27.5797    27.5919    6.33394    6.47953         18 0.0000e+00
      36185   1507.681    360.000     3.3314   3.183233     3.3275   3.184119      97.14     0.0132     2.8425     2.5439  1.9523767  1.0513614   46.99720  -47.24760    34.6525    34.6674     3.3077     3.3039    27.5790    27.5912    6.33123    6.47994         20 0.0000e+00
      36207   1508.595    359.000     3.3274   3.182728     3.3231   3.183559      96.93     0.0151     2.8423     2.5436  1.9523809  1.0512826   46.99720  -47.24760    34.6512    34.6659     3.3039     3.2995    27.5783    27.5904    6.33020    6.47597         24 0.0000e+00
      36232   1509.633    358.000     3.3243   3.182343     3.3181   3.182982      38.31     0.0188     2.8417     2.5431  1.9521025  1.0493331   46.99720  -47.24760    34.6505    34.6648     3.3008     3.2946    27.5780    27.5900    6.32114    6.46619         26 0.0000e+00
      36259   1510.756    357.000     3.3235   3.182206     3.3094   3.181949      96.31     0.0181     2.8402     2.5412  1.9519038  1.0487602   46.99720  -47.24760    34.6502    34.6621     3.3001     3.2860    27.5778    27.5887    6.30805    6.44919         28 0.0000e+00
      36287   1511.905    356.000     3.3165   3.181355     3.2991   3.180765      96.97     0.0189     2.8383     2.5390  1.9542791  1.0470414   46.99719  -47.24760    34.6486    34.6594     3.2926     3.2758    27.5773    27.5875    6.29842    6.44448         26 0.0000e+00
      36311   1512.937    355.000     3.3055   3.180080     3.2913   3.179793      85.78     0.0151     2.8360     2.5370  1.9538057  1.0473053   46.99718  -47.24760    34.6446    34.6565     3.2823     3.2681    27.5752    27.5859    6.29597    6.43581         23 0.0000e+00
      36333   1513.826    354.000     3.2954   3.178940     3.2854   3.179112      97.30     0.0138     2.8347     2.5351  1.9516165  1.0476238   46.99717  -47.24760    34.6423    34.6550     3.2723     3.2623    27.5742    27.5853    6.28365    6.43183         20 0.0000e+00
      36352   1514.619    353.000     3.2867   3.177893     3.2820   3.178609      97.10     0.0133     2.8322     2.5338  1.9516101  1.0472366   46.99716  -47.24760    34.6395    34.6532     3.2637     3.2590    27.5727    27.5841    6.27552    6.43574         19 0.0000e+00
      36370   1515.375    352.000     3.2823   3.177307     3.2810   3.178386      97.10     0.0114     2.8304     2.5330  1.9521623  1.0458262   46.99716  -47.24760    34.6376    34.6521     3.2594     3.2581    27.5717    27.5833    6.27610    6.43962         18 0.0000e+00
      36389   1516.155    351.000     3.2810   3.177058     3.2803   3.178241      97.13     0.0143     2.8286     2.5326  1.9523777  1.0446807   46.99716  -47.24760    34.6366    34.6515     3.2581     3.2574    27.5710    27.5830    6.27730    6.43586         19 0.0000e+00
      36409   1516.996    350.000     3.2798   3.176863     3.2797   3.178109      97.14     0.0158     2.8279     2.5314  1.9529599  1.0444802   46.99716  -47.24760    34.6360    34.6513     3.2570     3.2568    27.5706    27.5828    6.27315    6.41769         21 0.0000e+00
      36431   1517.902    349.000     3.2794   3.176757     3.2795   3.178041      97.09     0.0173     2.8256     2.5293  1.9547806  1.0427783   46.99716  -47.24759    34.6358    34.6512     3.2566     3.2567    27.5705    27.5827    6.25924    6.40073         22 0.0000e+00
      36453   1518.852    348.000     3.2797   3.176747     3.2792   3.177970      97.11     0.0186     2.8240     2.5265  1.9548228  1.0427352   46.99715  -47.24758    34.6358    34.6512     3.2571     3.2565    27.5704    27.5827    6.25642    6.38306         24 0.0000e+00
      36477   1519.850    347.000     3.2803   3.176769     3.2795   3.177950      87.77     0.0183     2.8209     2.5228  1.9547722  1.0415701   46.99714  -47.24758    34.6360    34.6511     3.2577     3.2569    27.5705    27.5827    6.22156    6.36229         24 0.0000e+00
      36502   1520.862    346.000     3.2812   3.176805     3.2808   3.178030      69.62     0.0173     2.8161     2.5189  1.9546182  1.0415137   46.99714  -47.24758    34.6361    34.6513     3.2586     3.2582    27.5705    27.5827    6.19150    6.34217         24 0.0000e+00
      36525   1521.837    345.000     3.2819   3.176821     3.2816   3.178064      97.22     0.0139     2.8099     2.5140  1.9542377  1.0415140   46.99713  -47.24758    34.6360    34.6514     3.2594     3.2591    27.5704    27.5827    6.16192    6.31340         23 0.0000e+00
      36547   1522.747    344.000     3.2843   3.176976     3.2851   3.178364      97.14     0.0161     2.8048     2.5089  1.9541836  1.0415140   46.99712  -47.24758    34.6359    34.6518     3.2618     3.2627    27.5701    27.5826    6.14938    6.28769         21 0.0000e+00
      36568   1523.643    343.000     3.2882   3.177334     3.2944   3.179194      97.12     0.0175     2.7994     2.5032  1.9564246  1.0415140   46.99712  -47.24758    34.6366    34.6525     3.2658     3.2720    27.5703    27.5823    6.13147    6.25844         22 0.0000e+00
      36591   1524.600    342.000     3.2964   3.178053     3.2994   3.179641      97.14     0.0184     2.7931     2.4969  1.9567549  1.0415140   46.99712  -47.24758    34.6371    34.6531     3.2741     3.2771    27.5699    27.5823    6.09778    6.24403         24 0.0000e+00
      36615   1525.573    341.000     3.2998   3.178329     3.3014   3.179780      97.14     0.0163     2.7860     2.4915  1.9567655  1.0405598   46.99712  -47.24758    34.6374    34.6532     3.2775     3.2791    27.5698    27.5822    6.09325    6.22819         22 0.0000e+00
      36636   1526.438    340.000     3.3021   3.178517     3.3044   3.180000      97.14     0.0140     2.7818     2.4861  1.9566846  1.0402862   46.99710  -47.24758    34.6377    34.6531     3.2799     3.2822    27.5698    27.5819    6.08854    6.20392         19 0.0000e+00
      36654   1527.200    339.000     3.3071   3.178934     3.3091   3.180372      97.13     0.0178     2.7784     2.4812  1.9576885  1.0408448   46.99710  -47.24758    34.6380    34.6532     3.2849     3.2869    27.5695    27.5815    6.07845    6.18963         18 0.0000e+00
      36672   1527.952    338.000     3.3120   3.179333     3.3126   3.180655      48.55     0.0183     2.7740     2.4769  1.9584153  1.0415083   46.99710  -47.24758    34.6381    34.6534     3.2899     3.2905    27.5691    27.5813    6.04995    6.18229         19 0.0000e+00
      36692   1528.797    337.000     3.3162   3.179658     3.3176   3.181058      66.28     0.0179     2.7683     2.4726  1.9588662  1.0415140   46.99709  -47.24758    34.6381    34.6535     3.2941     3.2956    27.5687    27.5809    6.03020    6.17209         22 0.0000e+00
      36717   1529.817    336.000     3.3182   3.179801     3.3204   3.181245      97.26     0.0172     2.7629     2.4673  1.9616448  1.0414197   46.99708  -47.24758    34.6382    34.6533     3.2962     3.2984    27.5687    27.5805    6.02653    6.15200         26 0.0000e+00
      36742   1530.882    335.000     3.3171   3.179603     3.3173   3.180834      89.85     0.0204     2.7572     2.4617  1.9616927  1.0413076   46.99708  -47.24758    34.6376    34.6522     3.2952     3.2954    27.5682    27.5799    6.00624    6.14604         24 0.0000e+00
      36764   1531.778    334.000     3.3137   3.179172     3.3012   3.178972      89.09     0.0229     2.7524     2.4585  1.9640598  1.0415156   46.99708  -47.24758    34.6365    34.6474     3.2919     3.2794    27.5677    27.5776    5.99830    6.15052         20 0.0000e+00
      36782   1532.561    333.000     3.3033   3.177876     3.2923   3.177807      97.05     0.0197     2.7483     2.4557  1.9639128  1.0415140   46.99708  -47.24758    34.6325    34.6434     3.2816     3.2706    27.5655    27.5752    5.99407    6.14962         18 0.0000e+00
      36801   1533.333    332.000     3.2927   3.176528     3.2887   3.177276      96.96     0.0208     2.7458     2.4541  1.9658762  1.0415140   46.99706  -47.24758    34.6280    34.6413     3.2711     3.2671    27.5629    27.5739    6.00585    6.15717         19 0.0000e+00
      36823   1534.230    331.000     3.2876   3.175797     3.2851   3.176769      97.10     0.0230     2.7431     2.4528  1.9670074  1.0415140   46.99706  -47.24758    34.6252    34.6396     3.2661     3.2635    27.5611    27.5729    5.99870    6.15535         25 0.0000e+00
      36851   1535.433    330.000     3.2849   3.175445     3.2832   3.176462      97.06     0.0193     2.7396     2.4509  1.9704149  1.0407541   46.99706  -47.24758    34.6243    34.6385     3.2635     3.2617    27.5607    27.5721    5.99039    6.15486         32 0.0000e+00
      36881   1536.681    329.000     3.2835   3.175216     3.2817   3.176235      97.04     0.0181     2.7366     2.4493  1.9721055  1.0402796   46.99705  -47.24756    34.6236    34.6379     3.2621     3.2603    27.5603    27.5718    5.98869    6.14360         26 0.0000e+00
      36903   1537.568    328.000     3.2801   3.174746     3.2758   3.175506      97.04     0.0197     2.7348     2.4474  1.9762135  1.0392699   46.99704  -47.24756    34.6221    34.6359     3.2588     3.2544    27.5593    27.5708    5.98816    6.13556         18 0.0000e+00
      36920   1538.282    327.000     3.2741   3.173996     3.2719   3.175017      96.89     0.0210     2.7333     2.4464  1.9765780  1.0390688   46.99704  -47.24756    34.6200    34.6347     3.2528     3.2507    27.5583    27.5701    5.98714    6.14089         16 0.0000e+00
      36936   1538.973    326.000     3.2710   3.173585     3.2698   3.174731      53.03     0.0189     2.7327     2.4457  1.9771725  1.0390720   46.99704  -47.24758    34.6189    34.6340     3.2498     3.2487    27.5576    27.5698    5.98771    6.14186         17 0.0000e+00
      36955   1539.734    325.000     3.2695   3.173362     3.2684   3.174529      87.02     0.0183     2.7316     2.4450  1.9834911  1.0379056   46.99703  -47.24757    34.6183    34.6336     3.2484     3.2473    27.5573    27.5696    5.98430    6.13770         20 0.0000e+00
      36977   1540.649    324.000     3.2670   3.173049     3.2659   3.174202      97.10     0.0189     2.7306     2.4440  1.9833635  1.0379530   46.99702  -47.24756    34.6177    34.6328     3.2460     3.2449    27.5570    27.5692    5.98065    6.13461         24 0.0000e+00
      37000   1541.636    323.000     3.2656   3.172840     3.2624   3.173750      97.10     0.0181     2.7285     2.4434  1.9879489  1.0367757   46.99702  -47.24756    34.6172    34.6317     3.2447     3.2415    27.5568    27.5686    5.96759    6.13781         23 0.0000e+00
      37022   1542.522    322.000     3.2613   3.172279     3.2544   3.172781      97.14     0.0169     2.7275     2.4427  1.9884013  1.0366298   46.99702  -47.24756    34.6156    34.6290     3.2405     3.2336    27.5559    27.5673    5.97534    6.13265         20 0.0000e+00
