data/CTD/2013/CNV/U021A010.CNV
* Sea-Bird SBE 9 Data File:
* FileName = C:\CTD_ACQUISITION\2013021HUD\ctddata\021A010.hdr
* Software Version Seasave V 7.22.2
* Temperature SN = 5081
* Conductivity SN = 3561
* Number of Bytes Per Scan = 37
* Number of Voltage Words = 4
* Number of Scans Averaged by the Deck Unit = 1
* NMEA Latitude = 46 59.91 N
* NMEA Longitude = 047 29.66 W
* NMEA UTC (Time) = Jul 01 2013 18:46:23
* NMEA baud rate = 9600
** Ship: Hudson
** Cruise: HUD2013021
** Chief_Scientist: Greenan
** Organization: BIO
** Area_of_Operation: Sackville Spur
** Station: 10
** Sounding:  220
** Event_Comments: FC14  393107
# nquan = 25
# nvalues = 211                         
# units = specified
# name 0 = scan: Scan Count
# name 1 = timeS: Time, Elapsed [seconds]
# name 2 = prDM: Pressure, Digiquartz [db]
# name 3 = t068C: Temperature [ITS-68, deg C]
# name 4 = c0S/m: Conductivity [S/m]
# name 5 = t168C: Temperature, 2 [ITS-68, deg C]
# name 6 = c1S/m: Conductivity, 2 [S/m]
# name 7 = altM: Altimeter [m]
# name 8 = flCUVA: Fluorescence, Chelsea UV Aquatracka [ug/l]
# name 9 = sbeox0V: Oxygen raw, SBE 43 [V]
# name 10 = sbeox1V: Oxygen raw, SBE 43, 2 [V]
# name 11 = upoly0: Upoly 0, Optode 4330F - O2 D-Phase
# name 12 = upoly1: Upoly 1, Optode 4330F - O2 Temp
# name 13 = latitude: Latitude [deg]
# name 14 = longitude: Longitude [deg]
# name 15 = sal00: Salinity, Practical [PSU]
# name 16 = sal11: Salinity, Practical, 2 [PSU]
# name 17 = potemp068C: Potential Temperature [ITS-68, deg C]
# name 18 = potemp168C: Potential Temperature, 2 [ITS-68, deg C]
# name 19 = sigma-é00: Density [sigma-theta, Kg/m^3]
# name 20 = sigma-é11: Density, 2 [sigma-theta, Kg/m^3]
# name 21 = sbeox0ML/L: Oxygen, SBE 43 [ml/l], WS = 2
# name 22 = sbeox1ML/L: Oxygen, SBE 43, 2 [ml/l], WS = 2
# name 23 = nbin: number of scans per bin
# name 24 = flag: flag
# span 0 =      15490,      22722       
# span 1 =    645.366,    946.705       
# span 2 =      1.000,    211.000       
# span 3 =    -0.8283,     6.5095       
# span 4 =   2.684091,   3.241838       
# span 5 =    -0.8391,     6.5013       
# span 6 =   2.684200,   3.243178       
# span 7 =       3.14,      98.73       
# span 8 =     0.0162,     0.2037       
# span 9 =     2.5394,     3.4142       
# span 10 =     2.2947,     3.1119      
# span 11 =  1.7197647,  2.1587155      
# span 12 =  0.5323595,  1.4323000      
# span 13 =   46.99770,   46.99814      
# span 14 =  -47.49312,  -47.49290      
# span 15 =    32.3186,    34.0185      
# span 16 =    32.3341,    34.0600      
# span 17 =    -0.8298,     6.5093      
# span 18 =    -0.8406,     6.5012      
# span 19 =    25.3711,    27.2047      
# span 20 =    25.3844,    27.2344      
# span 21 =    5.64698,    8.42432      
# span 22 =    5.87111,    8.91874      
# span 23 =         13,         87      
# span 24 = 0.0000e+00, 0.0000e+00      
# interval = decibars: 1                
# start_time = Jul 01 2013 18:46:23 [NMEA time, header]
# bad_flag = -9.990e-29
*END*
      15490    645.366    211.000     1.7550   2.988066     1.8038   2.995522       4.49     0.0407     2.5700     2.3226  2.1433902  0.8329242   46.99813  -47.49304    34.0185    34.0600     1.7444     1.7930    27.2047    27.2344    5.72828    5.89808         13 0.0000e+00
      15533    647.147    210.000     1.7116   2.982872     1.6557   2.976763       4.97     0.0396     2.5680     2.3171  2.1453228  0.8323586   46.99814  -47.49304    34.0004    33.9835     1.7011     1.6453    27.1934    27.1839    5.68641    5.90050         41 0.0000e+00
      15568    648.625    209.000     1.6207   2.970890     1.6709   2.978155       5.56     0.0415     2.5637     2.3138  2.1466312  0.8308412   46.99813  -47.49304    33.9477    33.9853     1.6104     1.6605    27.1577    27.1842    5.68148    5.89638         33 0.0000e+00
      15608    650.291    208.000     1.6835   2.978368     1.7362   2.986708       7.10     0.0412     2.5601     2.3116  2.1475537  0.8232018   46.99810  -47.49302    33.9722    34.0234     1.6731     1.7257    27.1728    27.2100    5.67417    5.89570         48 0.0000e+00
      15653    652.158    207.000     1.7254   2.983805     1.7029   2.982621       7.98     0.0410     2.5581     2.3124  2.1464605  0.8220857   46.99810  -47.49302    33.9992    34.0082     1.7150     1.6926    27.1914    27.2003    5.67421    5.92898         34 0.0000e+00
      15680    653.302    206.000     1.6817   2.978810     1.5563   2.964075       8.90     0.0409     2.5574     2.3132  2.1457319  0.8241938   46.99810  -47.49302    33.9836    33.9327     1.6714     1.5462    27.1821    27.1502    5.66717    5.93313         25 0.0000e+00
      15703    654.263    205.000     1.5680   2.964313     1.5186   2.958650       9.77     0.0439     2.5557     2.3117  2.1453025  0.8253875   46.99810  -47.49302    33.9236    33.9052     1.5579     1.5086    27.1421    27.1308    5.68129    5.92106         22 0.0000e+00
      15728    655.292    204.000     1.5235   2.958169     1.5077   2.957210      10.73     0.0430     2.5543     2.3107  2.1469233  0.8276622   46.99810  -47.49302    33.8943    33.8992     1.5136     1.4978    27.1218    27.1268    5.69134    5.92851         28 0.0000e+00
      16593    691.328    203.000     1.5043   2.955587     1.5054   2.956989      12.33     0.0393     2.5478     2.3032  2.1525836  0.8175668   46.99802  -47.49298    33.8829    33.8993     1.4945     1.4956    27.1139    27.1271    5.68372    5.91198         66 0.0000e+00
      16916    704.774    202.000     1.5028   2.955468     1.5053   2.956991      13.33     0.0389     2.5457     2.3013  2.1537819  0.8133693   46.99800  -47.49296    33.8836    33.9002     1.4931     1.4955    27.1146    27.1278    5.68219    5.91048         47 0.0000e+00
      16985    707.679    201.000     1.4988   2.954910     1.4998   2.956248      14.44     0.0423     2.5456     2.3016  2.1547120  0.8131868   46.99800  -47.49296    33.8813    33.8972     1.4892     1.4901    27.1130    27.1258    5.68047    5.90966         52 0.0000e+00
      17018    709.046    200.000     1.4960   2.954449     1.4955   2.955618      15.16     0.0431     2.5458     2.3013  2.1551352  0.8131868   46.99800  -47.49296    33.8791    33.8944     1.4864     1.4859    27.1114    27.1238    5.68647    5.90643         23 0.0000e+00
      17038    709.887    199.000     1.4946   2.954216     1.4943   2.955411      15.91     0.0411     2.5462     2.3014  2.1552620  0.8133171   46.99800  -47.49296    33.8782    33.8937     1.4850     1.4847    27.1109    27.1233    5.68951    5.90878         19 0.0000e+00
      17056    710.633    198.000     1.4936   2.954052     1.4934   2.955266      16.75     0.0420     2.5466     2.3015  2.1551371  0.8133891   46.99800  -47.49296    33.8778    33.8934     1.4841     1.4839    27.1106    27.1231    5.68592    5.90771         18 0.0000e+00
      17076    711.453    197.000     1.4929   2.953912     1.4928   2.955132      17.69     0.0458     2.5468     2.3013  2.1540484  0.8131933   46.99800  -47.49297    33.8773    33.8929     1.4834     1.4833    27.1103    27.1228    5.68196    5.90428         22 0.0000e+00
      17102    712.538    196.000     1.4923   2.953808     1.4923   2.955026      18.85     0.0472     2.5461     2.3008  2.1538501  0.8131471   46.99800  -47.49298    33.8772    33.8927     1.4829     1.4841    27.1102    27.1227    5.67052    5.89024         30 0.0000e+00
      17135    713.932    195.000     1.4921   2.953736     1.4920   2.954966      19.90     0.0471     2.5451     2.2986  2.1550627  0.8125109   46.99800  -47.49298    33.8771    33.8928     1.4828     1.4826    27.1101    27.1228    5.66750    5.87177         36 0.0000e+00
      17170    715.362    194.000     1.4921   2.953689     1.4918   2.954902      20.72     0.0470     2.5443     2.2967  2.1550672  0.8125366   46.99800  -47.49298    33.8771    33.8927     1.4828     1.4825    27.1101    27.1227    5.66128    5.87912         30 0.0000e+00
      17195    716.412    193.000     1.4914   2.953568     1.4902   2.954677      21.28     0.0480     2.5430     2.2964  2.1550672  0.8125206   46.99800  -47.49298    33.8768    33.8922     1.4822     1.4810    27.1100    27.1224    5.65202    5.87603         22 0.0000e+00
      17215    717.230    192.000     1.4885   2.953204     1.4853   2.954086      21.82     0.0451     2.5422     2.2950  2.1557465  0.8124405   46.99800  -47.49298    33.8759    33.8906     1.4793     1.4760    27.1095    27.1215    5.65250    5.87111         18 0.0000e+00
      17232    717.958    191.000     1.4826   2.952531     1.4797   2.953401      22.39     0.0449     2.5412     2.2952  2.1562877  0.8126839   46.99800  -47.49298    33.8743    33.8885     1.4735     1.4705    27.1085    27.1202    5.65070    5.87947         17 0.0000e+00
      17249    718.662    190.000     1.4781   2.951941     1.4760   2.952936      23.44     0.0460     2.5407     2.2947  2.1562881  0.8126841   46.99800  -47.49298    33.8723    33.8871     1.4690     1.4669    27.1072    27.1193    5.64815    5.87998         17 0.0000e+00
      17267    719.414    189.000     1.4749   2.951527     1.4740   2.952659      24.85     0.0448     2.5400     2.2947  2.1552644  0.8125448   46.99800  -47.49298    33.8711    33.8864     1.4658     1.4649    27.1065    27.1189    5.64698    5.88911         19 0.0000e+00
      17288    720.303    188.000     1.4732   2.951295     1.4723   2.952423      26.17     0.0487     2.5394     2.2958  2.1550691  0.8126767   46.99800  -47.49298    33.8705    33.8858     1.4642     1.4633    27.1061    27.1185    5.65491    5.91595         24 0.0000e+00
      17317    721.492    187.000     1.4722   2.951134     1.4712   2.952253      27.56     0.0489     2.5404     2.2997  2.1559784  0.8123334   46.99800  -47.49298    33.8701    33.8854     1.4633     1.4626    27.1059    27.1182    5.68711    5.95151         34 0.0000e+00
      17356    723.118    186.000     1.4722   2.951118     1.4708   2.952172      28.81     0.0440     2.5457     2.3061  2.1551375  0.8114402   46.99800  -47.49298    33.8705    33.8853     1.4633     1.4619    27.1062    27.1182    5.73295    5.97390         41 0.0000e+00
      17390    724.535    185.000     1.4703   2.950835     1.4637   2.951355      29.76     0.0438     2.5528     2.3116  2.1537735  0.8107052   46.99800  -47.49298    33.8696    33.8832     1.4614     1.4549    27.1056    27.1170    5.75429    5.98580         25 0.0000e+00
      17410    725.388    184.000     1.4617   2.949885     1.4515   2.949954      30.42     0.0409     2.5554     2.3144  2.1558874  0.8106744   46.99800  -47.49298    33.8672    33.8791     1.4530     1.4428    27.1043    27.1146    5.74818    5.98679         18 0.0000e+00
      17426    726.062    183.000     1.4464   2.948095     1.4412   2.948726      31.18     0.0425     2.5582     2.3159  2.1562879  0.8107448   46.99800  -47.49298    33.8617    33.8752     1.4377     1.4326    27.1009    27.1121    5.75938    5.97228         16 0.0000e+00
      17441    726.674    182.000     1.4378   2.947063     1.4348   2.947933      32.03     0.0440     2.5601     2.3161  2.1562881  0.8107448   46.99800  -47.49298    33.8583    33.8726     1.4292     1.4262    27.0988    27.1105    5.75071    5.96797         14 0.0000e+00
      17456    727.278    181.000     1.4331   2.946449     1.4316   2.947520      32.81     0.0429     2.5606     2.3167  2.1581972  0.8107448   46.99800  -47.49298    33.8563    33.8715     1.4245     1.4230    27.0975    27.1098    5.74654    5.97985         15 0.0000e+00
      17472    727.938    180.000     1.4289   2.945956     1.4283   2.947110      33.85     0.0399     2.5623     2.3182  2.1587155  0.8105358   46.99800  -47.49298    33.8550    33.8703     1.4204     1.4198    27.0967    27.1091    5.75436    5.99989         17 0.0000e+00
      17492    728.792    179.000     1.4259   2.945556     1.4240   2.946560      34.62     0.0387     2.5636     2.3211  2.1581256  0.8101764   46.99800  -47.49298    33.8538    33.8686     1.4174     1.4155    27.0960    27.1080    5.76084    6.01359         25 0.0000e+00
      17526    730.229    178.000     1.4264   2.945539     1.4247   2.946594      36.24     0.0424     2.5685     2.3248  2.1554248  0.8079798   46.99800  -47.49298    33.8535    33.8688     1.4180     1.4163    27.0957    27.1081    5.79377    6.01727         44 0.0000e+00
      17566    731.862    177.000     1.4256   2.945375     1.4274   2.946839      37.55     0.0440     2.5740     2.3290  2.1537771  0.8061184   46.99800  -47.49298    33.8529    33.8695     1.4172     1.4191    27.0953    27.1085    5.80089    6.03340         29 0.0000e+00
      17588    732.807    176.000     1.4172   2.944472     1.4057   2.944473      38.33     0.0436     2.5772     2.3319  2.1538463  0.8063124   46.99800  -47.49298    33.8511    33.8636     1.4089     1.3974    27.0944    27.1052    5.80373    6.06027         19 0.0000e+00
      17606    733.543    175.000     1.3845   2.940833     1.3698   2.940326      39.04     0.0421     2.5781     2.3347  2.1538463  0.8058600   46.99800  -47.49298    33.8406    33.8501     1.3763     1.3616    27.0883    27.0968    5.80693    6.09112         17 0.0000e+00
      17623    734.245    174.000     1.3476   2.936497     1.3366   2.936328      39.89     0.0406     2.5800     2.3389  2.1538463  0.8058608   46.99800  -47.49300    33.8259    33.8356     1.3395     1.3285    27.0789    27.0875    5.83791    6.12385         17 0.0000e+00
      17640    734.960    173.000     1.3226   2.933399     1.3117   2.933420      40.68     0.0385     2.5831     2.3431  2.1538463  0.8055304   46.99800  -47.49300    33.8140    33.8260     1.3146     1.3037    27.0711    27.0815    5.85925    6.15204         18 0.0000e+00
      17659    735.752    172.000     1.3041   2.931335     1.2979   2.931756      41.78     0.0370     2.5863     2.3485  2.1537867  0.8052569   46.99800  -47.49300    33.8083    33.8203     1.2961     1.2899    27.0677    27.0778    5.88405    6.17998         20 0.0000e+00
      17681    736.655    171.000     1.2978   2.930466     1.2906   2.930868      42.81     0.0384     2.5918     2.3550  2.1534786  0.8054861   46.99800  -47.49300    33.8046    33.8174     1.2899     1.2827    27.0652    27.0760    5.91848    6.20042         23 0.0000e+00
      17705    737.650    170.000     1.2928   2.929863     1.2880   2.930502      44.01     0.0402     2.5989     2.3618  2.1513946  0.7986053   46.99800  -47.49300    33.8028    33.8161     1.2850     1.2802    27.0641    27.0751    5.95397    6.22292         24 0.0000e+00
      17729    738.663    169.000     1.2900   2.929508     1.2801   2.929576      45.09     0.0381     2.6062     2.3687  2.1513069  0.7984865   46.99800  -47.49300    33.8019    33.8134     1.2822     1.2724    27.0635    27.0735    5.98290    6.23892         25 0.0000e+00
      17754    739.729    168.000     1.2798   2.928333     1.2717   2.928512      46.11     0.0390     2.6152     2.3752  2.1489637  0.7967513   46.99800  -47.49300    33.7985    33.8095     1.2721     1.2641    27.0615    27.0708    6.00596    6.25653         26 0.0000e+00
      17779    740.770    167.000     1.2748   2.927717     1.2637   2.927606      47.11     0.0348     2.6227     2.3816  2.1487999  0.7962964   46.99800  -47.49300    33.7966    33.8072     1.2672     1.2560    27.0603    27.0696    6.02297    6.27276         23 0.0000e+00
      17802    741.693    166.000     1.2682   2.926846     1.2590   2.926964      48.03     0.0335     2.6292     2.3865  2.1469533  0.7948633   46.99800  -47.49300    33.7932    33.8046     1.2606     1.2514    27.0580    27.0678    6.04241    6.28725         22 0.0000e+00
      17822    742.561    165.000     1.2617   2.926026     1.2503   2.925925      48.84     0.0359     2.6352     2.3916  2.1469474  0.7948718   46.99800  -47.49300    33.7903    33.8013     1.2542     1.2428    27.0561    27.0657    6.06246    6.31054         20 0.0000e+00
      17844    743.464    164.000     1.2531   2.925011     1.2467   2.925462      49.82     0.0386     2.6422     2.3971  2.1442251  0.7938709   46.99800  -47.49300    33.7873    33.7999     1.2456     1.2392    27.0543    27.0648    6.08706    6.33089         24 0.0000e+00
      17870    744.530    163.000     1.2483   2.924335     1.2405   2.924724      50.99     0.0363     2.6503     2.4037  2.1437931  0.7936490   46.99800  -47.49300    33.7843    33.7977     1.2409     1.2339    27.0522    27.0635    6.11404    6.35010         26 0.0000e+00
      17895    745.570    162.000     1.2423   2.923683     1.2312   2.923649      52.00     0.0313     2.6578     2.4095  2.1396110  0.7916861   46.99800  -47.49302    33.7831    33.7947     1.2349     1.2238    27.0516    27.0617    6.12473    6.36133         23 0.0000e+00
      17915    746.417    161.000     1.2311   2.922355     1.2157   2.921936      52.83     0.0332     2.6635     2.4140  2.1393228  0.7914659   46.99800  -47.49302    33.7788    33.7900     1.2238     1.2084    27.0489    27.0589    6.14686    6.37927         19 0.0000e+00
      17933    747.164    160.000     1.2179   2.920918     1.1980   2.919868      53.60     0.0356     2.6691     2.4181  2.1373341  0.7895640   46.99800  -47.49302    33.7753    33.7834     1.2106     1.1907    27.0470    27.0548    6.16550    6.39375         17 0.0000e+00
      17952    747.943    159.000     1.1948   2.918401     1.1811   2.917892      54.52     0.0336     2.6742     2.4220  2.1354566  0.7882077   46.99800  -47.49302    33.7686    33.7769     1.1876     1.1740    27.0431    27.0507    6.17696    6.40186         20 0.0000e+00
      17974    748.860    158.000     1.1797   2.916505     1.1587   2.915434      55.79     0.0357     2.6793     2.4262  2.1337032  0.7877486   46.99800  -47.49302    33.7613    33.7702     1.1726     1.1517    27.0382    27.0468    6.16816    6.41749         25 0.0000e+00
      17999    749.928    157.000     1.1668   2.915087     1.1532   2.914663      56.95     0.0338     2.6837     2.4313  2.1282532  0.7862908   46.99800  -47.49302    33.7570    33.7669     1.1598     1.1462    27.0356    27.0445    6.18043    6.44459         26 0.0000e+00
      18025    750.984    156.000     1.1493   2.913055     1.1311   2.912300      57.97     0.0284     2.6885     2.4379  2.1266718  0.7847406   46.99800  -47.49302    33.7510    33.7611     1.1425     1.1241    27.0319    27.0413    6.20812    6.51578         24 0.0000e+00
      18048    751.951    155.000     1.1299   2.910966     1.1060   2.909386      58.36     0.0282     2.6939     2.4480  2.1232734  0.7817315   46.99800  -47.49302    33.7459    33.7515     1.1230     1.0992    27.0291    27.0351    6.23785    6.62169         22 0.0000e+00
