data/CTD/2013/CNV/U021A017.CNV
* Sea-Bird SBE 9 Data File:
* FileName = C:\CTD_ACQUISITION\2013021HUD\ctddata\021A017.hdr
* Software Version Seasave V 7.22.2
* Temperature SN = 5081
* Conductivity SN = 3561
* Number of Bytes Per Scan = 37
* Number of Voltage Words = 4
* Number of Scans Averaged by the Deck Unit = 1
* NMEA Latitude = 46 59.99 N
* NMEA Longitude = 046 50.02 W
* NMEA UTC (Time) = Jul 02 2013 02:27:57
* NMEA baud rate = 9600
** Ship: Hudson
** Cruise: HUD2013021
** Chief_Scientist: Greenan
** Organization: BIO
** Area_of_Operation: Sackville Spur
** Station: 17
** Sounding:  1194
** Event_Comments: FC18  393121
# nquan = 25
# nvalues = 1183                        
# units = specified
# name 0 = scan: Scan Count
# name 1 = timeS: Time, Elapsed [seconds]
# name 2 = prDM: Pressure, Digiquartz [db]
# name 3 = t068C: Temperature [ITS-68, deg C]
# name 4 = c0S/m: Conductivity [S/m]
# name 5 = t168C: Temperature, 2 [ITS-68, deg C]
# name 6 = c1S/m: Conductivity, 2 [S/m]
# name 7 = altM: Altimeter [m]
# name 8 = flCUVA: Fluorescence, Chelsea UV Aquatracka [ug/l]
# name 9 = sbeox0V: Oxygen raw, SBE 43 [V]
# name 10 = sbeox1V: Oxygen raw, SBE 43, 2 [V]
# name 11 = upoly0: Upoly 0, Optode 4330F - O2 D-Phase
# name 12 = upoly1: Upoly 1, Optode 4330F - O2 Temp
# name 13 = latitude: Latitude [deg]
# name 14 = longitude: Longitude [deg]
# name 15 = sal00: Salinity, Practical [PSU]
# name 16 = sal11: Salinity, Practical, 2 [PSU]
# name 17 = potemp068C: Potential Temperature [ITS-68, deg C]
# name 18 = potemp168C: Potential Temperature, 2 [ITS-68, deg C]
# name 19 = sigma-é00: Density [sigma-theta, Kg/m^3]
# name 20 = sigma-é11: Density, 2 [sigma-theta, Kg/m^3]
# name 21 = sbeox0ML/L: Oxygen, SBE 43 [ml/l], WS = 2
# name 22 = sbeox1ML/L: Oxygen, SBE 43, 2 [ml/l], WS = 2
# name 23 = nbin: number of scans per bin
# name 24 = flag: flag
# span 0 =      38607,      64877       
# span 1 =   1608.603,   2703.183       
# span 2 =      1.000,   1183.000       
# span 3 =     1.0206,     6.1403       
# span 4 =   2.864182,   3.326083       
# span 5 =     0.9691,     6.1389       
# span 6 =   2.862651,   3.327889       
# span 7 =       2.83,     101.85       
# span 8 =     0.0053,     0.3591       
# span 9 =     2.4905,     3.3921       
# span 10 =     2.2391,     3.0389      
# span 11 =  1.7298642,  2.0419851      
# span 12 =  0.8198081,  1.3909911      
# span 13 =   46.99946,   46.99999      
# span 14 =  -46.83420,  -46.83342      
# span 15 =    32.7811,    34.9174      
# span 16 =    32.7970,    34.9329      
# span 17 =     1.0183,     6.1402      
# span 18 =     0.9668,     6.1388      
# span 19 =    25.7824,    27.7579      
# span 20 =    25.7951,    27.7708      
# span 21 =    5.62687,    8.42792      
# span 22 =    5.76299,    8.66923      
# span 23 =         11,        139      
# span 24 = 0.0000e+00, 0.0000e+00      
# interval = decibars: 1                
# start_time = Jul 02 2013 02:27:57 [NMEA time, header]
# bad_flag = -9.990e-29
*END*
[from data line 406]
      48013   2000.500    777.000     4.0102   3.282729     4.0119   3.284204      96.47     0.0175     2.6954     2.4083  1.9682540  1.1254747   46.99960  -46.83388    34.8993    34.9150     3.9521     3.9538    27.7112    27.7235    6.12211    6.27714         24 0.0000e+00
      48035   2001.435    776.000     4.0119   3.282848     4.0159   3.284556      96.13     0.0174     2.6959     2.4091  1.9682540  1.1257099   46.99960  -46.83388    34.8994    34.9154     3.9539     3.9578    27.7111    27.7235    6.12374    6.27178         21 0.0000e+00
      48055   2002.265    775.000     4.0165   3.283250     4.0182   3.284740      96.20     0.0130     2.6961     2.4089  1.9682540  1.1257643   46.99960  -46.83388    34.8998    34.9157     3.9586     3.9602    27.7110    27.7234    6.11795    6.26544         19 0.0000e+00
      48074   2003.049    774.000     4.0189   3.283428     4.0189   3.284765      96.21     0.0146     2.6964     2.4093  1.9682540  1.1257632   46.99960  -46.83388    34.9000    34.9157     3.9610     3.9610    27.7108    27.7233    6.11651    6.26586         19 0.0000e+00
      48093   2003.815    773.000     4.0197   3.283471     4.0197   3.284800      96.14     0.0116     2.6960     2.4090  1.9682540  1.1257632   46.99960  -46.83388    34.9001    34.9158     3.9619     3.9619    27.7108    27.7233    6.11470    6.26836         18 0.0000e+00
      48110   2004.549    772.000     4.0211   3.283536     4.0213   3.284898      96.16     0.0124     2.6962     2.4097  1.9682540  1.1257632   46.99960  -46.83388    34.9000    34.9158     3.9633     3.9635    27.7106    27.7232    6.12162    6.27464         17 0.0000e+00
      48127   2005.233    771.000     4.0223   3.283620     4.0228   3.285006      96.44     0.0106     2.6969     2.4100  1.9672569  1.1262233   46.99960  -46.83388    34.9001    34.9160     3.9647     3.9652    27.7106    27.7231    6.12626    6.27685         16 0.0000e+00
      48142   2005.890    770.000     4.0235   3.283692     4.0238   3.285062      95.96     0.0094     2.6975     2.4110  1.9658247  1.1269773   46.99960  -46.83388    34.9002    34.9161     3.9660     3.9662    27.7105    27.7231    6.12540    6.27701         16 0.0000e+00
      48159   2006.565    769.000     4.0246   3.283752     4.0246   3.285101      63.59     0.0108     2.6980     2.4111  1.9656020  1.1269841   46.99960  -46.83389    34.9004    34.9163     3.9671     3.9670    27.7105    27.7232    6.12439    6.26870         17 0.0000e+00
      48177   2007.325    768.000     4.0258   3.283829     4.0260   3.285197      77.05     0.0125     2.6983     2.4111  1.9662148  1.1269841   46.99960  -46.83390    34.9005    34.9164     3.9684     3.9685    27.7105    27.7231    6.12136    6.26508         20 0.0000e+00
      48201   2008.348    767.000     4.0263   3.283853     4.0282   3.285358      95.65     0.0112     2.6988     2.4112  1.9659094  1.1269841   46.99960  -46.83390    34.9007    34.9165     3.9690     3.9708    27.7106    27.7230    6.12469    6.26480         30 0.0000e+00
      48237   2009.836    766.000     4.0268   3.283841     4.0279   3.285278      96.53     0.0111     2.6995     2.4113  1.9675839  1.1270552   46.99960  -46.83390    34.9006    34.9164     3.9695     3.9706    27.7104    27.7229    6.12406    6.26506         36 0.0000e+00
      48266   2011.047    765.000     4.0267   3.283776     4.0280   3.285228      96.51     0.0110     2.7004     2.4114  1.9676982  1.1274502   46.99960  -46.83390    34.9004    34.9162     3.9695     3.9708    27.7103    27.7227    6.12883    6.26601         24 0.0000e+00
      48286   2011.890    764.000     4.0280   3.283854     4.0291   3.285291      96.51     0.0117     2.7008     2.4118  1.9682639  1.1279993   46.99960  -46.83390    34.9005    34.9163     3.9709     3.9720    27.7102    27.7227    6.12687    6.26599         17 0.0000e+00
      48303   2012.568    763.000     4.0304   3.284048     4.0312   3.285445      96.55     0.0120     2.7012     2.4117  1.9682540  1.1282068   46.99960  -46.83390    34.9008    34.9165     3.9733     3.9741    27.7102    27.7226    6.12524    6.26397         16 0.0000e+00
      48317   2013.172    762.000     4.0322   3.284183     4.0329   3.285568      96.38     0.0121     2.7011     2.4120  1.9683391  1.1282052   46.99960  -46.83390    34.9010    34.9167     3.9753     3.9759    27.7101    27.7225    6.11993    6.26476         14 0.0000e+00
      48331   2013.755    761.000     4.0346   3.284366     4.0353   3.285769      96.53     0.0133     2.7017     2.4120  1.9691900  1.1282052   46.99960  -46.83391    34.9012    34.9170     3.9776     3.9784    27.7101    27.7225    6.12085    6.26439         14 0.0000e+00
      48346   2014.368    760.000     4.0368   3.284548     4.0374   3.285942      38.00     0.0114     2.7011     2.4122  1.9693109  1.1282052   46.99960  -46.83392    34.9015    34.9174     3.9799     3.9805    27.7101    27.7226    6.11422    6.26299         15 0.0000e+00
      48363   2015.092    759.000     4.0382   3.284646     4.0387   3.286030      61.16     0.0124     2.7013     2.4123  1.9688722  1.1282052   46.99960  -46.83390    34.9017    34.9175     3.9814     3.9819    27.7101    27.7226    6.12012    6.26036         20 0.0000e+00
      48386   2016.033    758.000     4.0388   3.284660     4.0388   3.285990      96.18     0.0108     2.7021     2.4123  1.9682597  1.1282052   46.99960  -46.83390    34.9017    34.9174     3.9821     3.9821    27.7100    27.7225    6.12193    6.25785         25 0.0000e+00
      48409   2017.004    757.000     4.0387   3.284587     4.0381   3.285868      95.84     0.0118     2.7021     2.4123  1.9682540  1.1283305   46.99960  -46.83390    34.9015    34.9172     3.9821     3.9815    27.7099    27.7224    6.12096    6.25804         20 0.0000e+00
      48427   2017.760    756.000     4.0376   3.284420     4.0350   3.285508      74.42     0.0131     2.7026     2.4123  1.9682540  1.1294409   46.99960  -46.83390    34.9012    34.9168     3.9811     3.9785    27.7097    27.7224    6.12573    6.25862         17 0.0000e+00
      48444   2018.449    755.000     4.0343   3.284042     4.0320   3.285139      96.29     0.0107     2.7029     2.4124  1.9682540  1.1294261   46.99960  -46.83390    34.9008    34.9161     3.9779     3.9755    27.7097    27.7222    6.12611    6.25993         17 0.0000e+00
      48462   2019.221    754.000     4.0320   3.283755     4.0310   3.284976      96.54     0.0086     2.7035     2.4126  1.9669101  1.1294261   46.99960  -46.83392    34.9003    34.9158     3.9756     3.9746    27.7096    27.7220    6.12124    6.26552         21 0.0000e+00
      48494   2020.560    753.000     4.0312   3.283624     4.0307   3.284889      96.48     0.0133     2.7034     2.4135  1.9660536  1.1294261   46.99960  -46.83392    34.9001    34.9156     3.9749     3.9744    27.7095    27.7219    6.12224    6.26728         43 0.0000e+00
      48530   2022.035    752.000     4.0319   3.283621     4.0313   3.284904      96.55     0.0132     2.7045     2.4142  1.9684726  1.1294261   46.99960  -46.83392    34.8999    34.9156     3.9757     3.9751    27.7092    27.7218    6.12500    6.26363         22 0.0000e+00
      48547   2022.769    751.000     4.0323   3.283596     4.0328   3.284981      96.40     0.0132     2.7040     2.4141  1.9682541  1.1294261   46.99961  -46.83393    34.8997    34.9155     3.9762     3.9767    27.7090    27.7215    6.11754    6.25549         16 0.0000e+00
      48563   2023.429    750.000     4.0319   3.283514     4.0310   3.284739      90.32     0.0180     2.7042     2.4138  1.9682540  1.1294261   46.99962  -46.83394    34.8996    34.9151     3.9759     3.9750    27.7090    27.7214    6.12219    6.25373         15 0.0000e+00
      48578   2024.059    749.000     4.0299   3.283224     4.0289   3.284456      77.00     0.0189     2.7045     2.4135  1.9682540  1.1294261   46.99960  -46.83392    34.8989    34.9144     3.9740     3.9730    27.7086    27.7211    6.12137    6.25603         15 0.0000e+00
      48594   2024.698    748.000     4.0290   3.283085     4.0286   3.284374      96.85     0.0182     2.7044     2.4137  1.9682540  1.1294261   46.99960  -46.83393    34.8987    34.9143     3.9732     3.9727    27.7085    27.7210    6.12035    6.26423         16 0.0000e+00
      48610   2025.379    747.000     4.0296   3.283082     4.0296   3.284422      96.54     0.0143     2.7046     2.4145  1.9682540  1.1294261   46.99960  -46.83394    34.8985    34.9144     3.9738     3.9738    27.7083    27.7210    6.11731    6.26800         17 0.0000e+00
      48628   2026.130    746.000     4.0307   3.283142     4.0308   3.284508      96.52     0.0110     2.7047     2.4146  1.9682540  1.1294261   46.99960  -46.83394    34.8986    34.9146     3.9750     3.9798    27.7083    27.7210    6.11821    6.26416         19 0.0000e+00
      48648   2026.963    745.000     4.0316   3.283193     4.0321   3.284575      96.56     0.0137     2.7047     2.4151  1.9680202  1.1294261   46.99960  -46.83394    34.8988    34.9146     3.9760     3.9764    27.7083    27.7209    6.11012    6.25974         21 0.0000e+00
      48670   2027.877    744.000     4.0320   3.283179     4.0331   3.284650      96.51     0.0124     2.7039     2.4148  1.9666584  1.1294261   46.99960  -46.83394    34.8987    34.9149     3.9764     3.9776    27.7082    27.7210    6.10345    6.25594         23 0.0000e+00
      48694   2028.888    743.000     4.0332   3.283266     4.0353   3.284823      96.56     0.0114     2.7033     2.4149  1.9656789  1.1294261   46.99960  -46.83394    34.8990    34.9152     3.9777     3.9798    27.7083    27.7210    6.10940    6.25363         26 0.0000e+00
      48719   2029.932    742.000     4.0362   3.283490     4.0389   3.285125      80.36     0.0167     2.7038     2.4148  1.9650521  1.1294261   46.99960  -46.83394    34.8990    34.9154     3.9808     3.9835    27.7080    27.7208    6.11210    6.25360         24 0.0000e+00
      48742   2030.869    741.000     4.0385   3.283707     4.0429   3.285491      96.46     0.0166     2.7037     2.4148  1.9648827  1.1294261   46.99960  -46.83394    34.8996    34.9160     3.9832     3.9876    27.7082    27.7208    6.11585    6.25698         21 0.0000e+00
      48762   2031.712    740.000     4.0419   3.284003     4.0443   3.285594      96.47     0.0139     2.7047     2.4155  1.9658803  1.1294261   46.99960  -46.83394    34.9001    34.9163     3.9866     3.9890    27.7082    27.7209    6.12056    6.26320         19 0.0000e+00
      48782   2032.521    739.000     4.0446   3.284240     4.0447   3.285603      96.53     0.0144     2.7052     2.4157  1.9655677  1.1294872   46.99960  -46.83394    34.9005    34.9165     3.9894     3.9895    27.7083    27.7210    6.12161    6.25912         20 0.0000e+00
      48801   2033.320    738.000     4.0451   3.284252     4.0448   3.285563      96.56     0.0127     2.7059     2.4161  1.9656183  1.1300590   46.99960  -46.83394    34.9006    34.9164     3.9900     3.9897    27.7083    27.7209    6.12244    6.25719         19 0.0000e+00
      48820   2034.117    737.000     4.0450   3.284193     4.0445   3.285487      96.54     0.0139     2.7064     2.4162  1.9658736  1.1305778   46.99960  -46.83394    34.9006    34.9164     3.9899     3.9894    27.7083    27.7209    6.12127    6.25601         19 0.0000e+00
      48839   2034.911    736.000     4.0446   3.284114     4.0441   3.285403      96.55     0.0166     2.7073     2.4164  1.9656209  1.1306467   46.99960  -46.83395    34.9005    34.9163     3.9897     3.9892    27.7083    27.7209    6.12225    6.25911         19 0.0000e+00
      48858   2035.711    735.000     4.0445   3.284050     4.0441   3.285354      92.28     0.0167     2.7074     2.4169  1.9653612  1.1306472   46.99960  -46.83396    34.9005    34.9163     3.9896     3.9892    27.7082    27.7209    6.12056    6.26177         19 0.0000e+00
      48877   2036.507    734.000     4.0445   3.284006     4.0441   3.285307      79.46     0.0137     2.7081     2.4172  1.9651675  1.1306472   46.99960  -46.83396    34.9005    34.9162     3.9897     3.9893    27.7082    27.7208    6.12177    6.25764         19 0.0000e+00
      48897   2037.313    733.000     4.0448   3.283987     4.0447   3.285318      96.56     0.0136     2.7079     2.4174  1.9667896  1.1306472   46.99960  -46.83396    34.9004    34.9163     3.9901     3.9899    27.7082    27.7208    6.11250    6.25545         20 0.0000e+00
      48917   2038.154    732.000     4.0456   3.284023     4.0462   3.285430      96.56     0.0136     2.7081     2.4174  1.9678316  1.1306472   46.99960  -46.83396    34.9006    34.9165     3.9909     3.9915    27.7082    27.7208    6.11575    6.25480         21 0.0000e+00
      48938   2039.045    731.000     4.0467   3.284091     4.0469   3.285454      96.56     0.0094     2.7084     2.4175  1.9674841  1.1306472   46.99960  -46.83396    34.9006    34.9166     3.9922     3.9923    27.7081    27.7208    6.11937    6.25312         22 0.0000e+00
      48960   2039.960    730.000     4.0474   3.284115     4.0475   3.285462      96.54     0.0107     2.7092     2.4176  1.9649764  1.1306472   46.99960  -46.83396    34.9008    34.9166     3.9929     3.9929    27.7081    27.7207    6.11839    6.25363         22 0.0000e+00
      48982   2040.887    729.000     4.0482   3.284162     4.0492   3.285595      96.56     0.0129     2.7085     2.4178  1.9648690  1.1307021   46.99960  -46.83396    34.9010    34.9168     3.9938     3.9948    27.7082    27.7207    6.10513    6.25879         22 0.0000e+00
      49006   2041.870    728.000     4.0515   3.284441     4.0525   3.285874      90.30     0.0164     2.7085     2.4184  1.9649326  1.1317170   46.99960  -46.83396    34.9013    34.9172     3.9972     3.9981    27.7081    27.7206    6.10912    6.25814         25 0.0000e+00
      49031   2042.899    727.000     4.0550   3.284734     4.0570   3.286256      84.35     0.0157     2.7086     2.4189  1.9650491  1.1317155   46.99960  -46.83396    34.9016    34.9174     4.0007     4.0027    27.7080    27.7203    6.11089    6.26013         24 0.0000e+00
      49052   2043.795    726.000     4.0575   3.284945     4.0596   3.286480      96.60     0.0138     2.7087     2.4194  1.9654924  1.1318687   46.99960  -46.83397    34.9020    34.9178     4.0032     4.0054    27.7080    27.7204    6.11849    6.25861         19 0.0000e+00
      49070   2044.521    725.000     4.0602   3.285152     4.0609   3.286560      96.55     0.0133     2.7097     2.4196  1.9655067  1.1318681   46.99960  -46.83398    34.9021    34.9180     4.0060     4.0067    27.7078    27.7204    6.11909    6.25759         16 0.0000e+00
      49085   2045.161    724.000     4.0617   3.285261     4.0616   3.286592      96.56     0.0161     2.7099     2.4199  1.9654865  1.1318681   46.99960  -46.83398    34.9022    34.9181     4.0076     4.0075    27.7078    27.7204    6.11452    6.25846         15 0.0000e+00
      49099   2045.767    723.000     4.0616   3.285210     4.0611   3.286489      96.37     0.0180     2.7100     2.4203  1.9650300  1.1318681   46.99960  -46.83398    34.9023    34.9180     4.0076     4.0071    27.7078    27.7203    6.11605    6.25885         14 0.0000e+00
      49114   2046.380    722.000     4.0600   3.284995     4.0590   3.286225      96.49     0.0186     2.7104     2.4204  1.9647516  1.1318681   46.99960  -46.83398    34.9020    34.9175     4.0061     4.0051    27.7077    27.7202    6.12048    6.25900         15 0.0000e+00
      49130   2047.045    721.000     4.0576   3.284688     4.0556   3.285826      96.55     0.0160     2.7114     2.4209  1.9650234  1.1318681   46.99960  -46.83398    34.9014    34.9170     4.0038     4.0017    27.7075    27.7201    6.12124    6.25911         17 0.0000e+00
