data/CTD/2013/CNV/U021A011.CNV
* Sea-Bird SBE 9 Data File:
* FileName = C:\CTD_ACQUISITION\2013021HUD\ctddata\021A011.hdr
* Software Version Seasave V 7.22.2
* Temperature SN = 5081
* Conductivity SN = 3561
* Number of Bytes Per Scan = 37
* Number of Voltage Words = 4
* Number of Scans Averaged by the Deck Unit = 1
* NMEA Latitude = 46 59.93 N
* NMEA Longitude = 047 21.52 W
* NMEA UTC (Time) = Jul 01 2013 19:37:40
* NMEA baud rate = 9600
** Ship: Hudson
** Cruise: HUD2013021
** Chief_Scientist: Greenan
** Organization: BIO
** Area_of_Operation: Sackville Spur
** Station: 11
** Sounding:  259
** Event_Comments: FC14.5  393109
# nquan = 25
# nvalues = 255                         
# units = specified
# name 0 = scan: Scan Count
# name 1 = timeS: Time, Elapsed [seconds]
# name 2 = prDM: Pressure, Digiquartz [db]
# name 3 = t068C: Temperature [ITS-68, deg C]
# name 4 = c0S/m: Conductivity [S/m]
# name 5 = t168C: Temperature, 2 [ITS-68, deg C]
# name 6 = c1S/m: Conductivity, 2 [S/m]
# name 7 = altM: Altimeter [m]
# name 8 = flCUVA: Fluorescence, Chelsea UV Aquatracka [ug/l]
# name 9 = sbeox0V: Oxygen raw, SBE 43 [V]
# name 10 = sbeox1V: Oxygen raw, SBE 43, 2 [V]
# name 11 = upoly0: Upoly 0, Optode 4330F - O2 D-Phase
# name 12 = upoly1: Upoly 1, Optode 4330F - O2 Temp
# name 13 = latitude: Latitude [deg]
# name 14 = longitude: Longitude [deg]
# name 15 = sal00: Salinity, Practical [PSU]
# name 16 = sal11: Salinity, Practical, 2 [PSU]
# name 17 = potemp068C: Potential Temperature [ITS-68, deg C]
# name 18 = potemp168C: Potential Temperature, 2 [ITS-68, deg C]
# name 19 = sigma-é00: Density [sigma-theta, Kg/m^3]
# name 20 = sigma-é11: Density, 2 [sigma-theta, Kg/m^3]
# name 21 = sbeox0ML/L: Oxygen, SBE 43 [ml/l], WS = 2
# name 22 = sbeox1ML/L: Oxygen, SBE 43, 2 [ml/l], WS = 2
# name 23 = nbin: number of scans per bin
# name 24 = flag: flag
# span 0 =      16788,      27654       
# span 1 =    699.477,   1152.198       
# span 2 =      1.000,    255.000       
# span 3 =    -0.7487,     6.4690       
# span 4 =   2.694450,   3.241805       
# span 5 =    -0.7594,     6.4710       
# span 6 =   2.694517,   3.242761       
# span 7 =       2.89,      97.12       
# span 8 =     0.0095,     0.1796       
# span 9 =     2.6010,     3.3717       
# span 10 =     2.3331,     3.0535      
# span 11 =  1.7185216,  2.1075952      
# span 12 =  0.5448438,  1.4270780      
# span 13 =   46.99870,   46.99926      
# span 14 =  -47.35668,  -47.35558      
# span 15 =    32.3515,    34.2707      
# span 16 =    32.3656,    34.2857      
# span 17 =    -0.7500,     6.4685      
# span 18 =    -0.7608,     6.4710      
# span 19 =    25.4033,    27.3618      
# span 20 =    25.4132,    27.3738      
# span 21 =    5.71255,    8.07566      
# span 22 =    5.87628,    8.32090      
# span 23 =         16,       2528      
# span 24 = 0.0000e+00, 0.0000e+00      
# interval = decibars: 1                
# start_time = Jul 01 2013 19:37:40 [NMEA time, header]
# bad_flag = -9.990e-29
*END*
[from data line 232]
      26205   1091.827     23.000     4.2964   3.084778     4.1247   3.072582      83.49     0.1796     3.3400     3.0360  1.8062670  0.8881577   46.99884  -47.35586    32.6669    32.6944     4.2948     4.1232    25.9009    25.9401    7.27336    7.59945         29 0.0000e+00
      26235   1093.065     22.000     4.6366   3.109513     4.6298   3.108512      94.71     0.1668     3.3352     3.0303  1.7789437  0.9475759   46.99886  -47.35586    32.6194    32.6145     4.6350     4.6283    25.8279    25.8246    7.19723    7.44602         30 0.0000e+00
      26263   1094.232     21.000     5.2022   3.149885     5.0075   3.135591      94.53     0.1378     3.3223     3.0186  1.7723666  0.9819549   46.99886  -47.35586    32.5311    32.5571     5.2006     5.0059    25.6959    25.7383    7.03476    7.36779         25 0.0000e+00
      26286   1095.200     20.000     5.4449   3.166791     5.2575   3.153516      79.20     0.1239     3.3192     3.0165  1.7630087  1.0328823   46.99886  -47.35584    32.4885    32.5192     5.4434     5.2560    25.6347    25.6804    7.09481    7.37662         22 0.0000e+00
      26307   1096.093     19.000     5.5403   3.172693     5.3974   3.163568      94.77     0.1091     3.3238     3.0183  1.7596009  1.0537127   46.99886  -47.35584    32.4637    32.4984     5.5388     5.3959    25.6040    25.6480    7.09430    7.39788         21 0.0000e+00
      26329   1096.988     18.000     5.6240   3.178265     5.5196   3.171526      49.63     0.1037     3.3231     3.0222  1.7495943  1.1227924   46.99886  -47.35584    32.4464    32.4710     5.6226     5.5182    25.5805    25.6122    7.01528    7.36993         22 0.0000e+00
      26351   1097.920     17.000     5.7083   3.183936     5.6229   3.178628      52.46     0.1002     3.3171     3.0217  1.7491087  1.1262026   46.99886  -47.35584    32.4295    32.4521     5.7070     5.6216    25.5574    25.5852    6.95197    7.29963         23 0.0000e+00
      26375   1098.936     16.000     5.8939   3.198444     5.7717   3.189672      94.07     0.0984     3.3088     3.0167  1.7436451  1.1721852   46.99886  -47.35583    32.4152    32.4340     5.8926     5.7704    25.5237    25.5532    6.89981    7.23659         26 0.0000e+00
      26404   1100.142     15.000     5.9664   3.204829     5.7725   3.189911      89.72     0.0968     3.3021     3.0105  1.7402542  1.1888456   46.99887  -47.35582    32.4178    32.4363     5.9652     5.7714    25.5170    25.5549    6.89832    7.21823         33 0.0000e+00
      26439   1101.599     14.000     6.0294   3.208453     5.8472   3.196002      85.00     0.0936     3.2993     3.0044  1.7349467  1.2162235   46.99888  -47.35582    32.3997    32.4336     6.0282     5.8461    25.4939    25.5438    6.90454    7.21181         34 0.0000e+00
      26469   1102.821     13.000     6.3620   3.234111     6.0886   3.213276      61.59     0.0921     3.2968     3.0023  1.7301923  1.2494774   46.99888  -47.35582    32.3677    32.3963     6.3609     6.0876    25.4287    25.4851    6.83552    7.16690         25 0.0000e+00
      26491   1103.757     12.000     6.3840   3.236012     6.3131   3.230869      83.70     0.0871     3.2957     2.9995  1.7301576  1.2499657   46.99888  -47.35582    32.3684    32.3787     6.3830     6.3121    25.4263    25.4434    6.83106    7.11833         21 0.0000e+00
      26515   1104.745     11.000     6.4039   3.237425     6.3703   3.235580      89.69     0.0825     3.2936     2.9974  1.7290962  1.2724838   46.99888  -47.35581    32.3656    32.3771     6.4030     6.3693    25.4217    25.4350    6.81691    7.10623         28 0.0000e+00
      26550   1106.217     10.000     6.3856   3.235610     6.4011   3.237936      66.98     0.0831     3.2906     2.9951  1.7299191  1.2924719   46.99890  -47.35580    32.3641    32.3744     6.3847     6.4003    25.4228    25.4289    6.81648    7.10567         42 0.0000e+00
      26588   1107.789      9.000     6.4317   3.238909     6.3931   3.237112      74.27     0.0855     3.2902     2.9948  1.7310568  1.3142188   46.99890  -47.35580    32.3566    32.3734     6.4310     6.3923    25.4110    25.4291    6.83108    7.11948         30 0.0000e+00
      26613   1108.841      8.000     6.4645   3.241509     6.4291   3.239575      61.04     0.0831     3.2917     2.9958  1.7264627  1.3248162   46.99890  -47.35580    32.3547    32.3670     6.4638     6.4284    25.4054    25.4195    6.82762    7.11659         23 0.0000e+00
      26635   1109.755      7.000     6.4690   3.241805     6.4377   3.240452       6.83     0.0798     3.2928     2.9966  1.7264957  1.3245672   46.99890  -47.35579    32.3542    32.3690     6.4685     6.4371    25.4044    25.4200    6.82682    7.11938         22 0.0000e+00
      26658   1110.719      6.000     6.4536   3.240420     6.4179   3.238856       6.16     0.0787     3.2929     2.9976  1.7286381  1.3404385   46.99890  -47.35578    32.3540    32.3705     6.4531     6.4174    25.4061    25.4237    6.81997    7.12585         27 0.0000e+00
      26695   1112.252      5.000     6.4549   3.240417     6.4491   3.241036       5.91     0.0799     3.2924     2.9994  1.7281134  1.3487610   46.99891  -47.35578    32.3532    32.3656     6.4545     6.4487    25.4054    25.4159    6.81564    7.12080         43 0.0000e+00
      26729   1113.686      4.000     6.4607   3.240708     6.4400   3.240235       5.84     0.0805     3.2926     2.9992  1.7273710  1.3557165   46.99892  -47.35578    32.3515    32.3658     6.4603     6.4397    25.4033    25.4172    6.82434    7.10546         29 0.0000e+00
      27179   1132.427      3.000     6.4556   3.240242     6.4536   3.241352       4.19     0.0818     3.3023     3.0037  1.7219703  1.4153439   46.99897  -47.35569    32.3516    32.3658     6.4554     6.4533    25.4040    25.4154    6.84730    7.12606        788 0.0000e+00
      27635   1151.434      2.000     6.4492   3.239742     6.4519   3.241187       3.35     0.0758     3.2970     2.9923  1.7185631  1.4270780   46.99903  -47.35559    32.3526    32.3660     6.4491     6.4518    25.4055    25.4158    6.62370    6.90636         59 0.0000e+00
      27654   1152.198      1.000     6.4613   3.240695     6.4710   3.242761       2.89     0.0675     3.2260     2.9120  1.7185216  1.4266520   46.99904  -47.35558    32.3521    32.3658     6.4612     6.4710    25.4037    25.4132    6.28533    6.24852         41 0.0000e+00
