data/CTD/2013/CNV/U021A004.CNV
* Sea-Bird SBE 9 Data File:
* FileName = C:\CTD_ACQUISITION\2013021HUD\ctddata\021A004.hdr
* Software Version Seasave V 7.22.2
* Temperature SN = 5081
* Conductivity SN = 3561
* Number of Bytes Per Scan = 37
* Number of Voltage Words = 4
* Number of Scans Averaged by the Deck Unit = 1
* NMEA Latitude = 47 06.01 N
* NMEA Longitude = 047 16.83 W
* NMEA UTC (Time) = Jul 01 2013 09:01:01
* NMEA baud rate = 9600
** Ship: Hudson
** Cruise: HUD2013021
** Chief_Scientist: Greenan
** Organization: BIO
** Area_of_Operation: Sackville Spur
** Station: 4
** Sounding:  410
** Event_Comments: M1842    393105
# nquan = 25
# nvalues = 411                         
# units = specified
# name 0 = scan: Scan Count
# name 1 = timeS: Time, Elapsed [seconds]
# name 2 = prDM: Pressure, Digiquartz [db]
# name 3 = t068C: Temperature [ITS-68, deg C]
# name 4 = c0S/m: Conductivity [S/m]
# name 5 = t168C: Temperature, 2 [ITS-68, deg C]
# name 6 = c1S/m: Conductivity, 2 [S/m]
# name 7 = altM: Altimeter [m]
# name 8 = flCUVA: Fluorescence, Chelsea UV Aquatracka [ug/l]
# name 9 = sbeox0V: Oxygen raw, SBE 43 [V]
# name 10 = sbeox1V: Oxygen raw, SBE 43, 2 [V]
# name 11 = upoly0: Upoly 0, Optode 4330F - O2 D-Phase
# name 12 = upoly1: Upoly 1, Optode 4330F - O2 Temp
# name 13 = latitude: Latitude [deg]
# name 14 = longitude: Longitude [deg]
# name 15 = sal00: Salinity, Practical [PSU]
# name 16 = sal11: Salinity, Practical, 2 [PSU]
# name 17 = potemp068C: Potential Temperature [ITS-68, deg C]
# name 18 = potemp168C: Potential Temperature, 2 [ITS-68, deg C]
# name 19 = sigma-é00: Density [sigma-theta, Kg/m^3]
# name 20 = sigma-é11: Density, 2 [sigma-theta, Kg/m^3]
# name 21 = sbeox0ML/L: Oxygen, SBE 43 [ml/l], WS = 2
# name 22 = sbeox1ML/L: Oxygen, SBE 43, 2 [ml/l], WS = 2
# name 23 = nbin: number of scans per bin
# name 24 = flag: flag
# span 0 =      22754,      34047       
# span 1 =    948.041,   1418.583       
# span 2 =      1.000,    411.000       
# span 3 =    -0.6711,     6.1887       
# span 4 =   2.699978,   3.228236       
# span 5 =    -0.6798,     6.1884       
# span 6 =   2.699827,   3.229496       
# span 7 =       5.54,      98.47       
# span 8 =     0.0095,     0.1094       
# span 9 =     2.7015,     3.3818       
# span 10 =     2.4175,     3.0508      
# span 11 =  1.7235182,  2.1515778      
# span 12 =  0.5561114,  1.4099538      
# span 13 =   47.09941,   47.09966      
# span 14 =  -47.27888,  -47.27830      
# span 15 =    32.4700,    34.7306      
# span 16 =    32.4834,    34.7458      
# span 17 =    -0.6723,     6.1886      
# span 18 =    -0.6810,     6.1883      
# span 19 =    25.5327,    27.6133      
# span 20 =    25.5438,    27.6254      
# span 21 =    5.96064,    8.29681      
# span 22 =    6.11627,    8.49453      
# span 23 =         15,        818      
# span 24 = 0.0000e+00, 0.0000e+00      
# interval = decibars: 1                
# start_time = Jul 01 2013 09:01:01 [NMEA time, header]
# bad_flag = -9.990e-29
*END*
[from data line 348]
      31334   1305.561     63.000    -0.4313   2.734558    -0.4748   2.730528      96.82     0.0207     3.0347     2.7415  1.9584841  0.6120369   47.09960  -47.27844    33.1891    33.1826    -0.4332    -0.4766    26.6640    26.6606    7.47041    7.69089         20 0.0000e+00
      31355   1306.416     62.000    -0.4489   2.732391    -0.4846   2.729214      22.47     0.0194     3.0350     2.7423  1.9585441  0.6077117   47.09960  -47.27844    33.1789    33.1764    -0.4507    -0.4864    26.6565    26.6560    7.45758    7.70093         21 0.0000e+00
      31375   1307.271     61.000    -0.4771   2.729018    -0.5146   2.726026      93.80     0.0189     3.0348     2.7430  1.9584874  0.6007879   47.09960  -47.27844    33.1661    33.1671    -0.4788    -0.5164    26.6473    26.6497    7.46707    7.71091         21 0.0000e+00
      31398   1308.210     60.000    -0.4882   2.727548    -0.5366   2.723472      96.83     0.0183     3.0350     2.7439  1.9577384  0.5988863   47.09960  -47.27844    33.1592    33.1576    -0.4899    -0.5383    26.6422    26.6429    7.47731    7.71481         24 0.0000e+00
      31426   1309.356     59.000    -0.5197   2.724032    -0.5314   2.723681      46.14     0.0234     3.0355     2.7448  1.9553349  0.5922936   47.09960  -47.27844    33.1471    33.1552    -0.5213    -0.5330    26.6337    26.6407    7.48685    7.72567         31 0.0000e+00
      31457   1310.649     58.000    -0.5148   2.724597    -0.5124   2.725936      70.55     0.0208     3.0368     2.7471  1.9549443  0.5885147   47.09960  -47.27844    33.1500    33.1653    -0.5165    -0.5140    26.6358    26.6481    7.49925    7.73674         30 0.0000e+00
      31484   1311.788     57.000    -0.5190   2.723903    -0.5447   2.722298      81.26     0.0190     3.0384     2.7495  1.9548234  0.5860893   47.09960  -47.27845    33.1459    33.1525    -0.5206    -0.5463    26.6327    26.6390    7.50595    7.75778         25 0.0000e+00
      31507   1312.760     56.000    -0.5476   2.720448    -0.5750   2.718488      41.83     0.0199     3.0400     2.7518  1.9524621  0.5860806   47.09960  -47.27846    33.1314    33.1351    -0.5491    -0.5766    26.6221    26.6262    7.53122    7.77496         22 0.0000e+00
      31529   1313.665     55.000    -0.5680   2.717871    -0.5867   2.716795      96.73     0.0225     3.0422     2.7539  1.9511039  0.5860806   47.09960  -47.27846    33.1198    33.1258    -0.5695    -0.5882    26.6135    26.6191    7.54075    7.78898         21 0.0000e+00
      31550   1314.529     54.000    -0.5812   2.716083    -0.6032   2.714502      96.84     0.0251     3.0439     2.7564  1.9513309  0.5823560   47.09960  -47.27846    33.1108    33.1137    -0.5827    -0.6047    26.6068    26.6100    7.54454    7.79631         21 0.0000e+00
      31570   1315.390     53.000    -0.6041   2.713258    -0.6257   2.711658      22.45     0.0277     3.0459     2.7581  1.9512824  0.5787778   47.09960  -47.27846    33.0985    33.1006    -0.6055    -0.6271    26.5977    26.6003    7.55174    7.80240         20 0.0000e+00
      31591   1316.255     52.000    -0.6210   2.711169    -0.6432   2.709561      91.55     0.0305     3.0468     2.7601  1.9517442  0.5776431   47.09960  -47.27846    33.0895    33.0922    -0.6224    -0.6446    26.5911    26.5942    7.54182    7.80970         21 0.0000e+00
      31612   1317.107     51.000    -0.6304   2.709627    -0.6550   2.707850      96.66     0.0277     3.0466     2.7615  1.9529945  0.5727516   47.09960  -47.27846    33.0797    33.0827    -0.6318    -0.6563    26.5836    26.5869    7.54290    7.81903         21 0.0000e+00
      31633   1318.000     50.000    -0.6381   2.708531    -0.6543   2.707045      62.91     0.0267     3.0480     2.7638  1.9519619  0.5726496   47.09960  -47.27846    33.0740    33.0718    -0.6394    -0.6557    26.5793    26.5781    7.57098    7.86094         22 0.0000e+00
      31657   1319.014     49.000    -0.6500   2.706702    -0.6533   2.706174      64.74     0.0311     3.0514     2.7696  1.9503450  0.5669301   47.09960  -47.27846    33.0631    33.0595    -0.6514    -0.6546    26.5709    26.5682    7.62471    7.90966         27 0.0000e+00
      31688   1320.292     48.000    -0.6531   2.705848    -0.6551   2.705480      96.08     0.0368     3.0594     2.7769  1.9496976  0.5661244   47.09960  -47.27848    33.0555    33.0527    -0.6544    -0.6564    26.5649    26.5627    7.67331    7.93558         34 0.0000e+00
      31721   1321.658     47.000    -0.6506   2.706205    -0.6553   2.705455      35.55     0.0340     3.0680     2.7894  1.9494044  0.5652453   47.09960  -47.27848    33.0582    33.0533    -0.6519    -0.6566    26.5670    26.5632    7.75013    8.15880         28 0.0000e+00
      31745   1322.649     46.000    -0.6547   2.704646    -0.6657   2.702999      97.49     0.0342     3.0819     2.8115  1.9496536  0.5638370   47.09960  -47.27848    33.0422    33.0322    -0.6559    -0.6670    26.5542    26.5465    7.92428    8.31593         21 0.0000e+00
      31763   1323.419     45.000    -0.6689   2.701547    -0.6798   2.700630      96.01     0.0307     3.0988     2.8282  1.9499400  0.5628781   47.09960  -47.27848    33.0167    33.0163    -0.6701    -0.6810    26.5341    26.5342    8.06751    8.35506         17 0.0000e+00
      31780   1324.141     44.000    -0.6711   2.699978    -0.6789   2.699827      48.46     0.0277     3.1177     2.8423  1.9498715  0.5629490   47.09960  -47.27848    32.9986    33.0043    -0.6723    -0.6801    26.5196    26.5244    8.17544    8.37084         18 0.0000e+00
      31799   1324.917     43.000    -0.6378   2.702004    -0.6171   2.703813      56.82     0.0314     3.1399     2.8561  1.9460701  0.5593732   47.09960  -47.27848    32.9914    32.9919    -0.6401    -0.6183    26.5124    26.5120    8.22178    8.38675         20 0.0000e+00
      31821   1325.831     42.000    -0.5636   2.707171    -0.5112   2.712244      94.92     0.0344     3.1614     2.8717  1.9459707  0.5592201   47.09960  -47.27848    32.9793    32.9901    -0.5648    -0.5123    26.4997    26.5063    8.17634    8.37994         24 0.0000e+00
      31848   1326.955     41.000    -0.4254   2.718055    -0.4570   2.716679      63.08     0.0420     3.1798     2.8880  1.9440497  0.5561114   47.09960  -47.27848    32.9752    32.9911    -0.4266    -0.4582    26.4908    26.5050    8.10546    8.37710         29 0.0000e+00
      31877   1328.181     40.000    -0.3611   2.722713    -0.1497   2.739217      72.33     0.0482     3.1928     2.9011  1.9407219  0.5605330   47.09960  -47.27850    32.9634    32.9584    -0.3623    -0.1509    26.4785    26.4648    7.97404    8.26853         29 0.0000e+00
      31905   1329.313     39.000     0.0113   2.751612     0.4818   2.790060      61.33     0.0558     3.1893     2.9082  1.9291098  0.5801991   47.09960  -47.27850    32.9494    32.9484     0.0100     0.4804    26.4504    26.4258    7.83979    8.16143         25 0.0000e+00
      31927   1330.267     38.000     0.4455   2.783991     0.7710   2.813936      39.56     0.0593     3.1984     2.9234  1.9261609  0.5861926   47.09960  -47.27850    32.9087    32.9503     0.4441     0.7695    26.3957    26.4111    8.02463    8.34500         21 0.0000e+00
      31947   1331.099     37.000     0.8389   2.817028     0.9710   2.830306       5.93     0.0628     3.2215     2.9477  1.9143109  0.6146900   47.09960  -47.27850    32.9186    32.9493     0.8374     0.9695    26.3816    26.3984    8.19629    8.47796         19 0.0000e+00
      31966   1331.869     36.000     1.0748   2.836309     1.1903   2.847847      51.50     0.0646     3.2532     2.9730  1.9145937  0.6141636   47.09960  -47.27850    32.9170    32.9425     1.0734     1.1888    26.3660    26.3793    8.29681    8.49453         19 0.0000e+00
      31985   1332.655     35.000     1.2051   2.847956     1.3350   2.860263      95.22     0.0682     3.2836     2.9948  1.9020633  0.6484022   47.09960  -47.27850    32.9289    32.9488     1.2036     1.3335    26.3675    26.3750    8.29158    8.43940         19 0.0000e+00
      32007   1333.576     34.000     1.3196   2.857548     1.5437   2.875852      87.94     0.0699     3.3116     3.0130  1.8970242  0.6647617   47.09960  -47.27850    32.9310    32.9275     1.3181     1.5422    26.3617    26.3440    8.20235    8.34266         26 0.0000e+00
      32036   1334.805     33.000     1.3612   2.861218     1.6637   2.885623      91.55     0.0713     3.3337     3.0278  1.8860582  0.6958889   47.09960  -47.27850    32.9344    32.9258     1.3598     1.6621    26.3617    26.3344    8.12473    8.26689         32 0.0000e+00
      32067   1336.067     32.000     1.1764   2.846437     1.6817   2.888834      95.94     0.0719     3.3485     3.0394  1.8805469  0.7114809   47.09960  -47.27850    32.9435    32.9490     1.1732     1.6802    26.3811    26.3508    8.19364    8.29149         27 0.0000e+00
      32090   1337.054     31.000     1.7778   2.891381     2.2922   2.936960      95.90     0.0776     3.3646     3.0475  1.8673298  0.7506409   47.09960  -47.27851    32.8800    32.9137     1.7763     2.2906    26.2894    26.2781    8.15642    8.13311         21 0.0000e+00
      32111   1337.930     30.000     2.4123   2.942498     2.9625   2.989348      95.85     0.0875     3.3797     3.0508  1.8674332  0.7504552   47.09960  -47.27852    32.8585    32.8676     2.4108     2.9608    26.2244    26.1864    7.96737    7.92884         21 0.0000e+00
      32133   1338.823     29.000     3.0233   2.994725     3.4546   3.032033      95.87     0.0971     3.3818     3.0479  1.8478171  0.7787205   47.09960  -47.27852    32.8715    32.8828     3.0216     3.4528    26.1841    26.1546    7.61124    7.76376         23 0.0000e+00
      32156   1339.809     28.000     3.4893   3.033416     3.8843   3.065953      95.90     0.1023     3.3621     3.0431  1.8437593  0.7849552   47.09960  -47.27852    32.8648    32.8541     3.4876     3.8825    26.1371    26.0909    7.35571    7.63257         25 0.0000e+00
      32182   1340.866     27.000     3.7470   3.056085     4.2596   3.096063      95.87     0.1068     3.3478     3.0337  1.8165483  0.8764737   47.09960  -47.27852    32.8757    32.8338     3.7453     4.2578    26.1214    26.0373    7.44527    7.54064         24 0.0000e+00
      32205   1341.822     26.000     4.0942   3.081490     4.4747   3.112972      95.88     0.1090     3.3571     3.0309  1.8118094  0.8943595   47.09960  -47.27852    32.8283    32.8175     4.0924     4.4729    26.0498    26.0025    7.55667    7.52588         21 0.0000e+00
      32224   1342.640     25.000     4.3103   3.098568     4.7791   3.136617      95.83     0.1094     3.3670     3.0278  1.8022885  0.9445787   47.09960  -47.27852    32.8136    32.7936     4.3086     4.7773    26.0162    25.9508    7.45182    7.44058         19 0.0000e+00
      32243   1343.433     24.000     4.6933   3.129746     5.0496   3.157432      86.96     0.1068     3.3648     3.0225  1.7973409  0.9729828   47.09960  -47.27852    32.7990    32.7653     4.6916     5.0479    25.9641    25.8986    7.25171    7.34823         20 0.0000e+00
      32265   1344.336     23.000     5.1366   3.161433     5.3048   3.175107      77.06     0.0996     3.3537     3.0152  1.7904304  0.9949586   47.09960  -47.27852    32.7264    32.7180     5.1348     5.3031    25.8580    25.8323    7.08943    7.27726         25 0.0000e+00
      32297   1345.651     22.000     5.2117   3.166745     5.5532   3.190086      95.14     0.0838     3.3358     3.0039  1.7783743  1.0354558   47.09960  -47.27854    32.7141    32.6468     5.2100     5.5515    25.8398    25.7473    7.02862    7.20398         38 0.0000e+00
      32331   1347.100     21.000     5.1251   3.159916     5.7103   3.199237      71.44     0.0720     3.3198     2.9961  1.7557353  1.1163976   47.09960  -47.27854    32.7213    32.5985     5.1235     5.7087    25.8553    25.6906    7.04210    7.21617         28 0.0000e+00
      32354   1348.059     20.000     5.6590   3.191483     5.9146   3.212012      95.98     0.0676     3.3132     2.9954  1.7553328  1.1173327   47.09960  -47.27854    32.5611    32.5457     5.6574     5.9130    25.6669    25.6243    6.96251    7.19473         19 0.0000e+00
      32373   1348.813     19.000     6.0146   3.217057     6.0524   3.221228      95.65     0.0666     3.3094     2.9952  1.7505064  1.1550852   47.09960  -47.27854    32.5066    32.5170     6.0130     6.0508    25.5813    25.5849    6.90496    7.17298         18 0.0000e+00
      32390   1349.549     18.000     6.0887   3.222626     6.1116   3.225317      95.63     0.0683     3.3068     2.9950  1.7499756  1.1598661   47.09960  -47.27854    32.4983    32.5064     6.0873     6.1101    25.5657    25.5693    6.89987    7.15962         18 0.0000e+00
      32410   1350.378     17.000     6.1169   3.224542     6.1319   3.226706      95.64     0.0746     3.3052     2.9945  1.7488865  1.1856803   47.09960  -47.27854    32.4932    32.5030     6.1155     6.1305    25.5582    25.5640    6.89594    7.15298         22 0.0000e+00
      32436   1351.464     16.000     6.1365   3.225893     6.1279   3.226121      95.53     0.0766     3.3031     2.9935  1.7467546  1.2315278   47.09960  -47.27854    32.4900    32.5007     6.1352     6.1266    25.5532    25.5627    6.88824    7.14402         30 0.0000e+00
      32468   1352.790     15.000     6.0997   3.222944     6.0609   3.220346      95.43     0.0775     3.3015     2.9926  1.7460507  1.2524146   47.09960  -47.27854    32.4928    32.5009     6.0985     6.0597    25.5599    25.5711    6.90622    7.16414         31 0.0000e+00
      32494   1353.878     14.000     6.1250   3.224016     6.1183   3.224477      95.42     0.0804     3.3019     2.9929  1.7456340  1.2615008   47.09960  -47.27855    32.4810    32.4925     6.1238     6.1172    25.5475    25.5575    6.90134    7.14771         22 0.0000e+00
      32515   1354.752     13.000     6.1406   3.225055     6.1464   3.226685      95.29     0.0795     3.3016     2.9917  1.7449142  1.2554673   47.09960  -47.27856    32.4782    32.4907     6.1395     6.1454    25.5434    25.5526    6.89104    7.13234         20 0.0000e+00
      32535   1355.573     12.000     6.1526   3.225934     6.1589   3.227561      95.16     0.0758     3.3007     2.9908  1.7448092  1.2538862   47.09960  -47.27856    32.4769    32.4891     6.1516     6.1579    25.5409    25.5497    6.88212    7.13801         20 0.0000e+00
      32556   1356.458     11.000     6.1649   3.226790     6.1676   3.228199      41.19     0.0777     3.2998     2.9916  1.7429531  1.2660695   47.09960  -47.27856    32.4752    32.4883     6.1640     6.1667    25.5380    25.5480    6.88222    7.15401         23 0.0000e+00
      32582   1357.528     10.000     6.1677   3.226784     6.1658   3.227982      84.59     0.0779     3.2994     2.9936  1.7405879  1.2818536   47.09960  -47.27856    32.4744    32.4881     6.1668     6.1650    25.5370    25.5480    6.88581    7.15915         29 0.0000e+00
      32613   1358.829      9.000     6.1601   3.226102     6.1281   3.224891      95.24     0.0791     3.3004     2.9951  1.7391838  1.2910982   47.09960  -47.27856    32.4731    32.4903     6.1593     6.1273    25.5369    25.5544    6.89884    7.16390         32 0.0000e+00
      32643   1360.084      8.000     6.1696   3.226683     6.1542   3.226530      63.05     0.0792     3.3022     2.9962  1.7386636  1.2955674   47.09960  -47.27856    32.4709    32.4840     6.1690     6.1535    25.5340    25.5463    6.90626    7.15789         29 0.0000e+00
      32672   1361.286      7.000     6.1640   3.226225     6.1689   3.227693      95.29     0.0769     3.3043     2.9964  1.7369391  1.3034334   47.09960  -47.27856    32.4717    32.4834     6.1634     6.1683    25.5353    25.5439    6.90664    7.14953         28 0.0000e+00
