data/CTD/2013/CNV/U021A012.CNV
* Sea-Bird SBE 9 Data File:
* FileName = C:\CTD_ACQUISITION\2013021HUD\ctddata\021A012.hdr
* Software Version Seasave V 7.22.2
* Temperature SN = 5081
* Conductivity SN = 3561
* Number of Bytes Per Scan = 37
* Number of Voltage Words = 4
* Number of Scans Averaged by the Deck Unit = 1
* NMEA Latitude = 46 59.96 N
* NMEA Longitude = 047 14.97 W
* NMEA UTC (Time) = Jul 01 2013 20:26:26
* NMEA baud rate = 9600
** Ship: Hudson
** Cruise: HUD2013021
** Chief_Scientist: Greenan
** Organization: BIO
** Area_of_Operation: Sackville Spur
** Station: 12
** Sounding:  552
** Event_Comments: FC15  393111
# nquan = 25
# nvalues = 552                         
# units = specified
# name 0 = scan: Scan Count
# name 1 = timeS: Time, Elapsed [seconds]
# name 2 = prDM: Pressure, Digiquartz [db]
# name 3 = t068C: Temperature [ITS-68, deg C]
# name 4 = c0S/m: Conductivity [S/m]
# name 5 = t168C: Temperature, 2 [ITS-68, deg C]
# name 6 = c1S/m: Conductivity, 2 [S/m]
# name 7 = altM: Altimeter [m]
# name 8 = flCUVA: Fluorescence, Chelsea UV Aquatracka [ug/l]
# name 9 = sbeox0V: Oxygen raw, SBE 43 [V]
# name 10 = sbeox1V: Oxygen raw, SBE 43, 2 [V]
# name 11 = upoly0: Upoly 0, Optode 4330F - O2 D-Phase
# name 12 = upoly1: Upoly 1, Optode 4330F - O2 Temp
# name 13 = latitude: Latitude [deg]
# name 14 = longitude: Longitude [deg]
# name 15 = sal00: Salinity, Practical [PSU]
# name 16 = sal11: Salinity, Practical, 2 [PSU]
# name 17 = potemp068C: Potential Temperature [ITS-68, deg C]
# name 18 = potemp168C: Potential Temperature, 2 [ITS-68, deg C]
# name 19 = sigma-é00: Density [sigma-theta, Kg/m^3]
# name 20 = sigma-é11: Density, 2 [sigma-theta, Kg/m^3]
# name 21 = sbeox0ML/L: Oxygen, SBE 43 [ml/l], WS = 2
# name 22 = sbeox1ML/L: Oxygen, SBE 43, 2 [ml/l], WS = 2
# name 23 = nbin: number of scans per bin
# name 24 = flag: flag
# span 0 =      31314,      45687       
# span 1 =   1304.704,   1903.604       
# span 2 =      1.000,    552.000       
# span 3 =    -0.7289,     6.3643       
# span 4 =   2.699162,   3.252385       
# span 5 =    -0.7325,     6.3641       
# span 6 =   2.700662,   3.253646       
# span 7 =       3.95,      98.32       
# span 8 =     0.0083,     0.1230       
# span 9 =     2.6510,     3.3680       
# span 10 =     2.3773,     3.0453      
# span 11 =  1.7205366,  2.0817979      
# span 12 =  0.5483370,  1.4162183      
# span 13 =   46.99603,   46.99746      
# span 14 =  -47.24835,  -47.24740      
# span 15 =    32.4127,    34.8061      
# span 16 =    32.4231,    34.8213      
# span 17 =    -0.7304,     6.3643      
# span 18 =    -0.7340,     6.3640      
# span 19 =    25.4637,    27.6497      
# span 20 =    25.4719,    27.6618      
# span 21 =    5.89226,    8.09440      
# span 22 =    6.05541,    8.37416      
# span 23 =         14,        785      
# span 24 = 0.0000e+00, 0.0000e+00      
# interval = decibars: 1                
# start_time = Jul 01 2013 20:26:26 [NMEA time, header]
# bad_flag = -9.990e-29
*END*
[from data line 116]
      34464   1435.952    436.000     3.7969   3.239059     3.7959   3.240247      89.21     0.0129     2.8015     2.5105  1.9547579  1.1030769   46.99744  -47.24764    34.7862    34.8014     3.7662     3.7653    27.6403    27.6525    6.19389    6.37576         19 0.0000e+00
      34483   1436.760    435.000     3.7955   3.238857     3.7950   3.240104      96.85     0.0153     2.8019     2.5121  1.9546527  1.1034229   46.99744  -47.24764    34.7859    34.8012     3.7649     3.7644    27.6402    27.6524    6.20398    6.38067         21 0.0000e+00
      34508   1437.771    434.000     3.7933   3.238613     3.7931   3.239843      94.90     0.0137     2.8031     2.5131  1.9559264  1.1025821   46.99744  -47.24764    34.7858    34.8006     3.7628     3.7627    27.6403    27.6521    6.21229    6.37343         27 0.0000e+00
      34537   1438.990    433.000     3.7912   3.238347     3.7894   3.239368      95.12     0.0141     2.8042     2.5140  1.9560037  1.1025230   46.99744  -47.24764    34.7854    34.7995     3.7608     3.7590    27.6402    27.6516    6.21163    6.37579         30 0.0000e+00
      34564   1440.118    432.000     3.7888   3.237940     3.7855   3.238871      97.17     0.0161     2.8052     2.5151  1.9551687  1.1023071   46.99744  -47.24764    34.7836    34.7982     3.7585     3.7552    27.6390    27.6510    6.22392    6.38666         24 0.0000e+00
      34585   1440.984    431.000     3.7835   3.237309     3.7804   3.238235      97.14     0.0193     2.8078     2.5165  1.9548891  1.1024973   46.99744  -47.24764    34.7823    34.7966     3.7533     3.7502    27.6385    27.6502    6.25151    6.39462         18 0.0000e+00
      34602   1441.707    430.000     3.7759   3.236419     3.7708   3.237169      97.15     0.0195     2.8100     2.5176  1.9546080  1.1020621   46.99744  -47.24764    34.7802    34.7946     3.7458     3.7407    27.6376    27.6496    6.24677    6.39310         17 0.0000e+00
      34618   1442.390    429.000     3.7672   3.235436     3.7613   3.236084      97.15     0.0170     2.8115     2.5180  1.9546697  1.1018033   46.99744  -47.24764    34.7783    34.7923     3.7372     3.7313    27.6369    27.6487    6.23865    6.39073         16 0.0000e+00
      34635   1443.079    428.000     3.7611   3.234712     3.7574   3.235624      96.82     0.0162     2.8117     2.5188  1.9546078  1.1019883   46.99742  -47.24764    34.7766    34.7914     3.7312     3.7275    27.6362    27.6484    6.23619    6.39270         17 0.0000e+00
      34653   1443.835    427.000     3.7543   3.233948     3.7530   3.235098      96.84     0.0153     2.8129     2.5193  1.9548177  1.1013590   46.99742  -47.24764    34.7753    34.7903     3.7245     3.7232    27.6358    27.6479    6.25415    6.39978         20 0.0000e+00
      34677   1444.829    426.000     3.7509   3.233533     3.7500   3.234732      97.14     0.0146     2.8158     2.5209  1.9549930  1.1010029   46.99742  -47.24764    34.7744    34.7898     3.7212     3.7202    27.6355    27.6478    6.26571    6.41062         28 0.0000e+00
      34707   1446.067    425.000     3.7504   3.233443     3.7478   3.234458      73.43     0.0121     2.8185     2.5232  1.9562930  1.0988932   46.99742  -47.24764    34.7744    34.7893     3.7208     3.7181    27.6355    27.6476    6.26592    6.42024         30 0.0000e+00
      34736   1447.274    424.000     3.7494   3.233260     3.7450   3.234117      97.62     0.0156     2.8205     2.5255  1.9554855  1.0988089   46.99742  -47.24764    34.7739    34.7887     3.7198     3.7155    27.6352    27.6474    6.26879    6.42302         27 0.0000e+00
      34760   1448.300    423.000     3.7406   3.232313     3.7348   3.232995      97.14     0.0202     2.8219     2.5267  1.9554061  1.0987948   46.99742  -47.24764    34.7724    34.7868     3.7111     3.7053    27.6349    27.6469    6.26472    6.41867         23 0.0000e+00
      34782   1449.222    422.000     3.7293   3.230968     3.7174   3.231073      97.15     0.0218     2.8230     2.5272  1.9548827  1.0985700   46.99742  -47.24764    34.7690    34.7829     3.6999     3.6880    27.6333    27.6455    6.26349    6.41519         22 0.0000e+00
      34805   1450.168    421.000     3.7172   3.229637     3.7106   3.230209      97.14     0.0217     2.8229     2.5274  1.9548240  1.0982463   46.99742  -47.24766    34.7664    34.7803     3.6880     3.6813    27.6324    27.6442    6.26027    6.40642         24 0.0000e+00
      34829   1451.164    420.000     3.7113   3.228998     3.7100   3.230153      97.06     0.0153     2.8233     2.5263  1.9546640  1.0974168   46.99742  -47.24766    34.7656    34.7807     3.6821     3.6809    27.6324    27.6446    6.26658    6.39013         23 0.0000e+00
      34851   1452.066    419.000     3.7005   3.227720     3.6922   3.228146      96.89     0.0126     2.8242     2.5250  1.9542104  1.0964550   46.99742  -47.24766    34.7623    34.7762     3.6714     3.6632    27.6308    27.6427    6.26771    6.39999         20 0.0000e+00
      34870   1452.874    418.000     3.6871   3.226120     3.6778   3.226451      97.15     0.0102     2.8240     2.5254  1.9541804  1.0964592   46.99742  -47.24766    34.7580    34.7718     3.6582     3.6489    27.6287    27.6407    6.26481    6.41959         19 0.0000e+00
      34890   1453.693    417.000     3.6733   3.224514     3.6673   3.225190      40.25     0.0136     2.8242     2.5264  1.9520147  1.0952606   46.99741  -47.24766    34.7540    34.7684     3.6445     3.6385    27.6269    27.6389    6.26745    6.42327         21 0.0000e+00
      34914   1454.726    416.000     3.6633   3.223347     3.6572   3.223970      88.54     0.0159     2.8242     2.5264  1.9522858  1.0950432   46.99740  -47.24766    34.7511    34.7651     3.6346     3.6285    27.6256    27.6373    6.26949    6.41058         30 0.0000e+00
      34948   1456.108    415.000     3.6532   3.222264     3.6492   3.223071      96.97     0.0127     2.8245     2.5259  1.9524266  1.0927627   46.99740  -47.24765    34.7494    34.7634     3.6246     3.6206    27.6253    27.6368    6.26712    6.41079         31 0.0000e+00
      34974   1457.188    414.000     3.6475   3.221508     3.6453   3.222545      90.53     0.0086     2.8242     2.5259  1.9521489  1.0919287   46.99740  -47.24764    34.7470    34.7618     3.6190     3.6168    27.6239    27.6359    6.26944    6.42097         22 0.0000e+00
      34993   1458.006    413.000     3.6419   3.220842     3.6408   3.222016      97.16     0.0100     2.8242     2.5268  1.9516181  1.0903029   46.99740  -47.24764    34.7455    34.7607     3.6135     3.6124    27.6232    27.6355    6.27226    6.43159         18 0.0000e+00
      35011   1458.733    412.000     3.6378   3.220310     3.6337   3.221187      96.45     0.0136     2.8247     2.5277  1.9517711  1.0903541   46.99740  -47.24765    34.7441    34.7589     3.6094     3.6054    27.6225    27.6347    6.26889    6.43682         18 0.0000e+00
      35030   1459.523    411.000     3.6306   3.219465     3.6269   3.220352      96.98     0.0160     2.8242     2.5288  1.9537866  1.0893886   46.99740  -47.24766    34.7422    34.7567     3.6023     3.5987    27.6217    27.6336    6.26730    6.44085         21 0.0000e+00
      35053   1460.507    410.000     3.6240   3.218680     3.6232   3.219892      96.95     0.0148     2.8244     2.5300  1.9542210  1.0891412   46.99740  -47.24766    34.7402    34.7557     3.5959     3.5950    27.6208    27.6332    6.27568    6.43607         27 0.0000e+00
      35081   1461.664    409.000     3.6206   3.218253     3.6209   3.219575      96.90     0.0161     2.8250     2.5304  1.9525661  1.0870131   46.99740  -47.24766    34.7394    34.7548     3.5925     3.5938    27.6204    27.6327    6.28041    6.43503         27 0.0000e+00
      35106   1462.718    408.000     3.6206   3.218205     3.6185   3.219277      97.07     0.0131     2.8257     2.5310  1.9523791  1.0864201   46.99740  -47.24766    34.7393    34.7544     3.5926     3.5905    27.6204    27.6326    6.27986    6.42990         23 0.0000e+00
      35130   1463.688    407.000     3.6186   3.217922     3.6167   3.219032      96.80     0.0147     2.8266     2.5309  1.9521265  1.0854701   46.99739  -47.24766    34.7386    34.7539     3.5907     3.5888    27.6200    27.6324    6.27408    6.42842         24 0.0000e+00
      35154   1464.705    406.000     3.6161   3.217621     3.6153   3.218834      65.85     0.0175     2.8261     2.5309  1.9517473  1.0852754   46.99738  -47.24766    34.7381    34.7535     3.5883     3.5875    27.6199    27.6322    6.27282    6.42385         25 0.0000e+00
      35178   1465.705    405.000     3.6148   3.217432     3.6138   3.218631      96.64     0.0157     2.8258     2.5304  1.9517968  1.0853107   46.99738  -47.24765    34.7378    34.7532     3.5870     3.5861    27.6197    27.6321    6.26908    6.42148         23 0.0000e+00
      35199   1466.595    404.000     3.6135   3.217250     3.6128   3.218471      96.72     0.0150     2.8259     2.5302  1.9516498  1.0854685   46.99738  -47.24764    34.7376    34.7529     3.5858     3.5851    27.6197    27.6320    6.28064    6.41925         20 0.0000e+00
      35219   1467.433    403.000     3.6115   3.216987     3.6090   3.218037      97.09     0.0166     2.8268     2.5299  1.9518305  1.0836487   46.99738  -47.24764    34.7370    34.7522     3.5839     3.5815    27.6194    27.6318    6.29979    6.42326         20 0.0000e+00
      35241   1468.317    402.000     3.6036   3.216043     3.5984   3.216793      96.82     0.0177     2.8297     2.5303  1.9518497  1.0830389   46.99738  -47.24764    34.7347    34.7492     3.5761     3.5709    27.6183    27.6304    6.31204    6.43822         23 0.0000e+00
      35265   1469.329    401.000     3.5910   3.214614     3.5881   3.215576      96.64     0.0176     2.8314     2.5317  1.9516006  1.0830281   46.99738  -47.24764    34.7314    34.7461     3.5637     3.5607    27.6170    27.6289    6.30795    6.44378         25 0.0000e+00
      35290   1470.376    400.000     3.5842   3.213758     3.5802   3.214623      96.52     0.0200     2.8329     2.5322  1.9520339  1.0828203   46.99736  -47.24764    34.7290    34.7436     3.5569     3.5529    27.6157    27.6277    6.30346    6.43645         24 0.0000e+00
      35313   1471.333    399.000     3.5790   3.213134     3.5742   3.213883      96.61     0.0194     2.8329     2.5323  1.9505234  1.0822850   46.99736  -47.24764    34.7276    34.7417     3.5518     3.5470    27.6151    27.6268    6.29318    6.43721         23 0.0000e+00
      35336   1472.287    398.000     3.5690   3.211942     3.5607   3.212358      41.71     0.0191     2.8332     2.5327  1.9497834  1.0818096   46.99736  -47.24764    34.7244    34.7383     3.5420     3.5336    27.6135    27.6254    6.30278    6.44487         23 0.0000e+00
      35361   1473.316    397.000     3.5577   3.210646     3.5533   3.211398      91.38     0.0199     2.8336     2.5335  1.9507873  1.0805824   46.99736  -47.24764    34.7214    34.7352     3.5308     3.5263    27.6122    27.6237    6.29783    6.45332         26 0.0000e+00
      35386   1474.362    396.000     3.5537   3.210062     3.5519   3.211123      96.93     0.0179     2.8335     2.5349  1.9518288  1.0796638   46.99736  -47.24764    34.7193    34.7339     3.5268     3.5250    27.6109    27.6228    6.29482    6.45783         24 0.0000e+00
      35410   1475.357    395.000     3.5521   3.209778     3.5510   3.210934      89.07     0.0145     2.8330     2.5355  1.9515662  1.0780888   46.99734  -47.24764    34.7181    34.7331     3.5253     3.5242    27.6101    27.6222    6.28714    6.44960         24 0.0000e+00
      35432   1476.304    394.000     3.5513   3.209581     3.5510   3.210791      96.87     0.0165     2.8322     2.5358  1.9516035  1.0769340   46.99734  -47.24764    34.7171    34.7320     3.5246     3.5242    27.6094    27.6213    6.29270    6.44785         22 0.0000e+00
      35455   1477.256    393.000     3.5509   3.209395     3.5506   3.210593      96.97     0.0146     2.8326     2.5359  1.9513173  1.0763354   46.99734  -47.24764    34.7158    34.7305     3.5243     3.5239    27.6084    27.6202    6.29541    6.44570         23 0.0000e+00
      35478   1478.210    392.000     3.5483   3.208941     3.5461   3.209973      97.05     0.0178     2.8331     2.5359  1.9507874  1.0757011   46.99734  -47.24764    34.7137    34.7284     3.5217     3.5195    27.6070    27.6189    6.30189    6.44829         23 0.0000e+00
      35500   1479.140    391.000     3.5433   3.208281     3.5403   3.209211      96.94     0.0182     2.8335     2.5366  1.9503855  1.0757021   46.99734  -47.24764    34.7116    34.7260     3.5168     3.5138    27.6058    27.6175    6.30559    6.45809         22 0.0000e+00
      35522   1480.044    390.000     3.5360   3.207403     3.5296   3.207980      97.05     0.0194     2.8346     2.5374  1.9492955  1.0756477   46.99734  -47.24764    34.7094    34.7232     3.5096     3.5032    27.6047    27.6163    6.31301    6.46052         22 0.0000e+00
      35545   1480.997    389.000     3.5223   3.205940     3.5182   3.206712      96.59     0.0176     2.8355     2.5379  1.9490790  1.0753040   46.99733  -47.24764    34.7069    34.7206     3.4960     3.4919    27.6041    27.6154    6.31231    6.45456         24 0.0000e+00
      35570   1482.039    388.000     3.5043   3.203927     3.4988   3.204536      96.44     0.0145     2.8361     2.5374  1.9493521  1.0744832   46.99732  -47.24764    34.7025    34.7156     3.4781     3.4727    27.6023    27.6133    6.31150    6.44806         25 0.0000e+00
      35593   1483.016    387.000     3.4904   3.202313     3.4793   3.202359      70.17     0.0177     2.8359     2.5371  1.9495494  1.0741498   46.99732  -47.24764    34.6984    34.7107     3.4643     3.4533    27.6004    27.6113    6.31508    6.44647         22 0.0000e+00
      35615   1483.930    386.000     3.4755   3.200640     3.4688   3.201183      87.52     0.0167     2.8369     2.5359  1.9499357  1.0730472   46.99732  -47.24764    34.6947    34.7083     3.4495     3.4429    27.5989    27.6104    6.30952    6.43490         22 0.0000e+00
      35638   1484.889    385.000     3.4675   3.199678     3.4652   3.200696      96.63     0.0181     2.8356     2.5347  1.9500399  1.0727029   46.99732  -47.24764    34.6921    34.7068     3.4417     3.4394    27.5976    27.6096    6.30264    6.44042         24 0.0000e+00
      35663   1485.912    384.000     3.4644   3.199286     3.4638   3.200494      96.80     0.0175     2.8353     2.5345  1.9515923  1.0698544   46.99731  -47.24764    34.6913    34.7065     3.4387     3.4380    27.5972    27.6094    6.29960    6.44565         25 0.0000e+00
      35686   1486.889    383.000     3.4625   3.199000     3.4613   3.200176      96.87     0.0143     2.8345     2.5342  1.9515488  1.0698192   46.99730  -47.24763    34.6904    34.7058     3.4369     3.4357    27.5967    27.6091    6.29338    6.44225         22 0.0000e+00
      35707   1487.747    382.000     3.4617   3.198862     3.4609   3.200062      97.02     0.0156     2.8328     2.5339  1.9499444  1.0675485   46.99730  -47.24762    34.6901    34.7055     3.4361     3.4353    27.5966    27.6089    6.28295    6.42999         19 0.0000e+00
      35726   1488.545    381.000     3.4620   3.198832     3.4612   3.200026      97.00     0.0162     2.8322     2.5323  1.9499389  1.0673472   46.99730  -47.24762    34.6900    34.7052     3.4365     3.4357    27.5964    27.6086    6.28742    6.41755         19 0.0000e+00
      35745   1489.318    380.000     3.4617   3.198709     3.4589   3.199710      97.10     0.0181     2.8314     2.5313  1.9510317  1.0665390   46.99730  -47.24762    34.6894    34.7044     3.4362     3.4334    27.5960    27.6082    6.28128    6.43012         18 0.0000e+00
