data/CTD/2013/CNV/U021A058.CNV
* Sea-Bird SBE 9 Data File:
* FileName = C:\CTD_ACQUISITION\2013021HUD\ctddata\021A058.hdr
* Software Version Seasave V 7.22.2
* Temperature SN = 5081
* Conductivity SN = 3561
* Number of Bytes Per Scan = 37
* Number of Voltage Words = 4
* Number of Scans Averaged by the Deck Unit = 1
* NMEA Latitude = 48 28.99 N
* NMEA Longitude = 045 20.33 W
* NMEA UTC (Time) = Jul 05 2013 11:38:36
* NMEA baud rate = 9600
** Ship: Hudson
** Cruise: HUD2013021
** Chief_Scientist: Greenan
** Organization: BIO
** Area_of_Operation: Sackville Spur
** Station: 58
** Sounding:  775
** Event_Comments: SS19  393225
# nquan = 25
# nvalues = 775                         
# units = specified
# name 0 = scan: Scan Count
# name 1 = timeS: Time, Elapsed [seconds]
# name 2 = prDM: Pressure, Digiquartz [db]
# name 3 = t068C: Temperature [ITS-68, deg C]
# name 4 = c0S/m: Conductivity [S/m]
# name 5 = t168C: Temperature, 2 [ITS-68, deg C]
# name 6 = c1S/m: Conductivity, 2 [S/m]
# name 7 = altM: Altimeter [m]
# name 8 = flCUVA: Fluorescence, Chelsea UV Aquatracka [ug/l]
# name 9 = sbeox0V: Oxygen raw, SBE 43 [V]
# name 10 = sbeox1V: Oxygen raw, SBE 43, 2 [V]
# name 11 = upoly0: Upoly 0, Optode 4330F - O2 D-Phase
# name 12 = upoly1: Upoly 1, Optode 4330F - O2 Temp
# name 13 = latitude: Latitude [deg]
# name 14 = longitude: Longitude [deg]
# name 15 = sal00: Salinity, Practical [PSU]
# name 16 = sal11: Salinity, Practical, 2 [PSU]
# name 17 = potemp068C: Potential Temperature [ITS-68, deg C]
# name 18 = potemp168C: Potential Temperature, 2 [ITS-68, deg C]
# name 19 = sigma-é00: Density [sigma-theta, Kg/m^3]
# name 20 = sigma-é11: Density, 2 [sigma-theta, Kg/m^3]
# name 21 = sbeox0ML/L: Oxygen, SBE 43 [ml/l], WS = 2
# name 22 = sbeox1ML/L: Oxygen, SBE 43, 2 [ml/l], WS = 2
# name 23 = nbin: number of scans per bin
# name 24 = flag: flag
# span 0 =      27702,      47177       
# span 1 =   1154.189,   1965.669       
# span 2 =      1.000,    775.000       
# span 3 =     2.8477,     6.0569       
# span 4 =   3.084531,   3.301471       
# span 5 =     2.8121,     6.0551       
# span 6 =   3.081461,   3.303244       
# span 7 =       4.79,     103.32       
# span 8 =     0.0064,     0.4691       
# span 9 =     2.6309,     3.4100       
# span 10 =     2.3447,     3.0195      
# span 11 =  1.7061252,  2.0128554      
# span 12 =  0.9963391,  1.3824474      
# span 13 =   48.48021,   48.48170      
# span 14 =  -45.33892,  -45.33694      
# span 15 =    33.1701,    34.9139      
# span 16 =    33.1842,    34.9298      
# span 17 =     2.8452,     6.0568      
# span 18 =     2.8099,     6.0550      
# span 19 =    26.1000,    27.7388      
# span 20 =    26.1113,    27.7522      
# span 21 =    5.75009,    7.26766      
# span 22 =    5.81960,    7.30222      
# span 23 =         12,        596      
# span 24 = 0.0000e+00, 0.0000e+00      
# interval = decibars: 1                
# start_time = Jul 05 2013 11:38:36 [NMEA time, header]
# bad_flag = -9.990e-29
*END*
[from data line 116]
      31514   1313.060    659.000     3.9928   3.276032     3.9938   3.277499      95.54     0.0107     2.6851     2.3858  1.9859583  1.1245419   48.48160  -45.33860    34.8999    34.9162     3.9442     3.9452    27.7125    27.7254    5.99327    6.10683         24 0.0000e+00
      31539   1314.080    658.000     3.9933   3.276033     3.9948   3.277532      28.98     0.0118     2.6854     2.3862  1.9868385  1.1245421   48.48160  -45.33860    34.9000    34.9161     3.9448     3.9462    27.7125    27.7252    6.00094    6.10802         24 0.0000e+00
      31561   1314.997    657.000     3.9943   3.276065     3.9957   3.277571      96.82     0.0152     2.6857     2.3870  1.9868752  1.1244177   48.48160  -45.33860    34.8998    34.9161     3.9458     3.9473    27.7123    27.7251    5.99861    6.10073         20 0.0000e+00
      31580   1315.795    656.000     3.9952   3.276101     3.9961   3.277561      95.49     0.0128     2.6856     2.3861  1.9880277  1.1246158   48.48160  -45.33860    34.8998    34.9161     3.9468     3.9477    27.7122    27.7251    5.99452    6.08226         18 0.0000e+00
      31598   1316.524    655.000     3.9959   3.276131     3.9964   3.277540      95.20     0.0129     2.6858     2.3851  1.9882660  1.1246099   48.48160  -45.33860    34.8999    34.9161     3.9476     3.9481    27.7121    27.7250    5.99658    6.08312         18 0.0000e+00
      31615   1317.262    654.000     3.9963   3.276124     3.9969   3.277554      77.28     0.0141     2.6858     2.3850  1.9879298  1.1244760   48.48160  -45.33860    34.9000    34.9162     3.9481     3.9487    27.7122    27.7250    5.99621    6.08994         18 0.0000e+00
      31636   1318.114    653.000     3.9968   3.276141     3.9973   3.277546      95.29     0.0145     2.6858     2.3849  1.9865862  1.1249605   48.48160  -45.33860    34.9001    34.9162     3.9487     3.9491    27.7122    27.7250    5.99802    6.08854         23 0.0000e+00
      31666   1319.355    652.000     3.9970   3.276112     3.9974   3.277514      95.48     0.0156     2.6867     2.3842  1.9872842  1.1253332   48.48160  -45.33860    34.9001    34.9163     3.9490     3.9493    27.7121    27.7250    5.99833    6.07775         38 0.0000e+00
      31705   1320.981    651.000     3.9969   3.276045     3.9966   3.277393      95.53     0.0138     2.6865     2.3834  1.9886574  1.1255156   48.48160  -45.33860    34.8999    34.9162     3.9490     3.9486    27.7120    27.7250    5.99571    6.09576         33 0.0000e+00
      31729   1322.015    650.000     3.9974   3.276031     3.9970   3.277377      95.55     0.0122     2.6869     2.3849  1.9882511  1.1254132   48.48160  -45.33862    34.8998    34.9161     3.9495     3.9491    27.7119    27.7249    5.99617    6.10934         21 0.0000e+00
      31748   1322.789    649.000     3.9977   3.276018     3.9973   3.277361      94.21     0.0106     2.6868     2.3862  1.9885789  1.1257621   48.48160  -45.33862    34.8998    34.9161     3.9499     3.9495    27.7118    27.7249    6.00253    6.11289         17 0.0000e+00
      31765   1323.485    648.000     3.9975   3.275956     3.9970   3.277278      74.56     0.0069     2.6881     2.3873  1.9883221  1.1255324   48.48160  -45.33862    34.8998    34.9160     3.9498     3.9492    27.7119    27.7248    6.00526    6.11129         16 0.0000e+00
      31782   1324.197    647.000     3.9972   3.275869     3.9965   3.277183      95.08     0.0069     2.6879     2.3876  1.9883044  1.1257596   48.48158  -45.33862    34.8996    34.9159     3.9495     3.9489    27.7117    27.7247    5.99859    6.11145         19 0.0000e+00
      31802   1325.040    646.000     3.9969   3.275793     3.9965   3.277126      95.54     0.0071     2.6883     2.3890  1.9882358  1.1257632   48.48158  -45.33862    34.8996    34.9157     3.9493     3.9490    27.7117    27.7246    6.00614    6.11666         22 0.0000e+00
      31827   1326.101    645.000     3.9968   3.275739     3.9968   3.277101      95.54     0.0070     2.6904     2.3899  1.9881392  1.1255893   48.48158  -45.33862    34.8995    34.9157     3.9493     3.9493    27.7117    27.7246    6.03332    6.11338         28 0.0000e+00
      31854   1327.221    644.000     3.9969   3.275699     3.9973   3.277099      95.54     0.0110     2.6931     2.3910  1.9881811  1.1256170   48.48158  -45.33864    34.8994    34.9156     3.9495     3.9499    27.7116    27.7245    6.02964    6.11587         25 0.0000e+00
      31878   1328.207    643.000     3.9982   3.275766     4.0001   3.277309      95.55     0.0172     2.6945     2.3917  1.9890096  1.1256039   48.48158  -45.33864    34.8994    34.9158     3.9509     3.9527    27.7114    27.7243    6.03129    6.11524         23 0.0000e+00
      31900   1329.125    642.000     3.9995   3.275862     4.0026   3.277535      95.55     0.0163     2.6960     2.3923  1.9890109  1.1257632   48.48158  -45.33864    34.8997    34.9162     3.9523     3.9553    27.7115    27.7243    6.03503    6.11950         21 0.0000e+00
      31923   1330.067    641.000     4.0019   3.276017     4.0066   3.277874      95.54     0.0156     2.6974     2.3937  1.9890109  1.1256098   48.48158  -45.33864    34.8995    34.9165     3.9547     3.9594    27.7111    27.7242    6.03406    6.12890         24 0.0000e+00
      31948   1331.117    640.000     4.0043   3.276260     4.0099   3.278152      57.33     0.0130     2.6987     2.3951  1.9889159  1.1257651   48.48158  -45.33864    34.9004    34.9169     3.9571     3.9627    27.7116    27.7241    6.03501    6.13159         26 0.0000e+00
      31973   1332.156    639.000     4.0085   3.276621     4.0123   3.278359      95.93     0.0123     2.6997     2.3964  1.9884467  1.1256090   48.48158  -45.33864    34.9007    34.9173     3.9614     3.9652    27.7114    27.7242    6.02852    6.12693         24 0.0000e+00
      31994   1333.051    638.000     4.0110   3.276821     4.0126   3.278354      95.50     0.0115     2.7001     2.3970  1.9882203  1.1255804   48.48158  -45.33864    34.9010    34.9174     3.9640     3.9656    27.7113    27.7242    6.02000    6.12238         20 0.0000e+00
      32014   1333.873    637.000     4.0120   3.276876     4.0131   3.278341      95.41     0.0134     2.6996     2.3971  1.9884320  1.1268528   48.48158  -45.33865    34.9011    34.9173     3.9651     3.9661    27.7113    27.7241    6.01140    6.12017         19 0.0000e+00
      32034   1334.712    636.000     4.0132   3.276926     4.0133   3.278321      95.48     0.0113     2.6991     2.3974  1.9883711  1.1268095   48.48157  -45.33866    34.9011    34.9173     3.9663     3.9664    27.7112    27.7241    6.01367    6.12196         21 0.0000e+00
      32057   1335.650    635.000     4.0136   3.276932     4.0140   3.278328      95.53     0.0120     2.6991     2.3979  1.9884720  1.1269811   48.48156  -45.33866    34.9011    34.9172     3.9668     3.9672    27.7111    27.7239    6.01544    6.11661         25 0.0000e+00
      32082   1336.724    634.000     4.0142   3.276935     4.0153   3.278397      83.86     0.0131     2.6990     2.3974  1.9885877  1.1271243   48.48156  -45.33866    34.9011    34.9172     3.9674     3.9686    27.7111    27.7237    6.01301    6.10657         26 0.0000e+00
      32109   1337.835    633.000     4.0148   3.276950     4.0162   3.278427      69.16     0.0145     2.6990     2.3970  1.9862864  1.1272210   48.48156  -45.33866    34.9011    34.9171     3.9682     3.9695    27.7110    27.7236    6.02007    6.11610         26 0.0000e+00
      32134   1338.883    632.000     4.0157   3.276973     4.0174   3.278490      96.23     0.0179     2.7003     2.3976  1.9859482  1.1272913   48.48156  -45.33867    34.9010    34.9171     3.9691     3.9708    27.7108    27.7235    6.03337    6.11637         24 0.0000e+00
      32157   1339.813    631.000     4.0165   3.277005     4.0181   3.278513      95.54     0.0186     2.7016     2.3977  1.9856809  1.1274282   48.48156  -45.33868    34.9010    34.9172     3.9701     3.9716    27.7107    27.7234    6.03154    6.11670         22 0.0000e+00
      32177   1340.668    630.000     4.0175   3.277043     4.0185   3.278495      95.54     0.0150     2.7020     2.3982  1.9861199  1.1273696   48.48156  -45.33868    34.9009    34.9171     3.9711     3.9721    27.7105    27.7233    6.03469    6.12229         19 0.0000e+00
      32197   1341.482    629.000     4.0190   3.277122     4.0203   3.278613      95.48     0.0136     2.7033     2.3989  1.9861192  1.1277006   48.48156  -45.33868    34.9008    34.9170     3.9727     3.9740    27.7102    27.7230    6.04353    6.12398         19 0.0000e+00
      32215   1342.247    628.000     4.0205   3.277229     4.0227   3.278794      95.31     0.0132     2.7049     2.3993  1.9860241  1.1279393   48.48156  -45.33868    34.9010    34.9172     3.9742     3.9764    27.7103    27.7229    6.04718    6.12553         18 0.0000e+00
      32233   1343.008    627.000     4.0224   3.277372     4.0251   3.278992      84.52     0.0139     2.7059     2.4001  1.9857304  1.1280133   48.48156  -45.33868    34.9012    34.9175     3.9762     3.9789    27.7102    27.7229    6.04266    6.12613         19 0.0000e+00
      32254   1343.883    626.000     4.0249   3.277585     4.0265   3.279100      63.74     0.0151     2.7068     2.4006  1.9860678  1.1281980   48.48156  -45.33868    34.9016    34.9178     3.9787     3.9804    27.7103    27.7230    6.04165    6.12525         25 0.0000e+00
      32294   1345.547    625.000     4.0263   3.277678     4.0261   3.279036      95.07     0.0157     2.7078     2.4023  1.9858079  1.1281821   48.48156  -45.33870    34.9017    34.9181     3.9802     3.9807    27.7102    27.7233    6.03488    6.13818         53 0.0000e+00
      32333   1347.159    624.000     4.0260   3.277578     4.0243   3.278778      95.00     0.0117     2.7082     2.4045  1.9859679  1.1282066   48.48154  -45.33870    34.9014    34.9174     3.9800     3.9783    27.7100    27.7229    6.03698    6.14991         20 0.0000e+00
      32348   1347.793    623.000     4.0263   3.277563     4.0278   3.279059      95.41     0.0120     2.7081     2.4057  1.9840684  1.1282052   48.48154  -45.33870    34.9015    34.9176     3.9803     3.9819    27.7100    27.7226    6.05084    6.15732         14 0.0000e+00
      32361   1348.354    622.000     4.0301   3.277901     4.0310   3.279318      95.47     0.0103     2.7106     2.4069  1.9841269  1.1282052   48.48154  -45.33870    34.9019    34.9178     3.9843     3.9851    27.7100    27.7225    6.06064    6.16097         13 0.0000e+00
      32374   1348.883    621.000     4.0325   3.278103     4.0331   3.279491      95.48     0.0097     2.7111     2.4081  1.9841269  1.1282052   48.48154  -45.33870    34.9023    34.9181     3.9868     3.9873    27.7100    27.7225    6.04556    6.16039         13 0.0000e+00
      32388   1349.443    620.000     4.0340   3.278210     4.0347   3.279618      66.07     0.0118     2.7106     2.4087  1.9838098  1.1282052   48.48154  -45.33870    34.9025    34.9184     3.9883     3.9890    27.7100    27.7226    6.03196    6.16294         15 0.0000e+00
      32406   1350.216    619.000     4.0354   3.278284     4.0362   3.279731      72.84     0.0120     2.7110     2.4106  1.9832979  1.1282052   48.48154  -45.33870    34.9025    34.9187     3.9897     3.9906    27.7098    27.7226    6.05143    6.16506         25 0.0000e+00
      32465   1352.662    618.000     4.0335   3.278079     4.0321   3.279341     103.32     0.0133     2.7146     2.4122  1.9837098  1.1294105   48.48154  -45.33873    34.9025    34.9189     3.9880     3.9866    27.7100    27.7232    6.05520    6.13960         59 0.0000e+00
      32489   1353.655    617.000     4.0333   3.277978     4.0316   3.279206      95.55     0.0131     2.7151     2.4115  1.9828836  1.1292794   48.48154  -45.33874    34.9021    34.9184     3.9878     3.9861    27.7097    27.7229    6.05117    6.14076         16 0.0000e+00
      32503   1354.252    616.000     4.0356   3.278159     4.0347   3.279409      95.50     0.0147     2.7151     2.4115  1.9829060  1.1289368   48.48154  -45.33874    34.9023    34.9181     3.9902     3.9917    27.7097    27.7223    6.05122    6.13906         15 0.0000e+00
      32517   1354.823    615.000     4.0388   3.278439     4.0392   3.279792      95.55     0.0143     2.7153     2.4112  1.9822606  1.1286796   48.48154  -45.33874    34.9027    34.9183     3.9935     3.9939    27.7096    27.7220    6.05395    6.13549         13 0.0000e+00
      32531   1355.400    614.000     4.0421   3.278731     4.0431   3.280142      92.71     0.0145     2.7168     2.4112  1.9824715  1.1291680   48.48154  -45.33874    34.9033    34.9189     3.9968     3.9978    27.7097    27.7220    6.05648    6.13130         14 0.0000e+00
      32547   1356.085    613.000     4.0448   3.278960     4.0471   3.280496      47.25     0.0137     2.7164     2.4106  1.9813492  1.1294192   48.48154  -45.33874    34.9036    34.9194     3.9996     4.0019    27.7097    27.7220    6.05140    6.12336         20 0.0000e+00
      32583   1357.595    612.000     4.0459   3.279011     4.0451   3.280317      93.39     0.0085     2.7173     2.4098  1.9822415  1.1294699   48.48153  -45.33874    34.9036    34.9199     4.0008     3.9999    27.7095    27.7226    6.04493    6.12378         54 0.0000e+00
      32625   1359.321    611.000     4.0429   3.278636     4.0395   3.279700      95.58     0.0142     2.7165     2.4082  1.9828253  1.1297171   48.48152  -45.33874    34.9028    34.9190     3.9979     3.9945    27.7093    27.7225    6.03613    6.11723         22 0.0000e+00
      32642   1360.033    610.000     4.0447   3.278790     4.0445   3.280089      95.28     0.0143     2.7163     2.4082  1.9817455  1.1298867   48.48152  -45.33874    34.9033    34.9188     3.9998     3.9995    27.7094    27.7218    6.04362    6.13329         16 0.0000e+00
      32658   1360.691    609.000     4.0482   3.279063     4.0487   3.280449      95.56     0.0155     2.7169     2.4088  1.9819145  1.1298840   48.48152  -45.33874    34.9034    34.9192     4.0032     4.0060    27.7091    27.7216    6.04003    6.14236         16 0.0000e+00
      32673   1361.331    608.000     4.0498   3.279164     4.0495   3.280478      95.55     0.0160     2.7161     2.4101  1.9816047  1.1297522   48.48152  -45.33874    34.9034    34.9193     4.0049     4.0046    27.7089    27.7216    6.03214    6.14537         15 0.0000e+00
      32690   1362.033    607.000     4.0496   3.279089     4.0490   3.280386      50.23     0.0144     2.7162     2.4105  1.9809225  1.1297475   48.48152  -45.33876    34.9032    34.9191     4.0049     4.0043    27.7088    27.7216    6.04127    6.13959         19 0.0000e+00
      32711   1362.921    606.000     4.0494   3.279013     4.0488   3.280313      87.28     0.0158     2.7170     2.4111  1.9811381  1.1300013   48.48152  -45.33876    34.9031    34.9191     4.0047     4.0041    27.7087    27.7215    6.05150    6.14265         25 0.0000e+00
      32739   1364.100    605.000     4.0492   3.278932     4.0484   3.280238      95.52     0.0180     2.7184     2.4122  1.9792491  1.1306452   48.48152  -45.33876    34.9028    34.9191     4.0046     4.0050    27.7085    27.7215    6.05640    6.14475         30 0.0000e+00
      32770   1365.359    604.000     4.0490   3.278875     4.0483   3.280168      95.33     0.0172     2.7191     2.4128  1.9790386  1.1308924   48.48152  -45.33876    34.9029    34.9190     4.0045     4.0037    27.7086    27.7215    6.05047    6.12514         30 0.0000e+00
      32797   1366.520    603.000     4.0491   3.278843     4.0495   3.280230      95.52     0.0147     2.7201     2.4111  1.9787265  1.1314453   48.48151  -45.33876    34.9030    34.9189     4.0046     4.0051    27.7087    27.7213    6.05517    6.11510         26 0.0000e+00
