data/CTD/2013/CNV/U021A032.CNV
* Sea-Bird SBE 9 Data File:
* FileName = C:\CTD_ACQUISITION\2013021HUD\ctddata\021A032.hdr
* Software Version Seasave V 7.22.2
* Temperature SN = 5081
* Conductivity SN = 3561
* Number of Bytes Per Scan = 37
* Number of Voltage Words = 4
* Number of Scans Averaged by the Deck Unit = 1
* NMEA Latitude = 48 09.81 N
* NMEA Longitude = 046 24.25 W
* NMEA UTC (Time) = Jul 03 2013 07:29:28
* NMEA baud rate = 9600
** Ship: Hudson
** Cruise: HUD2013021
** Chief_Scientist: Greenan
** Organization: BIO
** Area_of_Operation: Sackville Spur
** Station: 32
** Sounding:  1141
** Event_Comments: SS14  393149
# nquan = 25
# nvalues = 1127                        
# units = specified
# name 0 = scan: Scan Count
# name 1 = timeS: Time, Elapsed [seconds]
# name 2 = prDM: Pressure, Digiquartz [db]
# name 3 = t068C: Temperature [ITS-68, deg C]
# name 4 = c0S/m: Conductivity [S/m]
# name 5 = t168C: Temperature, 2 [ITS-68, deg C]
# name 6 = c1S/m: Conductivity, 2 [S/m]
# name 7 = altM: Altimeter [m]
# name 8 = flCUVA: Fluorescence, Chelsea UV Aquatracka [ug/l]
# name 9 = sbeox0V: Oxygen raw, SBE 43 [V]
# name 10 = sbeox1V: Oxygen raw, SBE 43, 2 [V]
# name 11 = upoly0: Upoly 0, Optode 4330F - O2 D-Phase
# name 12 = upoly1: Upoly 1, Optode 4330F - O2 Temp
# name 13 = latitude: Latitude [deg]
# name 14 = longitude: Longitude [deg]
# name 15 = sal00: Salinity, Practical [PSU]
# name 16 = sal11: Salinity, Practical, 2 [PSU]
# name 17 = potemp068C: Potential Temperature [ITS-68, deg C]
# name 18 = potemp168C: Potential Temperature, 2 [ITS-68, deg C]
# name 19 = sigma-é00: Density [sigma-theta, Kg/m^3]
# name 20 = sigma-é11: Density, 2 [sigma-theta, Kg/m^3]
# name 21 = sbeox0ML/L: Oxygen, SBE 43 [ml/l], WS = 2
# name 22 = sbeox1ML/L: Oxygen, SBE 43, 2 [ml/l], WS = 2
# name 23 = nbin: number of scans per bin
# name 24 = flag: flag
# span 0 =      41520,      77106       
# span 1 =   1729.963,   3212.718       
# span 2 =      1.000,   1127.000       
# span 3 =     0.8110,     6.1260       
# span 4 =   2.866988,   3.280009       
# span 5 =     0.7928,     6.1231       
# span 6 =   2.866470,   3.281393       
# span 7 =       2.81,     102.61       
# span 8 =     0.0068,     0.4268       
# span 9 =     2.5320,     3.5196       
# span 10 =     2.2769,     3.1282      
# span 11 =  1.7210933,  2.0248958      
# span 12 =  0.7508452,  1.3891065      
# span 13 =   48.16330,   48.16392      
# span 14 =  -46.40810,  -46.40682      
# span 15 =    33.0085,    34.9111      
# span 16 =    33.0250,    34.9275      
# span 17 =     0.8093,     6.1251      
# span 18 =     0.7910,     6.1221      
# span 19 =    25.9656,    27.7491      
# span 20 =    25.9786,    27.7623      
# span 21 =    5.92990,    8.51257      
# span 22 =    6.13773,    8.66459      
# span 23 =          9,        468      
# span 24 = 0.0000e+00, 0.0000e+00      
# interval = decibars: 1                
# start_time = Jul 03 2013 07:29:28 [NMEA time, header]
# bad_flag = -9.990e-29
*END*
[from data line 986]
      71206   2966.860    141.000     2.8270   3.113847     2.8318   3.115207      71.72     0.0239     2.9455     2.6295  1.9584854  0.9816668   48.16370  -46.40694    34.4683    34.4799     2.8186     2.8233    27.4771    27.4859    6.59273    6.70947         27 0.0000e+00
      71231   2967.922    140.000     2.8510   3.115386     2.8472   3.116408      95.65     0.0237     2.9502     2.6331  1.9565873  0.9823333   48.16370  -46.40694    34.4621    34.4786     2.8426     2.8389    27.4700    27.4835    6.58917    6.70271         26 0.0000e+00
      71259   2969.089    139.000     2.8563   3.115649     2.8566   3.116984      96.01     0.0248     2.9524     2.6356  1.9552196  0.9828888   48.16370  -46.40694    34.4601    34.4762     2.8480     2.8482    27.4679    27.4808    6.58433    6.69815         31 0.0000e+00
      71292   2970.468    138.000     2.8559   3.115396     2.8525   3.116424      96.04     0.0237     2.9554     2.6380  1.9537601  0.9840385   48.16370  -46.40694    34.4580    34.4742     2.8476     2.8443    27.4663    27.4795    6.57445    6.69896         32 0.0000e+00
      71320   2971.615    137.000     2.8473   3.114511     2.8385   3.114942      95.47     0.0229     2.9558     2.6391  1.9526757  0.9841281   48.16370  -46.40694    34.4570    34.4717     2.8391     2.8303    27.4662    27.4787    6.57656    6.69024         24 0.0000e+00
      71342   2972.524    136.000     2.8276   3.112275     2.8240   3.113242      95.47     0.0253     2.9570     2.6392  1.9503900  0.9841270   48.16370  -46.40694    34.4513    34.4670     2.8195     2.8159    27.4634    27.4762    6.58293    6.68851         21 0.0000e+00
      71367   2973.589    135.000     2.8156   3.110910     2.8155   3.112229      82.30     0.0248     2.9576     2.6391  1.9500704  0.9837481   48.16371  -46.40694    34.4479    34.4642     2.8076     2.8075    27.4617    27.4747    6.57710    6.68304         33 0.0000e+00
      71431   2976.249    134.000     2.8190   3.111226     2.8147   3.112068      85.09     0.0253     2.9564     2.6365  1.9468429  0.9814379   48.16372  -46.40694    34.4487    34.4637     2.8111     2.8067    27.4621    27.4744    6.55743    6.66019         71 0.0000e+00
      71470   2977.865    133.000     2.8199   3.111256     2.8135   3.111874      93.41     0.0224     2.9536     2.6329  1.9457253  0.9801155   48.16371  -46.40694    34.4486    34.4631     2.8120     2.8056    27.4619    27.4741    6.52488    6.62770         24 0.0000e+00
      71490   2978.712    132.000     2.8058   3.109675     2.8042   3.110799      95.07     0.0230     2.9502     2.6302  1.9451280  0.9792599   48.16371  -46.40694    34.4450    34.4604     2.7980     2.7964    27.4602    27.4727    6.50455    6.61637         20 0.0000e+00
      71511   2979.594    131.000     2.7904   3.108038     2.7912   3.109340      95.60     0.0238     2.9464     2.6270  1.9448910  0.9792430   48.16372  -46.40694    34.4419    34.4571     2.7827     2.7835    27.4592    27.4712    6.50296    6.60709         22 0.0000e+00
      71536   2980.605    130.000     2.7629   3.105054     2.7701   3.107043      95.45     0.0227     2.9433     2.6238  1.9438549  0.9791986   48.16372  -46.40694    34.4354    34.4521     2.7552     2.7624    27.4564    27.4691    6.50030    6.61121         27 0.0000e+00
      71567   2981.921    129.000     2.7567   3.104171     2.7339   3.103260      95.37     0.0249     2.9391     2.6214  1.9438339  0.9785726   48.16372  -46.40694    34.4317    34.4450     2.7491     2.7263    27.4540    27.4666    6.49419    6.62813         36 0.0000e+00
      71603   2983.412    128.000     2.7413   3.102776     2.6839   3.098083      95.44     0.0232     2.9351     2.6201  1.9440618  0.9775144   48.16372  -46.40694    34.4317    34.4356     2.7338     2.6764    27.4553    27.4635    6.49576    6.63114         33 0.0000e+00
      71632   2984.643    127.000     2.6914   3.097573     2.6309   3.092498      85.96     0.0224     2.9328     2.6179  1.9455281  0.9743129   48.16372  -46.40694    34.4218    34.4244     2.6840     2.6236    27.4518    27.4590    6.49589    6.63066         27 0.0000e+00
      71659   2985.737    126.000     2.6229   3.090294     2.6109   3.090248      79.81     0.0226     2.9309     2.6171  1.9468011  0.9726571   48.16372  -46.40694    34.4058    34.4187     2.6161     2.6036    27.4448    27.4562    6.51495    6.64551         26 0.0000e+00
      71685   2986.834    125.000     2.5971   3.087320     2.5983   3.088839      95.46     0.0220     2.9299     2.6170  1.9487196  0.9694722   48.16372  -46.40694    34.3980    34.4154     2.5899     2.5911    27.4409    27.4547    6.52546    6.65032         27 0.0000e+00
      71713   2987.993    124.000     2.5879   3.086379     2.5890   3.087792      95.25     0.0254     2.9302     2.6169  1.9489564  0.9666135   48.16372  -46.40694    34.3959    34.4130     2.5807     2.5819    27.4400    27.4536    6.52886    6.64760         30 0.0000e+00
      71745   2989.341    123.000     2.5822   3.085728     2.5815   3.086996      95.19     0.0235     2.9295     2.6161  1.9490759  0.9642192   48.16372  -46.40694    34.3954    34.4118     2.5752     2.5745    27.4401    27.4533    6.52856    6.64009         34 0.0000e+00
      71778   2990.707    122.000     2.5808   3.085548     2.5763   3.086364      95.16     0.0232     2.9301     2.6151  1.9487127  0.9610039   48.16372  -46.40693    34.3953    34.4102     2.5738     2.5693    27.4401    27.4524    6.53255    6.64392         30 0.0000e+00
      71804   2991.795    121.000     2.5774   3.085053     2.5743   3.086073      95.23     0.0239     2.9299     2.6154  1.9492503  0.9604485   48.16372  -46.40692    34.3934    34.4093     2.5705     2.5674    27.4389    27.4518    6.53486    6.64885         23 0.0000e+00
      71827   2992.752    120.000     2.5727   3.084440     2.5732   3.085869      50.25     0.0243     2.9306     2.6154  1.9499260  0.9597208   48.16372  -46.40692    34.3915    34.4086     2.5658     2.5666    27.4377    27.4513    6.54099    6.65408         24 0.0000e+00
      71854   2993.883    119.000     2.5704   3.084084     2.5715   3.085541      86.33     0.0260     2.9314     2.6166  1.9505506  0.9584455   48.16372  -46.40692    34.3900    34.4069     2.5636     2.5647    27.4368    27.4501    6.53890    6.66507         31 0.0000e+00
      71907   2996.068    118.000     2.5719   3.084220     2.5725   3.085544      93.80     0.0236     2.9321     2.6197  1.9524034  0.9558756   48.16372  -46.40694    34.3907    34.4064     2.5652     2.5659    27.4372    27.4497    6.54307    6.67073         69 0.0000e+00
      71952   2997.938    117.000     2.5743   3.084347     2.5731   3.085476      95.12     0.0225     2.9341     2.6198  1.9517037  0.9538074   48.16372  -46.40692    34.3903    34.4055     2.5676     2.5664    27.4366    27.4489    6.55731    6.65006         19 0.0000e+00
      71966   2998.541    116.000     2.5643   3.082806     2.5655   3.084294      94.88     0.0241     2.9351     2.6196  1.9511431  0.9525159   48.16372  -46.40692    34.3825    34.3996     2.5577     2.5589    27.4313    27.4448    6.55457    6.66381         14 0.0000e+00
      71979   2999.068    115.000     2.5596   3.081680     2.5604   3.083204      94.96     0.0228     2.9355     2.6204  1.9517766  0.9527903   48.16372  -46.40692    34.3743    34.3922     2.5531     2.5539    27.4251    27.4393    6.54926    6.67291         12 0.0000e+00
      71990   2999.561    114.000     2.5592   3.081239     2.5596   3.082647      95.10     0.0266     2.9350     2.6206  1.9519731  0.9529907   48.16372  -46.40692    34.3698    34.3868     2.5527     2.5531    27.4215    27.4351    6.55071    6.67695         12 0.0000e+00
      72003   3000.077    113.000     2.5613   3.081212     2.5633   3.082674      95.18     0.0292     2.9359     2.6214  1.9535818  0.9522958   48.16372  -46.40692    34.3678    34.3837     2.5548     2.5568    27.4198    27.4323    6.55300    6.67771         13 0.0000e+00
      72018   3000.718    112.000     2.5652   3.081425     2.5683   3.082953      95.19     0.0283     2.9363     2.6222  1.9536020  0.9523764   48.16372  -46.40692    34.3668    34.3823     2.5589     2.5619    27.4186    27.4308    6.55559    6.68126         19 0.0000e+00
      72095   3003.906    111.000     2.5642   3.081431     2.5663   3.082905      94.99     0.0239     2.9413     2.6281  1.9536343  0.9492136   48.16371  -46.40691    34.3685    34.3844     2.5578     2.5600    27.4201    27.4326    6.57596    6.70357         50 0.0000e+00
      72157   3006.489    110.000     2.5667   3.081595     2.5673   3.082945      94.85     0.0234     2.9463     2.6324  1.9515737  0.9475052   48.16370  -46.40690    34.3684    34.3845     2.5605     2.5610    27.4197    27.4325    6.58729    6.70711         15 0.0000e+00
      72172   3007.136    109.000     2.5696   3.081716     2.5747   3.083376      94.92     0.0221     2.9468     2.6330  1.9516170  0.9474970   48.16370  -46.40690    34.3674    34.3824     2.5633     2.5685    27.4187    27.4302    6.59195    6.71058         16 0.0000e+00
      72189   3007.848    108.000     2.5798   3.082372     2.5847   3.084020      95.19     0.0234     2.9485     2.6342  1.9523524  0.9480537   48.16370  -46.40690    34.3650    34.3801     2.5737     2.5785    27.4159    27.4276    6.59700    6.71782         19 0.0000e+00
      72213   3008.827    107.000     2.5896   3.083024     2.5956   3.084744      95.33     0.0256     2.9500     2.6362  1.9535433  0.9486871   48.16370  -46.40691    34.3631    34.3778     2.5835     2.5895    27.4136    27.4248    6.59512    6.72750         29 0.0000e+00
      72269   3011.181    106.000     2.5868   3.082793     2.5964   3.084780      86.19     0.0283     2.9580     2.6446  1.9506470  0.9503662   48.16369  -46.40691    34.3638    34.3780     2.5807     2.5904    27.4143    27.4249    6.64715    6.76982         82 0.0000e+00
      72326   3013.535    105.000     2.5965   3.083432     2.5976   3.084804      95.38     0.0296     2.9685     2.6515  1.9502025  0.9510963   48.16368  -46.40690    34.3618    34.3777     2.5905     2.5915    27.4119    27.4245    6.67059    6.77050         26 0.0000e+00
      72346   3014.391    104.000     2.5923   3.082953     2.6001   3.084782      94.77     0.0300     2.9715     2.6533  1.9499341  0.9499198   48.16368  -46.40690    34.3610    34.3752     2.5864     2.5941    27.4116    27.4223    6.66358    6.77295         19 0.0000e+00
      72365   3015.160    103.000     2.5983   3.082753     2.6012   3.084121      95.00     0.0320     2.9727     2.6547  1.9499389  0.9499390   48.16368  -46.40690    34.3527    34.3665     2.5924     2.5953    27.4044    27.4152    6.65738    6.77727         19 0.0000e+00
      72384   3015.963    102.000     2.5962   3.081889     2.5975   3.083275      94.88     0.0356     2.9746     2.6562  1.9493402  0.9499988   48.16368  -46.40690    34.3449    34.3606     2.5903     2.5916    27.3984    27.4108    6.66224    6.77837         20 0.0000e+00
      72409   3017.006    101.000     2.5934   3.081330     2.5933   3.082610      94.89     0.0324     2.9763     2.6579  1.9488639  0.9500465   48.16368  -46.40690    34.3415    34.3574     2.5877     2.5875    27.3959    27.4087    6.66518    6.78030         33 0.0000e+00
      72774   3032.198    100.000     2.5883   3.080752     2.5865   3.081865      79.26     0.0249     2.9822     2.6634  1.9381499  0.9492728   48.16365  -46.40687    34.3404    34.3561     2.5826     2.5809    27.3955    27.4081    6.66246    6.79163        241 0.0000e+00
      73088   3045.277     99.000     2.5811   3.079812     2.5823   3.081276      91.18     0.0245     2.9804     2.6640  1.9352301  0.9487307   48.16360  -46.40684    34.3371    34.3539     2.5755     2.5772    27.3934    27.4067    6.65594    6.78353         23 0.0000e+00
      73085   3045.154     98.000     2.5778   3.079443     2.5791   3.080901      91.28     0.0241     2.9807     2.6638  1.9359784  0.9487945   48.16360  -46.40684    34.3366    34.3533     2.5722     2.5735    27.3933    27.4065    6.65125    6.76597         16 0.0000e+00
      73100   3045.775     97.000     2.5442   3.075804     2.5511   3.077924      75.11     0.0255     2.9799     2.6626  1.9353839  0.9487199   48.16360  -46.40684    34.3284    34.3471     2.5387     2.5456    27.3896    27.4040    6.64160    6.75547         15 0.0000e+00
      73115   3046.404     96.000     2.4861   3.069603     2.4928   3.071760      94.88     0.0283     2.9782     2.6611  1.9346501  0.9487180   48.16360  -46.40684    34.3147    34.3342     2.4807     2.4874    27.3836    27.3986    6.63066    6.74824         15 0.0000e+00
      73134   3047.199     95.000     2.4487   3.065607     2.4441   3.066471      91.53     0.0258     2.9750     2.6580  1.9344217  0.9487180   48.16360  -46.40684    34.3060    34.3216     2.4433     2.4388    27.3798    27.3926    6.60593    6.73685         25 0.0000e+00
      73201   3050.005     94.000     2.4842   3.069314     2.5104   3.073460      94.83     0.0255     2.9644     2.6485  1.9356169  0.9421098   48.16360  -46.40684    34.3143    34.3373     2.4789     2.5051    27.3834    27.3997    6.59709    6.70339         81 0.0000e+00
      73241   3051.678     93.000     2.4966   3.070545     2.5110   3.073527      95.54     0.0265     2.9614     2.6436  1.9358770  0.9388412   48.16358  -46.40684    34.3168    34.3381     2.4913     2.5058    27.3843    27.4002    6.59381    6.70581         19 0.0000e+00
      73259   3052.422     92.000     2.4562   3.066394     2.4702   3.069183      95.93     0.0257     2.9602     2.6432  1.9368352  0.9389499   48.16358  -46.40684    34.3093    34.3289     2.4511     2.4650    27.3817    27.3962    6.59628    6.72361         19 0.0000e+00
      73279   3053.255     91.000     2.3860   3.059138     2.3889   3.060448      58.05     0.0254     2.9585     2.6428  1.9366229  0.9389499   48.16358  -46.40684    34.2955    34.3086     2.3810     2.3838    27.3765    27.3868    6.61642    6.74544         22 0.0000e+00
      73306   3054.363     90.000     2.2526   3.045053     2.2644   3.047265      91.28     0.0271     2.9584     2.6436  1.9359186  0.9399870   48.16358  -46.40684    34.2646    34.2795     2.2477     2.2595    27.3628    27.3737    6.65090    6.78778         32 0.0000e+00
      73340   3055.804     89.000     2.1847   3.037801     2.2003   3.040673      92.01     0.0289     2.9600     2.6463  1.9372880  0.9375318   48.16358  -46.40684    34.2485    34.2670     2.1795     2.1955    27.3554    27.3689    6.69221    6.81234         35 0.0000e+00
      73373   3057.167     88.000     2.1643   3.034817     2.1609   3.035518      95.78     0.0326     2.9627     2.6478  1.9389759  0.9340117   48.16358  -46.40684    34.2333    34.2457     2.1596     2.1562    27.3448    27.3550    6.70067    6.82026         30 0.0000e+00
      73400   3058.299     87.000     2.1508   3.032148     2.1489   3.033086      90.08     0.0344     2.9647     2.6497  1.9401788  0.9286592   48.16356  -46.40682    34.2151    34.2289     2.1462     2.1443    27.3313    27.3425    6.70805    6.83460         25 0.0000e+00
      73424   3059.300     86.000     2.1541   3.031171     2.1579   3.032410      67.19     0.0419     2.9663     2.6513  1.9402212  0.9279698   48.16356  -46.40682    34.1999    34.2113     2.1496     2.1533    27.3189    27.3277    6.72047    6.83602         24 0.0000e+00
      73450   3060.366     85.000     2.1628   3.031005     2.1646   3.032302      84.73     0.0414     2.9696     2.6532  1.9447092  0.9246537   48.16356  -46.40682    34.1891    34.2030     2.1583     2.1601    27.3095    27.3205    6.73874    6.84652         28 0.0000e+00
