data/CTD/2013/CNV/U021A035.CNV
* Sea-Bird SBE 9 Data File:
* FileName = C:\CTD_ACQUISITION\2013021HUD\ctddata\021A035.hdr
* Software Version Seasave V 7.22.2
* Temperature SN = 5081
* Conductivity SN = 3561
* Number of Bytes Per Scan = 37
* Number of Voltage Words = 4
* Number of Scans Averaged by the Deck Unit = 1
* NMEA Latitude = 48 16.30 N
* NMEA Longitude = 046 30.22 W
* NMEA UTC (Time) = Jul 03 2013 15:36:29
* NMEA baud rate = 9600
** Ship: Hudson
** Cruise: HUD2013021
** Chief_Scientist: Greenan
** Organization: BIO
** Area_of_Operation: Sackville Spur
** Station: 35
** Sounding:  860
** Event_Comments: SS12  393163
# nquan = 25
# nvalues = 866                         
# units = specified
# name 0 = scan: Scan Count
# name 1 = timeS: Time, Elapsed [seconds]
# name 2 = prDM: Pressure, Digiquartz [db]
# name 3 = t068C: Temperature [ITS-68, deg C]
# name 4 = c0S/m: Conductivity [S/m]
# name 5 = t168C: Temperature, 2 [ITS-68, deg C]
# name 6 = c1S/m: Conductivity, 2 [S/m]
# name 7 = altM: Altimeter [m]
# name 8 = flCUVA: Fluorescence, Chelsea UV Aquatracka [ug/l]
# name 9 = sbeox0V: Oxygen raw, SBE 43 [V]
# name 10 = sbeox1V: Oxygen raw, SBE 43, 2 [V]
# name 11 = upoly0: Upoly 0, Optode 4330F - O2 D-Phase
# name 12 = upoly1: Upoly 1, Optode 4330F - O2 Temp
# name 13 = latitude: Latitude [deg]
# name 14 = longitude: Longitude [deg]
# name 15 = sal00: Salinity, Practical [PSU]
# name 16 = sal11: Salinity, Practical, 2 [PSU]
# name 17 = potemp068C: Potential Temperature [ITS-68, deg C]
# name 18 = potemp168C: Potential Temperature, 2 [ITS-68, deg C]
# name 19 = sigma-é00: Density [sigma-theta, Kg/m^3]
# name 20 = sigma-é11: Density, 2 [sigma-theta, Kg/m^3]
# name 21 = sbeox0ML/L: Oxygen, SBE 43 [ml/l], WS = 2
# name 22 = sbeox1ML/L: Oxygen, SBE 43, 2 [ml/l], WS = 2
# name 23 = nbin: number of scans per bin
# name 24 = flag: flag
# span 0 =      34611,      66698       
# span 1 =   1442.065,   2779.052       
# span 2 =      1.000,    866.000       
# span 3 =    -0.1137,     5.6252       
# span 4 =   2.768739,   3.279195       
# span 5 =    -0.1141,     5.6154       
# span 6 =   2.769974,   3.280570       
# span 7 =       3.68,     100.62       
# span 8 =     0.0063,     0.1373       
# span 9 =     2.6170,     3.4045       
# span 10 =     2.3508,     3.0554      
# span 11 =  1.7369479,  2.0112768      
# span 12 =  0.6250906,  1.3249733      
# span 13 =   48.26606,   48.26882      
# span 14 =  -46.50260,  -46.50134      
# span 15 =    32.6393,    34.9103      
# span 16 =    32.6551,    34.9265      
# span 17 =    -0.1150,     5.6249      
# span 18 =    -0.1154,     5.6151      
# span 19 =    25.7354,    27.7454      
# span 20 =    25.7482,    27.7583      
# span 21 =    5.98333,    8.50796      
# span 22 =    6.18238,    8.51330      
# span 23 =         11,       1300      
# span 24 = 0.0000e+00, 0.0000e+00      
# interval = decibars: 1                
# start_time = Jul 03 2013 15:36:29 [NMEA time, header]
# bad_flag = -9.990e-29
*END*
      34611   1442.065    866.000     3.7670   3.265817     3.7677   3.267244       3.68     0.0199     2.6172     2.3508  2.0049832  1.0976801   48.26882  -46.50260    34.9101    34.9264     3.7033     3.7040    27.7454    27.7582    5.98744    6.18574         25 0.0000e+00
      34648   1443.619    865.000     3.7697   3.266004     3.7685   3.267285       4.31     0.0166     2.6174     2.3515  2.0049775  1.0976801   48.26882  -46.50260    34.9100    34.9265     3.7061     3.7049    27.7450    27.7583    5.99462    6.19670         26 0.0000e+00
      34668   1444.440    864.000     3.7728   3.266242     3.7708   3.267448       4.70     0.0158     2.6176     2.3522  2.0049517  1.0976801   48.26882  -46.50260    34.9101    34.9265     3.7092     3.7073    27.7447    27.7580    5.98516    6.19471         18 0.0000e+00
      34691   1445.406    863.000     3.7745   3.266347     3.7761   3.267855       5.32     0.0181     2.6171     2.3523  2.0049229  1.0976801   48.26880  -46.50260    34.9101    34.9263     3.7110     3.7126    27.7445    27.7573    5.98463    6.18724         35 0.0000e+00
      34772   1448.774    862.000     3.7748   3.266319     3.7748   3.267694       6.66     0.0160     2.6178     2.3522  2.0061760  1.0978097   48.26880  -46.50260    34.9099    34.9263     3.7114     3.7114    27.7444    27.7574    5.98689    6.19421         21 0.0000e+00
      34786   1449.357    861.000     3.7743   3.266239     3.7750   3.267672       7.42     0.0167     2.6170     2.3527  2.0061038  1.0976824   48.26880  -46.50260    34.9100    34.9263     3.7110     3.7116    27.7445    27.7574    5.98333    6.19351         15 0.0000e+00
      34800   1449.972    860.000     3.7727   3.266062     3.7724   3.267409       8.03     0.0144     2.6172     2.3528  2.0061049  1.0976801   48.26878  -46.50260    34.9102    34.9265     3.7094     3.7091    27.7448    27.7578    5.98730    6.18754         14 0.0000e+00
      34817   1450.656    859.000     3.7718   3.265948     3.7717   3.267298       8.86     0.0189     2.6175     2.3527  2.0061049  1.0976801   48.26878  -46.50260    34.9103    34.9265     3.7087     3.7085    27.7449    27.7578    5.98489    6.18640         20 0.0000e+00
      35108   1462.801    858.000     3.7742   3.266108     3.7743   3.267487      10.98     0.0171     2.6179     2.3533  2.0058393  1.0973737   48.26872  -46.50258    34.9101    34.9264     3.7111     3.7114    27.7446    27.7575    5.98797    6.18914        247 0.0000e+00
      35721   1488.344    857.000     3.7772   3.266317     3.7771   3.267678      11.77     0.0171     2.6187     2.3529  2.0063691  1.0976784   48.26862  -46.50255    34.9100    34.9262     3.7142     3.7144    27.7441    27.7571    5.98737    6.18426        134 0.0000e+00
      36529   1521.985    856.000     3.7753   3.266103     3.7755   3.267496      12.12     0.0152     2.6171     2.3515  2.0059080  1.0966957   48.26854  -46.50255    34.9100    34.9263     3.7124     3.7125    27.7443    27.7573    5.98753    6.18238         34 0.0000e+00
      36552   1522.969    855.000     3.7756   3.266086     3.7752   3.267420      13.93     0.0172     2.6203     2.3529  2.0064723  1.0970197   48.26854  -46.50255    34.9100    34.9262     3.7127     3.7123    27.7443    27.7573    6.01213    6.19797         92 0.0000e+00
      36591   1524.564    854.000     3.7758   3.266049     3.7753   3.267376      14.65     0.0181     2.6238     2.3562  2.0050471  1.0972993   48.26855  -46.50253    34.9099    34.9262     3.7130     3.7125    27.7442    27.7572    6.02783    6.22169         26 0.0000e+00
      36625   1525.994    853.000     3.7828   3.266586     3.7759   3.267388      15.18     0.0168     2.6264     2.3585  2.0047143  1.0974025   48.26856  -46.50252    34.9093    34.9261     3.7201     3.7132    27.7430    27.7571    6.03172    6.21856         45 0.0000e+00
      36667   1527.759    852.000     3.8156   3.269292     3.7948   3.268719      15.59     0.0162     2.6291     2.3605  2.0049005  1.0977036   48.26856  -46.50252    34.9072    34.9235     3.7527     3.7321    27.7380    27.7531    6.02644    6.22303         29 0.0000e+00
      36688   1528.623    851.000     3.8363   3.271133     3.8263   3.271557      16.48     0.0132     2.6302     2.3618  2.0061283  1.0976801   48.26856  -46.50252    34.9076    34.9233     3.7734     3.7634    27.7362    27.7497    6.02688    6.22011         18 0.0000e+00
      36706   1529.354    850.000     3.8418   3.271613     3.8402   3.272801      17.25     0.0147     2.6314     2.3628  2.0061049  1.0976801   48.26856  -46.50252    34.9080    34.9238     3.7790     3.7773    27.7360    27.7488    6.03436    6.21651         18 0.0000e+00
      36724   1530.117    849.000     3.8479   3.272106     3.8504   3.273643      18.17     0.0163     2.6328     2.3633  2.0056345  1.0979153   48.26856  -46.50252    34.9079    34.9235     3.7851     3.7875    27.7353    27.7475    6.03301    6.21812         20 0.0000e+00
      36751   1531.233    848.000     3.8566   3.272795     3.8554   3.274053      19.49     0.0162     2.6342     2.3651  2.0051889  1.0985428   48.26854  -46.50252    34.9074    34.9236     3.7938     3.7926    27.7340    27.7470    6.03396    6.22522         38 0.0000e+00
      36801   1533.322    847.000     3.8601   3.273038     3.8558   3.274033      21.31     0.0141     2.6369     2.3671  2.0022550  1.1027881   48.26854  -46.50252    34.9071    34.9234     3.7973     3.7930    27.7334    27.7468    6.03419    6.21813         46 0.0000e+00
      36832   1534.630    846.000     3.8687   3.273704     3.8660   3.274824      22.18     0.0178     2.6376     2.3678  2.0034852  1.1025648   48.26854  -46.50252    34.9064    34.9226     3.8060     3.8032    27.7319    27.7451    6.02441    6.22308         27 0.0000e+00
      36860   1535.801    845.000     3.8743   3.274175     3.8741   3.275504      22.92     0.0173     2.6381     2.3690  2.0034597  1.1025641   48.26854  -46.50252    34.9065    34.9225     3.8116     3.8114    27.7315    27.7442    6.03008    6.22441         30 0.0000e+00
      36896   1537.295    844.000     3.8785   3.274483     3.8775   3.275747      24.31     0.0166     2.6395     2.3699  2.0024402  1.1025641   48.26854  -46.50252    34.9063    34.9223     3.8159     3.8149    27.7308    27.7437    6.03716    6.22407         41 0.0000e+00
      36932   1538.809    843.000     3.8797   3.274522     3.8787   3.275788      25.16     0.0180     2.6404     2.3713  2.0000021  1.1048199   48.26854  -46.50252    34.9060    34.9221     3.8171     3.8161    27.7305    27.7434    6.02882    6.23023         28 0.0000e+00
      36954   1539.720    842.000     3.8813   3.274612     3.8803   3.275886      25.86     0.0184     2.6408     2.3717  1.9997383  1.1050097   48.26854  -46.50252    34.9059    34.9221     3.8188     3.8178    27.7303    27.7432    6.04044    6.22138         19 0.0000e+00
      36972   1540.464    841.000     3.8836   3.274783     3.8833   3.276116      26.37     0.0190     2.6418     2.3719  2.0000021  1.1060197   48.26854  -46.50252    34.9060    34.9221     3.8212     3.8209    27.7301    27.7429    6.04190    6.22261         17 0.0000e+00
      36989   1541.152    840.000     3.8874   3.275062     3.8891   3.276569      27.09     0.0159     2.6424     2.3722  2.0003850  1.1062291   48.26854  -46.50252    34.9058    34.9219     3.8251     3.8267    27.7295    27.7422    6.04002    6.22535         16 0.0000e+00
      37006   1541.858    839.000     3.8906   3.275297     3.8918   3.276761      27.65     0.0175     2.6432     2.3727  1.9999977  1.1062272   48.26854  -46.50252    34.9057    34.9218     3.8283     3.8294    27.7291    27.7418    6.04473    6.22313         18 0.0000e+00
      37026   1542.689    838.000     3.8931   3.275456     3.8928   3.276810      28.84     0.0177     2.6441     2.3729  1.9993771  1.1073689   48.26854  -46.50252    34.9056    34.9218     3.8308     3.8305    27.7287    27.7417    6.04518    6.22077         23 0.0000e+00
      37059   1544.101    837.000     3.8935   3.275453     3.8932   3.276796      30.13     0.0151     2.6451     2.3737  1.9978461  1.1079640   48.26854  -46.50252    34.9055    34.9217     3.8313     3.8310    27.7286    27.7416    6.04082    6.22809         45 0.0000e+00
      37101   1545.819    836.000     3.8931   3.275353     3.8925   3.276668      31.35     0.0212     2.6461     2.3748  1.9956925  1.1087178   48.26854  -46.50252    34.9053    34.9215     3.8310     3.8322    27.7285    27.7415    6.05183    6.23477         29 0.0000e+00
      37124   1546.787    835.000     3.8929   3.275287     3.8924   3.276627      32.42     0.0221     2.6478     2.3759  1.9962319  1.1095705   48.26854  -46.50252    34.9053    34.9216     3.8308     3.8304    27.7285    27.7416    6.05372    6.24012         22 0.0000e+00
      37144   1547.629    834.000     3.8929   3.275245     3.8926   3.276596      33.21     0.0193     2.6484     2.3767  1.9960792  1.1094397   48.26854  -46.50252    34.9053    34.9216     3.8309     3.8306    27.7285    27.7415    6.05355    6.24302         19 0.0000e+00
      37163   1548.437    833.000     3.8960   3.275455     3.8940   3.276674      34.13     0.0161     2.6493     2.3780  1.9963368  1.1097678   48.26854  -46.50252    34.9052    34.9216     3.8341     3.8321    27.7281    27.7413    6.05169    6.24727         20 0.0000e+00
      37183   1549.260    832.000     3.9049   3.276187     3.9030   3.277421      34.57     0.0168     2.6496     2.3787  1.9957345  1.1098886   48.26854  -46.50252    34.9047    34.9214     3.8431     3.8411    27.7268    27.7403    6.05686    6.24604         20 0.0000e+00
      37205   1550.158    831.000     3.9106   3.276663     3.9113   3.278088      36.13     0.0159     2.6512     2.3799  1.9953848  1.1098901   48.26854  -46.50252    34.9049    34.9210     3.8488     3.8495    27.7264    27.7391    6.06299    6.24383         23 0.0000e+00
      37232   1551.297    830.000     3.9156   3.277042     3.9157   3.278431      37.31     0.0162     2.6516     2.3802  1.9946584  1.1098901   48.26854  -46.50252    34.9046    34.9209     3.8538     3.8539    27.7256    27.7386    6.04472    6.23156         33 0.0000e+00
      37266   1552.715    829.000     3.9168   3.277083     3.9173   3.278516      38.41     0.0174     2.6523     2.3798  1.9940723  1.1109103   48.26854  -46.50252    34.9043    34.9208     3.8551     3.8556    27.7252    27.7383    6.05064    6.21964         31 0.0000e+00
      37291   1553.740    828.000     3.9178   3.277148     3.9176   3.278493      38.65     0.0186     2.6525     2.3792  1.9938890  1.1111183   48.26854  -46.50252    34.9045    34.9208     3.8562     3.8559    27.7253    27.7382    6.04972    6.22351         19 0.0000e+00
      37308   1554.457    827.000     3.9184   3.277150     3.9179   3.278484      39.99     0.0192     2.6528     2.3793  1.9938949  1.1116593   48.26854  -46.50252    34.9045    34.9208     3.8568     3.8564    27.7252    27.7382    6.05808    6.23296         16 0.0000e+00
      37324   1555.105    826.000     3.9188   3.277141     3.9184   3.278486      40.79     0.0208     2.6538     2.3800  1.9937422  1.1121036   48.26854  -46.50252    34.9044    34.9208     3.8574     3.8569    27.7251    27.7382    6.06004    6.24202         16 0.0000e+00
      37340   1555.808    825.000     3.9191   3.277139     3.9189   3.278488      41.46     0.0161     2.6542     2.3808  1.9938896  1.1122620   48.26854  -46.50252    34.9046    34.9208     3.8578     3.8575    27.7252    27.7382    6.05666    6.24437         19 0.0000e+00
      37387   1557.765    824.000     3.9195   3.277123     3.9191   3.278462      51.69     0.0155     2.6554     2.3822  1.9907533  1.1127481   48.26854  -46.50252    34.9045    34.9209     3.8582     3.8577    27.7251    27.7381    6.05532    6.23926         78 0.0000e+00
      37439   1559.928    823.000     3.9194   3.277045     3.9187   3.278372      43.70     0.0175     2.6559     2.3828  1.9899675  1.1135992   48.26854  -46.50252    34.9042    34.9206     3.8582     3.8575    27.7249    27.7380    6.05288    6.23297         16 0.0000e+00
      37452   1560.443    822.000     3.9197   3.277037     3.9194   3.278380      44.58     0.0176     2.6568     2.3828  1.9919925  1.1135532   48.26854  -46.50252    34.9043    34.9205     3.8586     3.8583    27.7249    27.7378    6.05125    6.23236         14 0.0000e+00
      37464   1560.969    821.000     3.9209   3.277094     3.9207   3.278456      45.26     0.0187     2.6559     2.3828  1.9922614  1.1135532   48.26854  -46.50252    34.9043    34.9206     3.8598     3.8596    27.7247    27.7377    6.04741    6.23209         12 0.0000e+00
      37476   1561.462    820.000     3.9219   3.277143     3.9216   3.278492      47.43     0.0161     2.6562     2.3828  1.9922297  1.1135532   48.26854  -46.50252    34.9043    34.9206     3.8609     3.8605    27.7246    27.7377    6.05093    6.23254         11 0.0000e+00
      37488   1561.961    819.000     3.9232   3.277224     3.9229   3.278572      96.56     0.0156     2.6563     2.3831  1.9922042  1.1135532   48.26854  -46.50252    34.9044    34.9207     3.8623     3.8620    27.7246    27.7376    6.05955    6.23086         13 0.0000e+00
      37501   1562.510    818.000     3.9254   3.277371     3.9253   3.278737      96.39     0.0191     2.6570     2.3828  1.9891565  1.1135532   48.26854  -46.50252    34.9043    34.9207     3.8646     3.8644    27.7243    27.7373    6.06457    6.22617         14 0.0000e+00
      37519   1563.248    817.000     3.9264   3.277422     3.9264   3.278790      90.31     0.0179     2.6580     2.3828  1.9890159  1.1135532   48.26852  -46.50252    34.9044    34.9207     3.8656     3.8656    27.7242    27.7372    6.05786    6.22506         23 0.0000e+00
      37570   1565.364    816.000     3.9253   3.277274     3.9249   3.278613      92.63     0.0151     2.6589     2.3840  1.9888388  1.1146435   48.26852  -46.50250    34.9043    34.9206     3.8646     3.8642    27.7243    27.7373    6.06274    6.24474         69 0.0000e+00
      37613   1567.152    815.000     3.9264   3.277296     3.9269   3.278717      64.85     0.0128     2.6606     2.3854  1.9897130  1.1147771   48.26854  -46.50252    34.9040    34.9203     3.8658     3.8662    27.7239    27.7368    6.06479    6.23647         23 0.0000e+00
      37633   1567.989    814.000     3.9315   3.277714     3.9316   3.279085      92.73     0.0148     2.6605     2.3855  1.9895906  1.1147741   48.26854  -46.50252    34.9041    34.9201     3.8709     3.8710    27.7234    27.7362    6.05844    6.23049         19 0.0000e+00
      37651   1568.738    813.000     3.9366   3.278122     3.9374   3.279562      96.05     0.0169     2.6610     2.3853  1.9890201  1.1147741   48.26854  -46.50252    34.9040    34.9202     3.8760     3.8768    27.7228    27.7356    6.05559    6.22554         17 0.0000e+00
      37668   1569.441    812.000     3.9383   3.278234     3.9395   3.279704      86.40     0.0177     2.6607     2.3849  1.9890109  1.1147741   48.26854  -46.50252    34.9040    34.9202     3.8778     3.8790    27.7227    27.7354    6.06164    6.22273         16 0.0000e+00
      37684   1570.128    811.000     3.9398   3.278326     3.9401   3.279730      63.15     0.0156     2.6617     2.3847  1.9886501  1.1147741   48.26854  -46.50252    34.9041    34.9204     3.8794     3.8797    27.7225    27.7355    6.06780    6.22218         17 0.0000e+00
      37701   1570.852    810.000     3.9410   3.278380     3.9410   3.279767      85.57     0.0134     2.6622     2.3846  1.9877924  1.1147741   48.26853  -46.50251    34.9040    34.9203     3.8807     3.8807    27.7223    27.7354    6.05689    6.22209         18 0.0000e+00
