data/CTD/2013/CNV/U021A031.CNV
* Sea-Bird SBE 9 Data File:
* FileName = C:\CTD_ACQUISITION\2013021HUD\ctddata\021A031.hdr
* Software Version Seasave V 7.22.2
* Temperature SN = 5081
* Conductivity SN = 3561
* Number of Bytes Per Scan = 37
* Number of Voltage Words = 4
* Number of Scans Averaged by the Deck Unit = 1
* NMEA Latitude = 48 06.04 N
* NMEA Longitude = 046 18.73 W
* NMEA UTC (Time) = Jul 03 2013 05:51:30
* NMEA baud rate = 9600
** Ship: Hudson
** Cruise: HUD2013021
** Chief_Scientist: Greenan
** Organization: BIO
** Area_of_Operation: Sackville Spur
** Station: 31
** Sounding:  1179
** Event_Comments: SS15  393147
# nquan = 25
# nvalues = 1164                        
# units = specified
# name 0 = scan: Scan Count
# name 1 = timeS: Time, Elapsed [seconds]
# name 2 = prDM: Pressure, Digiquartz [db]
# name 3 = t068C: Temperature [ITS-68, deg C]
# name 4 = c0S/m: Conductivity [S/m]
# name 5 = t168C: Temperature, 2 [ITS-68, deg C]
# name 6 = c1S/m: Conductivity, 2 [S/m]
# name 7 = altM: Altimeter [m]
# name 8 = flCUVA: Fluorescence, Chelsea UV Aquatracka [ug/l]
# name 9 = sbeox0V: Oxygen raw, SBE 43 [V]
# name 10 = sbeox1V: Oxygen raw, SBE 43, 2 [V]
# name 11 = upoly0: Upoly 0, Optode 4330F - O2 D-Phase
# name 12 = upoly1: Upoly 1, Optode 4330F - O2 Temp
# name 13 = latitude: Latitude [deg]
# name 14 = longitude: Longitude [deg]
# name 15 = sal00: Salinity, Practical [PSU]
# name 16 = sal11: Salinity, Practical, 2 [PSU]
# name 17 = potemp068C: Potential Temperature [ITS-68, deg C]
# name 18 = potemp168C: Potential Temperature, 2 [ITS-68, deg C]
# name 19 = sigma-é00: Density [sigma-theta, Kg/m^3]
# name 20 = sigma-é11: Density, 2 [sigma-theta, Kg/m^3]
# name 21 = sbeox0ML/L: Oxygen, SBE 43 [ml/l], WS = 2
# name 22 = sbeox1ML/L: Oxygen, SBE 43, 2 [ml/l], WS = 2
# name 23 = nbin: number of scans per bin
# name 24 = flag: flag
# span 0 =      39950,      72019       
# span 1 =   1664.551,   3000.749       
# span 2 =      1.000,   1164.000       
# span 3 =     0.6082,     6.2039       
# span 4 =   2.857736,   3.277677       
# span 5 =     0.6084,     6.2016       
# span 6 =   2.858770,   3.279025       
# span 7 =       2.72,     101.54       
# span 8 =     0.0037,     0.3072       
# span 9 =     2.5132,     3.4089       
# span 10 =     2.2582,     3.0473      
# span 11 =  1.7277797,  2.0316876      
# span 12 =  0.7252041,  1.4034094      
# span 13 =   48.10064,   48.10162      
# span 14 =  -46.31454,  -46.31354      
# span 15 =    32.8863,    34.9132      
# span 16 =    32.9021,    34.9298      
# span 17 =     0.6062,     6.2037      
# span 18 =     0.6064,     6.2015      
# span 19 =    25.8581,    27.7543      
# span 20 =    25.8704,    27.7675      
# span 21 =    5.90068,    8.06898      
# span 22 =    6.08203,    8.26277      
# span 23 =          8,        340      
# span 24 = 0.0000e+00, 0.0000e+00      
# interval = decibars: 1                
# start_time = Jul 03 2013 05:51:30 [NMEA time, header]
# bad_flag = -9.990e-29
*END*
[from data line 754]
      60127   2505.261    410.000     4.0237   3.264319     4.0233   3.265661      95.59     0.0199     2.8202     2.5136  1.9535973  1.1294034   48.10152  -46.31376    34.8599    34.8762     3.9942     3.9938    27.6755    27.6885    6.19457    6.30661         24 0.0000e+00
      60148   2506.126    409.000     4.0215   3.264056     4.0204   3.265301      40.92     0.0209     2.8209     2.5137  1.9536020  1.1294261   48.10152  -46.31376    34.8596    34.8756     3.9921     3.9909    27.6755    27.6883    6.18535    6.29950         19 0.0000e+00
      60166   2506.888    408.000     4.0165   3.263433     4.0158   3.264710      92.79     0.0185     2.8197     2.5132  1.9547707  1.1294261   48.10152  -46.31376    34.8580    34.8740     3.9872     3.9864    27.6747    27.6875    6.18398    6.30096         17 0.0000e+00
      60183   2507.566    407.000     4.0142   3.263088     4.0139   3.264422      96.31     0.0209     2.8207     2.5132  1.9547411  1.1294261   48.10152  -46.31376    34.8570    34.8731     3.9849     3.9846    27.6741    27.6870    6.19475    6.31045         15 0.0000e+00
      60197   2508.158    406.000     4.0133   3.262931     4.0133   3.264305      96.19     0.0188     2.8208     2.5142  1.9547355  1.1294261   48.10152  -46.31376    34.8565    34.8729     3.9842     3.9841    27.6738    27.6869    6.19587    6.31320         14 0.0000e+00
      60210   2508.717    405.000     4.0119   3.262738     4.0121   3.264131      82.70     0.0172     2.8215     2.5140  1.9536806  1.1299980   48.10150  -46.31377    34.8563    34.8726     3.9828     3.9830    27.6738    27.6867    6.19743    6.30705         13 0.0000e+00
      60224   2509.282    404.000     4.0107   3.262569     4.0103   3.263893      27.75     0.0177     2.8218     2.5146  1.9536000  1.1299486   48.10146  -46.31378    34.8561    34.8723     3.9817     3.9812    27.6737    27.6867    6.19295    6.30521         14 0.0000e+00
      60239   2509.917    403.000     4.0097   3.262419     4.0094   3.263749      95.32     0.0211     2.8216     2.5141  1.9536020  1.1301445   48.10146  -46.31378    34.8560    34.8720     3.9807     3.9805    27.6737    27.6866    6.18842    6.29851         17 0.0000e+00
      60260   2510.811    402.000     4.0088   3.262281     4.0077   3.263528      96.06     0.0198     2.8225     2.5140  1.9536020  1.1295921   48.10145  -46.31378    34.8558    34.8717     3.9799     3.9789    27.6737    27.6865    6.19847    6.30282         29 0.0000e+00
      60321   2513.330    401.000     4.0091   3.262279     4.0070   3.263408      77.56     0.0174     2.8244     2.5161  1.9511091  1.1285148   48.10144  -46.31378    34.8559    34.8716     3.9803     3.9782    27.6738    27.6864    6.20267    6.32161         72 0.0000e+00
      60359   2514.918    400.000     4.0112   3.262443     4.0089   3.263540      61.11     0.0175     2.8258     2.5178  1.9507586  1.1270773   48.10146  -46.31376    34.8562    34.8716     3.9825     3.9802    27.6737    27.6863    6.20217    6.32152         19 0.0000e+00
      60375   2515.597    399.000     4.0075   3.261998     4.0056   3.263148      63.14     0.0202     2.8262     2.5180  1.9504206  1.1269816   48.10148  -46.31374    34.8554    34.8710     3.9789     3.9770    27.6735    27.6861    6.20097    6.31508         15 0.0000e+00
      60390   2516.192    398.000     4.0031   3.261438     4.0023   3.262728      96.37     0.0193     2.8262     2.5182  1.9508141  1.1269841   48.10150  -46.31376    34.8539    34.8700     3.9746     3.9772    27.6728    27.6857    6.19503    6.30822         14 0.0000e+00
      60404   2516.793    397.000     4.0025   3.261289     4.0020   3.262607      96.18     0.0180     2.8257     2.5176  1.9500179  1.1271474   48.10150  -46.31376    34.8533    34.8695     3.9741     3.9736    27.6723    27.6852    6.18305    6.29835         15 0.0000e+00
      60422   2517.527    396.000     4.0052   3.261474     4.0045   3.262793      87.95     0.0163     2.8249     2.5169  1.9499975  1.1272153   48.10150  -46.31376    34.8533    34.8696     3.9768     3.9761    27.6720    27.6850    6.17673    6.29585         21 0.0000e+00
      60448   2518.644    395.000     4.0075   3.261664     4.0085   3.263098      65.58     0.0150     2.8238     2.5162  1.9499770  1.1279751   48.10150  -46.31376    34.8535    34.8695     3.9792     3.9809    27.6720    27.6846    6.17992    6.29198         32 0.0000e+00
      60476   2519.799    394.000     4.0100   3.261816     4.0100   3.263175      37.19     0.0160     2.8233     2.5150  1.9499948  1.1281540   48.10149  -46.31376    34.8532    34.8694     3.9818     3.9817    27.6715    27.6843    6.18043    6.28824         22 0.0000e+00
      60496   2520.621    393.000     4.0146   3.262212     4.0157   3.263674      69.83     0.0164     2.8229     2.5148  1.9500070  1.1274451   48.10147  -46.31377    34.8536    34.8698     3.9864     3.9875    27.6713    27.6840    6.18240    6.29849         18 0.0000e+00
      60513   2521.327    392.000     4.0280   3.263493     4.0322   3.265210      33.51     0.0167     2.8236     2.5153  1.9500933  1.1269742   48.10146  -46.31378    34.8551    34.8710     3.9998     4.0040    27.6711    27.6833    6.18226    6.29901         16 0.0000e+00
      60529   2522.004    391.000     4.0367   3.264305     4.0400   3.265964      96.65     0.0149     2.8233     2.5155  1.9500103  1.1270564   48.10146  -46.31376    34.8561    34.8722     4.0085     4.0119    27.6709    27.6834    6.18136    6.29731         17 0.0000e+00
      60547   2522.741    390.000     4.0427   3.264841     4.0447   3.266387      86.78     0.0148     2.8238     2.5160  1.9499397  1.1270485   48.10146  -46.31376    34.8566    34.8728     4.0146     4.0166    27.6707    27.6834    6.18140    6.29657         19 0.0000e+00
      60570   2523.719    389.000     4.0480   3.265304     4.0492   3.266789      64.62     0.0147     2.8236     2.5160  1.9499389  1.1269873   48.10145  -46.31376    34.8570    34.8733     4.0200     4.0212    27.6705    27.6833    6.17295    6.28839         30 0.0000e+00
      60619   2525.746    388.000     4.0463   3.265105     4.0453   3.266363      89.31     0.0164     2.8235     2.5150  1.9501013  1.1295418   48.10146  -46.31374    34.8570    34.8730     4.0183     4.0178    27.6707    27.6835    6.17381    6.28535         62 0.0000e+00
      60665   2527.676    387.000     4.0435   3.264768     4.0470   3.266467      60.17     0.0129     2.8237     2.5162  1.9505935  1.1306163   48.10147  -46.31375    34.8565    34.8729     4.0156     4.0191    27.6705    27.6832    6.18602    6.30680         29 0.0000e+00
      60687   2528.584    386.000     4.0506   3.265373     4.0508   3.266767      96.21     0.0151     2.8254     2.5175  1.9503242  1.1299394   48.10148  -46.31376    34.8567    34.8730     4.0228     4.0230    27.6699    27.6829    6.19555    6.30454         19 0.0000e+00
      60704   2529.280    385.000     4.0500   3.265260     4.0496   3.266573      96.19     0.0177     2.8264     2.5180  1.9499454  1.1294349   48.10148  -46.31376    34.8565    34.8725     4.0223     4.0218    27.6698    27.6826    6.19333    6.29751         15 0.0000e+00
      60718   2529.880    384.000     4.0483   3.265018     4.0476   3.266312      59.94     0.0191     2.8270     2.5181  1.9499389  1.1294261   48.10148  -46.31376    34.8560    34.8720     4.0207     4.0200    27.6696    27.6824    6.19117    6.29125         13 0.0000e+00
      60731   2530.431    383.000     4.0471   3.264828     4.0466   3.266128      29.09     0.0182     2.8276     2.5177  1.9500353  1.1297156   48.10148  -46.31376    34.8555    34.8715     4.0196     4.0190    27.6693    27.6821    6.18209    6.28776         13 0.0000e+00
      60745   2530.986    382.000     4.0446   3.264484     4.0434   3.265727      48.06     0.0152     2.8272     2.5178  1.9500260  1.1300405   48.10146  -46.31376    34.8547    34.8706     4.0171     4.0159    27.6689    27.6817    6.17875    6.29256         14 0.0000e+00
      60759   2531.567    381.000     4.0394   3.263895     4.0379   3.265094      94.22     0.0142     2.8271     2.5178  1.9499413  1.1299179   48.10146  -46.31375    34.8537    34.8695     4.0120     4.0105    27.6687    27.6814    6.17377    6.29637         15 0.0000e+00
      60775   2532.251    380.000     4.0345   3.263319     4.0329   3.264514      95.33     0.0143     2.8266     2.5183  1.9500048  1.1302310   48.10148  -46.31372    34.8526    34.8684     4.0072     4.0056    27.6683    27.6810    6.17330    6.30259         18 0.0000e+00
      60798   2533.215    379.000     4.0341   3.263232     4.0319   3.264334      95.28     0.0166     2.8264     2.5194  1.9499811  1.1306243   48.10148  -46.31372    34.8525    34.8679     4.0069     4.0047    27.6682    27.6808    6.17834    6.30782         30 0.0000e+00
      60840   2534.970    378.000     4.0366   3.263445     4.0349   3.264635      72.31     0.0183     2.8274     2.5206  1.9499391  1.1306472   48.10147  -46.31372    34.8529    34.8688     4.0094     4.0078    27.6683    27.6811    6.18688    6.30671         52 0.0000e+00
      60887   2536.907    377.000     4.0417   3.263941     4.0402   3.265172      65.01     0.0136     2.8285     2.5222  1.9501244  1.1304988   48.10146  -46.31372    34.8539    34.8701     4.0146     4.0131    27.6686    27.6816    6.18343    6.30945         35 0.0000e+00
      60913   2538.011    376.000     4.0386   3.263575     4.0318   3.264133      50.59     0.0134     2.8285     2.5224  1.9500482  1.1303660   48.10146  -46.31374    34.8534    34.8672     4.0116     4.0048    27.6685    27.6801    6.17820    6.30352         22 0.0000e+00
      60933   2538.837    375.000     4.0341   3.262948     4.0346   3.264282      63.50     0.0124     2.8284     2.5227  1.9499356  1.1305157   48.10146  -46.31374    34.8513    34.8665     4.0071     4.0077    27.6673    27.6793    6.17724    6.30387         18 0.0000e+00
      60950   2539.552    374.000     4.0390   3.263322     4.0407   3.264832      93.75     0.0125     2.8282     2.5226  1.9499389  1.1306491   48.10146  -46.31374    34.8510    34.8672     4.0121     4.0138    27.6665    27.6792    6.17094    6.30146         17 0.0000e+00
      60966   2540.222    373.000     4.0432   3.263680     4.0445   3.265175      23.80     0.0148     2.8276     2.5227  1.9499389  1.1306472   48.10146  -46.31372    34.8513    34.8677     4.0164     4.0177    27.6663    27.6792    6.17114    6.30174         16 0.0000e+00
      60983   2540.902    372.000     4.0463   3.263953     4.0483   3.265486      92.56     0.0178     2.8278     2.5230  1.9499389  1.1306472   48.10145  -46.31372    34.8518    34.8679     4.0196     4.0228    27.6664    27.6790    6.18300    6.30065         17 0.0000e+00
      61000   2541.620    371.000     4.0484   3.264086     4.0488   3.265473      94.98     0.0177     2.8287     2.5229  1.9502240  1.1306472   48.10144  -46.31372    34.8518    34.8678     4.0217     4.0221    27.6661    27.6788    6.18655    6.30131         17 0.0000e+00
      61019   2542.407    370.000     4.0484   3.264035     4.0480   3.265331      94.70     0.0164     2.8294     2.5234  1.9499999  1.1306472   48.10144  -46.31372    34.8517    34.8675     4.0218     4.0214    27.6660    27.6787    6.18360    6.31167         21 0.0000e+00
      61042   2543.355    369.000     4.0483   3.263962     4.0481   3.265291      49.53     0.0199     2.8299     2.5249  1.9500763  1.1306472   48.10144  -46.31372    34.8514    34.8674     4.0218     4.0216    27.6658    27.6785    6.18144    6.31834         26 0.0000e+00
      61072   2544.624    368.000     4.0481   3.263877     4.0480   3.265209      70.06     0.0188     2.8299     2.5258  1.9500473  1.1311411   48.10144  -46.31372    34.8512    34.8671     4.0216     4.0215    27.6657    27.6783    6.17682    6.31109         34 0.0000e+00
      61106   2546.041    367.000     4.0462   3.263611     4.0455   3.264893      83.19     0.0143     2.8300     2.5266  1.9499390  1.1317197   48.10144  -46.31372    34.8506    34.8665     4.0199     4.0191    27.6654    27.6781    6.17783    6.30944         33 0.0000e+00
      61137   2547.313    366.000     4.0447   3.263381     4.0410   3.264341      95.12     0.0136     2.8307     2.5268  1.9499389  1.1318706   48.10142  -46.31372    34.8499    34.8653     4.0185     4.0148    27.6650    27.6776    6.18442    6.30974         27 0.0000e+00
      61161   2548.329    365.000     4.0386   3.262611     4.0355   3.263655      37.95     0.0198     2.8315     2.5272  1.9500518  1.1318681   48.10142  -46.31372    34.8479    34.8635     4.0124     4.0093    27.6640    27.6768    6.19129    6.31349         22 0.0000e+00
      61182   2549.216    364.000     4.0339   3.262038     4.0315   3.263144      54.35     0.0165     2.8324     2.5276  1.9501139  1.1318681   48.10144  -46.31372    34.8465    34.8622     4.0078     4.0054    27.6634    27.6762    6.19104    6.31243         21 0.0000e+00
      61202   2550.061    363.000     4.0316   3.261745     4.0304   3.262969      85.88     0.0125     2.8325     2.5275  1.9501829  1.1318681   48.10144  -46.31372    34.8461    34.8619     4.0055     4.0043    27.6633    27.6760    6.18673    6.30677         20 0.0000e+00
      61223   2550.917    362.000     4.0306   3.261588     4.0299   3.262872      94.71     0.0104     2.8334     2.5274  1.9499971  1.1318681   48.10144  -46.31372    34.8458    34.8617     4.0046     4.0040    27.6632    27.6759    6.18809    6.31209         21 0.0000e+00
      61245   2551.821    361.000     4.0300   3.261472     4.0292   3.262746      94.82     0.0116     2.8330     2.5281  1.9501064  1.1318681   48.10144  -46.31373    34.8456    34.8615     4.0042     4.0034    27.6630    27.6758    6.18716    6.30885         22 0.0000e+00
      61267   2552.742    360.000     4.0284   3.261241     4.0279   3.262550      69.90     0.0124     2.8340     2.5276  1.9499365  1.1310236   48.10143  -46.31374    34.8451    34.8611     4.0026     4.0022    27.6628    27.6756    6.19259    6.30243         22 0.0000e+00
      61288   2553.632    359.000     4.0276   3.261093     4.0269   3.262380      62.66     0.0141     2.8343     2.5275  1.9499974  1.1306443   48.10142  -46.31374    34.8447    34.8607     4.0019     4.0012    27.6626    27.6754    6.19547    6.30815         21 0.0000e+00
      61310   2554.561    358.000     4.0272   3.261006     4.0268   3.262310      94.59     0.0145     2.8356     2.5280  1.9499403  1.1306472   48.10142  -46.31373    34.8447    34.8605     4.0015     4.0012    27.6626    27.6752    6.19522    6.31996         25 0.0000e+00
      61339   2555.746    357.000     4.0256   3.260797     4.0254   3.262092      35.90     0.0123     2.8360     2.5298  1.9499389  1.1306472   48.10142  -46.31372    34.8444    34.8600     4.0000     3.9998    27.6625    27.6749    6.19903    6.32845         32 0.0000e+00
      61369   2557.004    356.000     4.0232   3.260492     4.0205   3.261549      87.26     0.0150     2.8371     2.5313  1.9499389  1.1306472   48.10142  -46.31372    34.8439    34.8593     3.9977     3.9950    27.6623    27.6749    6.19508    6.32114         26 0.0000e+00
      61392   2557.973    355.000     4.0197   3.260015     4.0159   3.260990      50.32     0.0147     2.8373     2.5308  1.9498799  1.1306472   48.10142  -46.31372    34.8425    34.8581     3.9943     3.9905    27.6616    27.6744    6.19792    6.30678         21 0.0000e+00
      61412   2558.809    354.000     4.0135   3.259342     4.0096   3.260303      79.64     0.0165     2.8379     2.5303  1.9499387  1.1306472   48.10142  -46.31372    34.8415    34.8571     3.9882     3.9843    27.6615    27.6743    6.19516    6.30610         20 0.0000e+00
