data/CTD/2013/CNV/U021A055.CNV
* Sea-Bird SBE 9 Data File:
* FileName = C:\CTD_ACQUISITION\2013021HUD\ctddata\021A055.hdr
* Software Version Seasave V 7.22.2
* Temperature SN = 5081
* Conductivity SN = 3561
* Number of Bytes Per Scan = 37
* Number of Voltage Words = 4
* Number of Scans Averaged by the Deck Unit = 1
* NMEA Latitude = 48 38.94 N
* NMEA Longitude = 045 31.50 W
* NMEA UTC (Time) = Jul 05 2013 08:04:59
* NMEA baud rate = 9600
** Ship: Hudson
** Cruise: HUD2013021
** Chief_Scientist: Greenan
** Organization: BIO
** Area_of_Operation: Sackville Spur
** Station: 55
** Sounding:  1100
** Event_Comments: SS22  393219
# nquan = 25
# nvalues = 1130                        
# units = specified
# name 0 = scan: Scan Count
# name 1 = timeS: Time, Elapsed [seconds]
# name 2 = prDM: Pressure, Digiquartz [db]
# name 3 = t068C: Temperature [ITS-68, deg C]
# name 4 = c0S/m: Conductivity [S/m]
# name 5 = t168C: Temperature, 2 [ITS-68, deg C]
# name 6 = c1S/m: Conductivity, 2 [S/m]
# name 7 = altM: Altimeter [m]
# name 8 = flCUVA: Fluorescence, Chelsea UV Aquatracka [ug/l]
# name 9 = sbeox0V: Oxygen raw, SBE 43 [V]
# name 10 = sbeox1V: Oxygen raw, SBE 43, 2 [V]
# name 11 = upoly0: Upoly 0, Optode 4330F - O2 D-Phase
# name 12 = upoly1: Upoly 1, Optode 4330F - O2 Temp
# name 13 = latitude: Latitude [deg]
# name 14 = longitude: Longitude [deg]
# name 15 = sal00: Salinity, Practical [PSU]
# name 16 = sal11: Salinity, Practical, 2 [PSU]
# name 17 = potemp068C: Potential Temperature [ITS-68, deg C]
# name 18 = potemp168C: Potential Temperature, 2 [ITS-68, deg C]
# name 19 = sigma-é00: Density [sigma-theta, Kg/m^3]
# name 20 = sigma-é11: Density, 2 [sigma-theta, Kg/m^3]
# name 21 = sbeox0ML/L: Oxygen, SBE 43 [ml/l], WS = 2
# name 22 = sbeox1ML/L: Oxygen, SBE 43, 2 [ml/l], WS = 2
# name 23 = nbin: number of scans per bin
# name 24 = flag: flag
# span 0 =      33316,      60381       
# span 1 =   1388.116,   2515.846       
# span 2 =      1.000,   1130.000       
# span 3 =     1.8213,     7.1007       
# span 4 =   2.989633,   3.401372       
# span 5 =     1.8140,     7.0924       
# span 6 =   2.989695,   3.403052       
# span 7 =       7.38,      97.34       
# span 8 =     0.0027,     0.4382       
# span 9 =     2.5168,     3.3523       
# span 10 =     2.2631,     3.0071      
# span 11 =  1.7150627,  2.0354203      
# span 12 =  0.8669531,  1.5067515      
# span 13 =   48.64658,   48.64810      
# span 14 =  -45.52560,  -45.52446      
# span 15 =    33.4814,    34.9144      
# span 16 =    33.4580,    34.9308      
# span 17 =     1.8194,     7.1007      
# span 18 =     1.8121,     7.0921      
# span 19 =    26.2281,    27.7569      
# span 20 =    26.2422,    27.7700      
# span 21 =    5.89127,    8.16658      
# span 22 =    6.07856,    8.51980      
# span 23 =         10,        949      
# span 24 = 0.0000e+00, 0.0000e+00      
# interval = decibars: 1                
# start_time = Jul 05 2013 08:04:59 [NMEA time, header]
# bad_flag = -9.990e-29
*END*
[from data line 116]
      36014   1500.539   1014.000     3.7903   3.273819     3.7900   3.275171      16.12     0.0138     2.5852     2.3177  2.0089021  1.0989012   48.64768  -45.52498    34.9043    34.9206     3.7144     3.7141    27.7396    27.7526    6.00708    6.18778         20 0.0000e+00
      36037   1501.487   1013.000     3.7907   3.273810     3.7906   3.275173      78.29     0.0120     2.5852     2.3174  2.0086956  1.0989012   48.64767  -45.52498    34.9043    34.9206     3.7149     3.7147    27.7396    27.7525    6.00771    6.18761         25 0.0000e+00
      36062   1502.533   1012.000     3.7909   3.273780     3.7907   3.275143      95.76     0.0088     2.5855     2.3179  2.0073617  1.0998790   48.64766  -45.52497    34.9042    34.9206     3.7152     3.7150    27.7395    27.7525    6.00762    6.19737         24 0.0000e+00
      36083   1503.416   1011.000     3.7913   3.273774     3.7914   3.275150      80.19     0.0105     2.5855     2.3184  2.0073261  1.1000577   48.64766  -45.52496    34.9042    34.9204     3.7157     3.7157    27.7394    27.7523    6.00944    6.19258         19 0.0000e+00
      36101   1504.179   1010.000     3.7920   3.273792     3.7919   3.275156      83.62     0.0127     2.5860     2.3184  2.0081987  1.1000543   48.64766  -45.52496    34.9042    34.9205     3.7164     3.7163    27.7393    27.7523    6.01552    6.19169         18 0.0000e+00
      36119   1504.934   1009.000     3.7927   3.273813     3.7926   3.275174      60.16     0.0123     2.5866     2.3187  2.0084743  1.1001199   48.64764  -45.52496    34.9042    34.9205     3.7172     3.7171    27.7392    27.7522    6.01221    6.19499         19 0.0000e+00
      36142   1505.863   1008.000     3.7934   3.273828     3.7933   3.275182      72.40     0.0150     2.5869     2.3190  2.0083728  1.1001221   48.64764  -45.52495    34.9042    34.9204     3.7180     3.7178    27.7391    27.7521    6.01067    6.19348         27 0.0000e+00
      36181   1507.509   1007.000     3.7930   3.273752     3.7929   3.275102      95.73     0.0078     2.5881     2.3197  2.0075791  1.1001221   48.64763  -45.52494    34.9042    34.9203     3.7177     3.7175    27.7392    27.7521    6.02556    6.19881         45 0.0000e+00
      36212   1508.801   1006.000     3.7930   3.273690     3.7925   3.275023      93.61     0.0109     2.5897     2.3208  2.0059137  1.1001221   48.64762  -45.52494    34.9040    34.9203     3.7178     3.7172    27.7390    27.7521    6.02247    6.21003         19 0.0000e+00
      36229   1509.505   1005.000     3.7933   3.273671     3.7932   3.275030      95.12     0.0136     2.5898     2.3216  2.0061057  1.1001221   48.64762  -45.52494    34.9039    34.9202     3.7182     3.7180    27.7389    27.7519    6.02090    6.20852         17 0.0000e+00
      36245   1510.149   1004.000     3.7936   3.273643     3.7933   3.274987      93.73     0.0139     2.5905     2.3220  2.0069761  1.1001221   48.64762  -45.52494    34.9038    34.9201     3.7185     3.7182    27.7388    27.7518    6.02428    6.20467         15 0.0000e+00
      36260   1510.802   1003.000     3.7938   3.273613     3.7935   3.274961      94.09     0.0093     2.5907     2.3223  2.0073206  1.1001221   48.64761  -45.52494    34.9038    34.9201     3.7188     3.7184    27.7388    27.7518    6.02292    6.20023         16 0.0000e+00
      36278   1511.531   1002.000     3.7941   3.273591     3.7939   3.274953      95.52     0.0105     2.5914     2.3225  2.0073261  1.1001221   48.64760  -45.52494    34.9038    34.9200     3.7191     3.7190    27.7387    27.7517    6.01961    6.20398         19 0.0000e+00
      36301   1512.495   1001.000     3.7941   3.273557     3.7942   3.274921      95.66     0.0103     2.5910     2.3234  2.0060515  1.1001221   48.64760  -45.52494    34.9038    34.9199     3.7193     3.7194    27.7387    27.7515    6.01328    6.21439         28 0.0000e+00
      36330   1513.701   1000.000     3.7941   3.273503     3.7943   3.274875      94.80     0.0132     2.5919     2.3245  2.0058281  1.1001221   48.64760  -45.52494    34.9037    34.9197     3.7194     3.7196    27.7386    27.7513    6.02297    6.20575         27 0.0000e+00
      36354   1514.688    999.000     3.7944   3.273475     3.7944   3.274829      95.68     0.0097     2.5921     2.3245  2.0059326  1.1001221   48.64759  -45.52493    34.9036    34.9196     3.7197     3.7197    27.7385    27.7512    6.02017    6.20382         21 0.0000e+00
      36373   1515.480    998.000     3.7951   3.273466     3.7948   3.274817      91.02     0.0101     2.5924     2.3251  2.0058334  1.1001221   48.64758  -45.52492    34.9033    34.9196     3.7205     3.7201    27.7381    27.7512    6.02490    6.20568         18 0.0000e+00
      36391   1516.236    997.000     3.7958   3.273476     3.7954   3.274817      78.82     0.0075     2.5931     2.3249  2.0050907  1.1001221   48.64758  -45.52492    34.9031    34.9194     3.7213     3.7209    27.7379    27.7510    6.01423    6.20382         19 0.0000e+00
      36411   1517.078    996.000     3.7964   3.273475     3.7961   3.274829      94.92     0.0082     2.5926     2.3255  2.0051589  1.1001221   48.64758  -45.52492    34.9030    34.9193     3.7219     3.7217    27.7378    27.7508    6.01589    6.20682         22 0.0000e+00
      36440   1518.304    995.000     3.7964   3.273438     3.7964   3.274800      94.86     0.0104     2.5937     2.3259  2.0055499  1.1001221   48.64756  -45.52492    34.9030    34.9192     3.7220     3.7221    27.7378    27.7507    6.03363    6.20666         39 0.0000e+00
      36481   1519.983    994.000     3.7957   3.273329     3.7955   3.274683      95.30     0.0097     2.5957     2.3266  2.0054901  1.1001221   48.64756  -45.52492    34.9031    34.9193     3.7214     3.7212    27.7379    27.7508    6.02976    6.20808         34 0.0000e+00
      36507   1521.082    993.000     3.7963   3.273320     3.7962   3.274685      95.67     0.0130     2.5959     2.3270  2.0045919  1.1001221   48.64756  -45.52492    34.9027    34.9191     3.7221     3.7220    27.7376    27.7506    6.03018    6.20967         22 0.0000e+00
      36527   1521.905    992.000     3.7971   3.273339     3.7970   3.274696      95.53     0.0140     2.5967     2.3273  2.0046127  1.1001221   48.64755  -45.52492    34.9027    34.9189     3.7230     3.7229    27.7374    27.7503    6.03226    6.21549         18 0.0000e+00
      36544   1522.619    991.000     3.7978   3.273338     3.7978   3.274700      94.52     0.0123     2.5971     2.3281  2.0047393  1.1001221   48.64754  -45.52491    34.9024    34.9186     3.7238     3.7271    27.7372    27.7501    6.03165    6.21806         17 0.0000e+00
      36560   1523.297    990.000     3.7984   3.273333     3.7982   3.274692      94.58     0.0130     2.5974     2.3286  2.0048063  1.1001221   48.64754  -45.52490    34.9022    34.9186     3.7245     3.7243    27.7369    27.7500    6.03133    6.21035         16 0.0000e+00
      36576   1523.974    989.000     3.7989   3.273327     3.7985   3.274672      95.32     0.0110     2.5979     2.3286  2.0048077  1.1001221   48.64754  -45.52490    34.9022    34.9185     3.7250     3.7246    27.7368    27.7499    6.03203    6.20386         16 0.0000e+00
      36594   1524.722    988.000     3.7990   3.273294     3.7987   3.274636      95.62     0.0093     2.5984     2.3285  2.0045207  1.1001221   48.64753  -45.52490    34.9022    34.9184     3.7252     3.7249    27.7368    27.7497    6.03400    6.20882         20 0.0000e+00
      36616   1525.640    987.000     3.7990   3.273253     3.7986   3.274585      95.32     0.0114     2.5989     2.3291  2.0043516  1.1001221   48.64752  -45.52490    34.9023    34.9184     3.7252     3.7249    27.7369    27.7497    6.03788    6.21229         25 0.0000e+00
      36644   1526.790    986.000     3.7987   3.273188     3.7986   3.274527      95.66     0.0134     2.5999     2.3294  2.0036218  1.1001221   48.64752  -45.52490    34.9022    34.9183     3.7251     3.7249    27.7369    27.7497    6.03879    6.20959         29 0.0000e+00
      36671   1527.918    985.000     3.7989   3.273151     3.7987   3.274492      95.14     0.0165     2.6011     2.3301  2.0041828  1.1006929   48.64752  -45.52489    34.9021    34.9182     3.7254     3.7251    27.7367    27.7496    6.04663    6.21693         24 0.0000e+00
      36694   1528.868    984.000     3.7997   3.273148     3.8000   3.274541      95.40     0.0138     2.6019     2.3305  2.0046692  1.1013528   48.64752  -45.52488    34.9018    34.9179     3.7262     3.7265    27.7364    27.7492    6.04608    6.21420         22 0.0000e+00
      36715   1529.771    983.000     3.8009   3.273220     3.8015   3.274638      95.67     0.0101     2.6029     2.3309  2.0042737  1.1013432   48.64751  -45.52488    34.9018    34.9180     3.7275     3.7281    27.7363    27.7491    6.04536    6.21389         22 0.0000e+00
      36740   1530.773    982.000     3.8022   3.273288     3.8023   3.274668      95.66     0.0144     2.6034     2.3314  2.0026093  1.1012988   48.64750  -45.52488    34.9018    34.9180     3.7289     3.7290    27.7361    27.7491    6.04278    6.21704         27 0.0000e+00
      36768   1531.962    981.000     3.8024   3.273259     3.8026   3.274645      95.57     0.0149     2.6041     2.3321  2.0029907  1.1013433   48.64750  -45.52488    34.9017    34.9179     3.7292     3.7294    27.7360    27.7489    6.04237    6.21738         29 0.0000e+00
      36795   1533.078    980.000     3.8026   3.273215     3.8022   3.274547      94.47     0.0051     2.6044     2.3326  2.0036306  1.1013432   48.64750  -45.52488    34.9015    34.9178     3.7294     3.7290    27.7359    27.7488    6.04215    6.21715         23 0.0000e+00
      36816   1533.941    979.000     3.8025   3.273156     3.8022   3.274499      95.29     0.0068     2.6050     2.3328  2.0030701  1.1013432   48.64750  -45.52488    34.9014    34.9177     3.7294     3.7291    27.7358    27.7488    6.04567    6.21245         19 0.0000e+00
      36834   1534.696    978.000     3.8031   3.273164     3.8027   3.274509      95.69     0.0089     2.6052     2.3329  2.0024352  1.1013432   48.64749  -45.52488    34.9015    34.9178     3.7301     3.7297    27.7358    27.7488    6.03819    6.21249         18 0.0000e+00
      36852   1535.447    977.000     3.8039   3.273201     3.8037   3.274550      95.68     0.0094     2.6050     2.3331  2.0024421  1.1013432   48.64748  -45.52488    34.9015    34.9178     3.7310     3.7307    27.7357    27.7487    6.03990    6.21866         19 0.0000e+00
      36872   1536.291    976.000     3.8045   3.273197     3.8042   3.274548      48.34     0.0117     2.6058     2.3339  2.0024962  1.1013432   48.64748  -45.52486    34.9014    34.9177     3.7316     3.7313    27.7355    27.7486    6.04314    6.22118         22 0.0000e+00
      36898   1537.391    975.000     3.8043   3.273142     3.8043   3.274515      94.34     0.0121     2.6059     2.3342  2.0024819  1.1013432   48.64748  -45.52486    34.9014    34.9177     3.7315     3.7315    27.7356    27.7485    6.03895    6.21551         31 0.0000e+00
      36931   1538.755    974.000     3.8045   3.273108     3.8041   3.274443      95.54     0.0150     2.6062     2.3345  2.0010123  1.1013432   48.64746  -45.52486    34.9014    34.9175     3.7318     3.7314    27.7355    27.7484    6.04147    6.21268         31 0.0000e+00
      36956   1539.796    973.000     3.8049   3.273082     3.8046   3.274434      94.84     0.0162     2.6066     2.3345  2.0006959  1.1013432   48.64746  -45.52486    34.9012    34.9175     3.7322     3.7319    27.7353    27.7483    6.03794    6.21537         21 0.0000e+00
      36975   1540.582    972.000     3.8052   3.273071     3.8050   3.274421      95.58     0.0148     2.6066     2.3349  1.9997143  1.1013432   48.64746  -45.52486    34.9011    34.9174     3.7327     3.7324    27.7352    27.7482    6.04574    6.22026         17 0.0000e+00
      36992   1541.284    971.000     3.8058   3.273066     3.8054   3.274412      95.50     0.0112     2.6074     2.3353  1.9994286  1.1013432   48.64746  -45.52486    34.9010    34.9174     3.7333     3.7329    27.7351    27.7481    6.05380    6.22202         17 0.0000e+00
      37009   1542.000    970.000     3.8063   3.273071     3.8059   3.274412      69.83     0.0077     2.6081     2.3358  2.0007737  1.1013432   48.64746  -45.52486    34.9011    34.9173     3.7339     3.7335    27.7350    27.7480    6.04341    6.22681         18 0.0000e+00
      37030   1542.866    969.000     3.8065   3.273046     3.8063   3.274395      71.40     0.0106     2.6078     2.3368  2.0021894  1.1013432   48.64746  -45.52485    34.9010    34.9173     3.7342     3.7340    27.7350    27.7479    6.04383    6.22776         24 0.0000e+00
      37063   1544.245    968.000     3.8064   3.272996     3.8060   3.274315      94.99     0.0110     2.6092     2.3377  2.0013735  1.1013432   48.64745  -45.52484    34.9011    34.9171     3.7342     3.7338    27.7350    27.7478    6.05368    6.22928         41 0.0000e+00
      37099   1545.750    967.000     3.8062   3.272921     3.8057   3.274249      95.54     0.0158     2.6103     2.3386  2.0005417  1.1013432   48.64744  -45.52484    34.9009    34.9171     3.7341     3.7336    27.7349    27.7479    6.04876    6.22568         27 0.0000e+00
      37121   1546.682    966.000     3.8065   3.272892     3.8063   3.274234      95.67     0.0172     2.6105     2.3391  2.0006404  1.1013432   48.64744  -45.52484    34.9007    34.9169     3.7345     3.7342    27.7347    27.7476    6.04767    6.23195         21 0.0000e+00
      37140   1547.479    965.000     3.8073   3.272903     3.8074   3.274284      95.55     0.0127     2.6107     2.3396  2.0006783  1.1013432   48.64744  -45.52484    34.9006    34.9169     3.7353     3.7354    27.7345    27.7475    6.05247    6.23076         18 0.0000e+00
      37159   1548.230    964.000     3.8083   3.272948     3.8081   3.274305      67.50     0.0128     2.6115     2.3400  2.0010855  1.1013432   48.64744  -45.52484    34.9005    34.9168     3.7364     3.7393    27.7344    27.7473    6.05320    6.22901         18 0.0000e+00
      37177   1549.000    963.000     3.8088   3.272942     3.8085   3.274282      64.92     0.0164     2.6117     2.3404  2.0008354  1.1013432   48.64744  -45.52484    34.9005    34.9167     3.7369     3.7366    27.7343    27.7472    6.05358    6.22708         19 0.0000e+00
      37197   1549.841    962.000     3.8088   3.272896     3.8085   3.274255      95.10     0.0149     2.6124     2.3405  2.0000131  1.1013978   48.64743  -45.52483    34.9004    34.9168     3.7371     3.7368    27.7342    27.7473    6.05412    6.22103         22 0.0000e+00
      37222   1550.896    961.000     3.8089   3.272855     3.8091   3.274271      95.22     0.0163     2.6126     2.3404  1.9987090  1.1014627   48.64742  -45.52482    34.9004    34.9169     3.7372     3.7374    27.7342    27.7473    6.04147    6.21965         30 0.0000e+00
      37258   1552.358    960.000     3.8085   3.272793     3.8103   3.274331      95.57     0.0155     2.6120     2.3402  1.9986132  1.1021467   48.64742  -45.52482    34.9005    34.9169     3.7370     3.7386    27.7343    27.7472    6.04271    6.21447         37 0.0000e+00
      37288   1553.623    959.000     3.8094   3.272815     3.8095   3.274214      95.43     0.0146     2.6122     2.3397  1.9984008  1.1024681   48.64742  -45.52482    34.9004    34.9169     3.7379     3.7379    27.7341    27.7472    6.04092    6.21107         23 0.0000e+00
      37308   1554.469    958.000     3.8129   3.273114     3.8136   3.274566      64.70     0.0159     2.6121     2.3395  1.9980682  1.1025653   48.64742  -45.52482    34.9007    34.9172     3.7414     3.7421    27.7340    27.7471    6.03876    6.21287         19 0.0000e+00
