data/CTD/2013/CNV/U021A029.CNV
* Sea-Bird SBE 9 Data File:
* FileName = C:\CTD_ACQUISITION\2013021HUD\ctddata\021A029.hdr
* Software Version Seasave V 7.22.2
* Temperature SN = 5081
* Conductivity SN = 3561
* Number of Bytes Per Scan = 37
* Number of Voltage Words = 4
* Number of Scans Averaged by the Deck Unit = 1
* NMEA Latitude = 47 58.52 N
* NMEA Longitude = 046 09.24 W
* NMEA UTC (Time) = Jul 03 2013 02:14:03
* NMEA baud rate = 9600
** Ship: Hudson
** Cruise: HUD2013021
** Chief_Scientist: Greenan
** Organization: BIO
** Area_of_Operation: Sackville Spur
** Station: 29
** Sounding:  1088
** Event_Comments: SS17  393133
# nquan = 25
# nvalues = 1077                        
# units = specified
# name 0 = scan: Scan Count
# name 1 = timeS: Time, Elapsed [seconds]
# name 2 = prDM: Pressure, Digiquartz [db]
# name 3 = t068C: Temperature [ITS-68, deg C]
# name 4 = c0S/m: Conductivity [S/m]
# name 5 = t168C: Temperature, 2 [ITS-68, deg C]
# name 6 = c1S/m: Conductivity, 2 [S/m]
# name 7 = altM: Altimeter [m]
# name 8 = flCUVA: Fluorescence, Chelsea UV Aquatracka [ug/l]
# name 9 = sbeox0V: Oxygen raw, SBE 43 [V]
# name 10 = sbeox1V: Oxygen raw, SBE 43, 2 [V]
# name 11 = upoly0: Upoly 0, Optode 4330F - O2 D-Phase
# name 12 = upoly1: Upoly 1, Optode 4330F - O2 Temp
# name 13 = latitude: Latitude [deg]
# name 14 = longitude: Longitude [deg]
# name 15 = sal00: Salinity, Practical [PSU]
# name 16 = sal11: Salinity, Practical, 2 [PSU]
# name 17 = potemp068C: Potential Temperature [ITS-68, deg C]
# name 18 = potemp168C: Potential Temperature, 2 [ITS-68, deg C]
# name 19 = sigma-é00: Density [sigma-theta, Kg/m^3]
# name 20 = sigma-é11: Density, 2 [sigma-theta, Kg/m^3]
# name 21 = sbeox0ML/L: Oxygen, SBE 43 [ml/l], WS = 2
# name 22 = sbeox1ML/L: Oxygen, SBE 43, 2 [ml/l], WS = 2
# name 23 = nbin: number of scans per bin
# name 24 = flag: flag
# span 0 =      39720,      66027       
# span 1 =   1654.942,   2751.084       
# span 2 =      1.000,   1077.000       
# span 3 =     0.1934,     5.8243       
# span 4 =   2.813916,   3.292615       
# span 5 =     0.1686,     5.8237       
# span 6 =   2.810972,   3.293938       
# span 7 =      -1.83,     108.38       
# span 8 =     0.0055,     0.4209       
# span 9 =     2.5178,     3.3904       
# span 10 =     2.2645,     3.0302      
# span 11 =  1.7338214,  2.0391830      
# span 12 =  0.6935125,  1.3543339      
# span 13 =   47.97539,   47.97572      
# span 14 =  -46.15311,  -46.15226      
# span 15 =    32.5960,    34.9143      
# span 16 =    32.6110,    34.9304      
# span 17 =     0.1918,     5.8242      
# span 18 =     0.1670,     5.8236      
# span 19 =    25.6754,    27.7565      
# span 20 =    25.6873,    27.7695      
# span 21 =    5.84733,    8.55474      
# span 22 =    6.06334,    8.56757      
# span 23 =          8,        288      
# span 24 = 0.0000e+00, 0.0000e+00      
# interval = decibars: 1                
# start_time = Jul 03 2013 02:14:03 [NMEA time, header]
# bad_flag = -9.990e-29
*END*
[from data line 174]
      44923   1871.745    903.000     3.8575   3.274711     3.8572   3.276037      95.91     0.0123     2.6251     2.3503  1.9950352  1.1064707   47.97564  -46.15241    34.9007    34.9168     3.7902     3.7899    27.7291    27.7418    6.03316    6.20812         15 0.0000e+00
      44938   1872.389    902.000     3.8584   3.274750     3.8583   3.276088      96.35     0.0132     2.6259     2.3505  1.9948885  1.1066828   47.97564  -46.15242    34.9008    34.9168     3.7912     3.7911    27.7290    27.7417    6.03929    6.20936         16 0.0000e+00
      44955   1873.088    901.000     3.8590   3.274750     3.8588   3.276082      96.28     0.0146     2.6258     2.3512  1.9942489  1.1074308   47.97564  -46.15240    34.9007    34.9167     3.7919     3.7916    27.7288    27.7416    6.03110    6.20749         18 0.0000e+00
      44975   1873.903    900.000     3.8592   3.274719     3.8587   3.276034      95.89     0.0143     2.6258     2.3513  1.9941293  1.1074481   47.97564  -46.15241    34.9006    34.9168     3.7922     3.7916    27.7287    27.7417    6.02377    6.20027         21 0.0000e+00
      44997   1874.832    899.000     3.8591   3.274663     3.8584   3.275959      36.93     0.0123     2.6254     2.3510  1.9939482  1.1074481   47.97564  -46.15242    34.9006    34.9166     3.7922     3.7914    27.7287    27.7416    6.02874    6.19630         23 0.0000e+00
      45019   1875.764    898.000     3.8590   3.274610     3.8584   3.275905      95.76     0.0101     2.6256     2.3511  1.9938953  1.1074481   47.97564  -46.15242    34.9006    34.9165     3.7921     3.7915    27.7288    27.7415    6.03107    6.19774         22 0.0000e+00
      45042   1876.692    897.000     3.8588   3.274549     3.8586   3.275865      96.16     0.0074     2.6260     2.3511  1.9934775  1.1074481   47.97564  -46.15242    34.9005    34.9164     3.7920     3.7918    27.7287    27.7414    6.03611    6.20289         23 0.0000e+00
      45083   1878.423    896.000     3.8587   3.274496     3.8583   3.275807      94.17     0.0120     2.6273     2.3525  1.9940404  1.1077964   47.97564  -46.15242    34.9005    34.9165     3.7920     3.7916    27.7287    27.7415    6.04248    6.21537         69 0.0000e+00
      45141   1880.850    895.000     3.8587   3.274437     3.8581   3.275742      96.06     0.0120     2.6294     2.3551  1.9943806  1.1078261   47.97564  -46.15244    34.9004    34.9165     3.7920     3.7914    27.7286    27.7415    6.04747    6.21692         29 0.0000e+00
      45161   1881.684    894.000     3.8595   3.274443     3.8587   3.275737      95.93     0.0137     2.6301     2.3553  1.9938869  1.1074415   47.97564  -46.15244    34.9001    34.9163     3.7929     3.7921    27.7283    27.7412    6.04951    6.21419         19 0.0000e+00
      45180   1882.441    893.000     3.8601   3.274451     3.8598   3.275776      96.13     0.0153     2.6308     2.3556  1.9938949  1.1074481   47.97564  -46.15244    34.9001    34.9161     3.7936     3.7933    27.7282    27.7410    6.05253    6.21310         18 0.0000e+00
      45197   1883.148    892.000     3.8614   3.274512     3.8613   3.275859      96.03     0.0174     2.6312     2.3555  1.9938949  1.1074481   47.97564  -46.15244    34.8999    34.9160     3.7950     3.7949    27.7279    27.7407    6.04764    6.21203         16 0.0000e+00
      45213   1883.839    891.000     3.8624   3.274548     3.8622   3.275889      96.02     0.0168     2.6318     2.3560  1.9938949  1.1074481   47.97564  -46.15244    34.8998    34.9159     3.7961     3.7959    27.7277    27.7406    6.04417    6.21448         17 0.0000e+00
      45230   1884.551    890.000     3.8631   3.274566     3.8630   3.275904      95.86     0.0132     2.6315     2.3563  1.9940286  1.1074481   47.97564  -46.15244    34.8998    34.9158     3.7969     3.7967    27.7276    27.7404    6.04430    6.21382         18 0.0000e+00
      45248   1885.306    889.000     3.8644   3.274634     3.8643   3.275981      78.36     0.0109     2.6324     2.3566  1.9943666  1.1074481   47.97564  -46.15244    34.8997    34.9159     3.7982     3.7981    27.7274    27.7403    6.05505    6.21455         18 0.0000e+00
      45268   1886.136    888.000     3.8656   3.274696     3.8668   3.276163      76.16     0.0112     2.6335     2.3569  1.9941747  1.1074481   47.97564  -46.15244    34.8997    34.9159     3.7995     3.8030    27.7273    27.7400    6.06154    6.21364         22 0.0000e+00
      45295   1887.266    887.000     3.8657   3.274693     3.8682   3.276256      94.63     0.0117     2.6346     2.3577  1.9927589  1.1083367   47.97564  -46.15245    34.9001    34.9160     3.7997     3.8023    27.7276    27.7400    6.05814    6.22501         35 0.0000e+00
      45340   1889.131    886.000     3.8649   3.274547     3.8682   3.276202      95.81     0.0126     2.6364     2.3596  1.9926740  1.1086291   47.97564  -46.15245    34.8998    34.9159     3.7990     3.8022    27.7274    27.7399    6.06722    6.23053         47 0.0000e+00
      45378   1890.707    885.000     3.8653   3.274544     3.8670   3.276059      96.13     0.0151     2.6387     2.3615  1.9919878  1.1086705   47.97564  -46.15246    34.8999    34.9159     3.7994     3.8011    27.7274    27.7400    6.07074    6.23677         31 0.0000e+00
      45405   1891.829    884.000     3.8686   3.274767     3.8696   3.276233      95.42     0.0161     2.6397     2.3625  1.9912905  1.1086692   47.97564  -46.15246    34.8995    34.9158     3.8028     3.8037    27.7268    27.7397    6.07537    6.23724         24 0.0000e+00
      45426   1892.718    883.000     3.8710   3.274948     3.8709   3.276295      96.37     0.0137     2.6409     2.3634  1.9913247  1.1086692   47.97564  -46.15246    34.8996    34.9157     3.8052     3.8051    27.7266    27.7394    6.07393    6.23567         19 0.0000e+00
      45444   1893.442    882.000     3.8725   3.275042     3.8719   3.276347      18.44     0.0099     2.6416     2.3637  1.9911466  1.1086692   47.97564  -46.15246    34.8997    34.9157     3.8068     3.8062    27.7265    27.7393    6.06465    6.22993         16 0.0000e+00
      45459   1894.073    881.000     3.8736   3.275107     3.8732   3.276431      80.89     0.0146     2.6412     2.3638  1.9912878  1.1086692   47.97564  -46.15246    34.8997    34.9158     3.8080     3.8076    27.7264    27.7393    6.05727    6.22728         15 0.0000e+00
      45474   1894.688    880.000     3.8753   3.275211     3.8749   3.276539      95.73     0.0142     2.6412     2.3639  1.9908178  1.1086692   47.97564  -46.15246    34.8997    34.9158     3.8098     3.8094    27.7262    27.7391    6.05575    6.22389         15 0.0000e+00
      45490   1895.359    879.000     3.8766   3.275299     3.8765   3.276642      96.35     0.0104     2.6409     2.3638  1.9911571  1.1086692   47.97564  -46.15246    34.8999    34.9159     3.8112     3.8110    27.7262    27.7390    6.05309    6.22314         17 0.0000e+00
      45512   1896.276    878.000     3.8774   3.275329     3.8773   3.276674      90.43     0.0080     2.6409     2.3642  1.9914753  1.1089067   47.97564  -46.15246    34.9000    34.9159     3.8120     3.8119    27.7262    27.7389    6.05824    6.23128         29 0.0000e+00
      45563   1898.416    877.000     3.8762   3.275181     3.8760   3.276513      96.30     0.0106     2.6430     2.3657  1.9920695  1.1099315   47.97564  -46.15246    34.8999    34.9159     3.8109     3.8107    27.7263    27.7390    6.07813    6.23645         65 0.0000e+00
      45609   1900.313    876.000     3.8751   3.275025     3.8747   3.276342      96.32     0.0124     2.6450     2.3665  1.9908257  1.1096300   47.97564  -46.15246    34.8998    34.9158     3.8099     3.8095    27.7263    27.7391    6.07867    6.23587         29 0.0000e+00
      45633   1901.324    875.000     3.8758   3.275023     3.8771   3.276500      95.84     0.0070     2.6461     2.3675  1.9913471  1.1086588   47.97564  -46.15248    34.8995    34.9157     3.8107     3.8119    27.7260    27.7387    6.07677    6.24456         22 0.0000e+00
      45652   1902.125    874.000     3.8788   3.275251     3.8792   3.276668      96.35     0.0081     2.6459     2.3678  1.9910219  1.1086692   47.97564  -46.15248    34.8996    34.9159     3.8137     3.8141    27.7258    27.7387    6.06894    6.23556         17 0.0000e+00
      45669   1902.817    873.000     3.8802   3.275346     3.8801   3.276699      96.33     0.0142     2.6462     2.3679  1.9902269  1.1097444   47.97564  -46.15247    34.8998    34.9158     3.8152     3.8151    27.7257    27.7385    6.07637    6.23448         16 0.0000e+00
      45684   1903.464    872.000     3.8811   3.275376     3.8811   3.276735      95.55     0.0145     2.6472     2.3682  1.9899036  1.1098914   47.97564  -46.15246    34.8997    34.9158     3.8162     3.8161    27.7256    27.7384    6.08241    6.23878         15 0.0000e+00
      45700   1904.112    871.000     3.8825   3.275468     3.8829   3.276863      62.94     0.0130     2.6476     2.3686  1.9900043  1.1098901   47.97564  -46.15248    34.8998    34.9159     3.8176     3.8181    27.7255    27.7382    6.07859    6.23779         16 0.0000e+00
      45717   1904.822    870.000     3.8841   3.275582     3.8851   3.277046      80.90     0.0108     2.6478     2.3688  1.9889001  1.1098901   47.97563  -46.15248    34.9000    34.9162     3.8193     3.8203    27.7255    27.7383    6.07982    6.23467         19 0.0000e+00
      45738   1905.717    869.000     3.8856   3.275696     3.8868   3.277173      95.08     0.0126     2.6489     2.3691  1.9889150  1.1098901   47.97562  -46.15248    34.9002    34.9164     3.8209     3.8221    27.7255    27.7383    6.08088    6.23448         26 0.0000e+00
      45779   1907.405    868.000     3.8859   3.275689     3.8864   3.277086      95.84     0.0132     2.6498     2.3703  1.9897852  1.1103114   47.97562  -46.15248    34.9003    34.9163     3.8213     3.8218    27.7255    27.7382    6.07975    6.24287         54 0.0000e+00
      45824   1909.281    867.000     3.8842   3.275457     3.8861   3.276998      96.16     0.0125     2.6504     2.3701  1.9877933  1.1110494   47.97564  -46.15248    34.8999    34.9161     3.8196     3.8216    27.7254    27.7381    6.07411    6.21855         33 0.0000e+00
      45855   1910.590    866.000     3.8846   3.275472     3.8878   3.277110      95.64     0.0132     2.6499     2.3695  1.9870414  1.1106142   47.97563  -46.15249    34.9002    34.9162     3.8201     3.8233    27.7256    27.7380    6.06851    6.23123         30 0.0000e+00
      45881   1911.659    865.000     3.8889   3.275805     3.8901   3.277281      65.73     0.0109     2.6501     2.3698  1.9861931  1.1098664   47.97563  -46.15248    34.9001    34.9163     3.8245     3.8257    27.7250    27.7378    6.07337    6.23379         21 0.0000e+00
      45899   1912.417    864.000     3.8916   3.276012     3.8915   3.277373      46.64     0.0119     2.6500     2.3701  1.9866410  1.1104650   47.97562  -46.15248    34.9002    34.9164     3.8273     3.8272    27.7248    27.7377    6.07365    6.23777         17 0.0000e+00
      45915   1913.072    863.000     3.8923   3.276037     3.8919   3.277373      94.71     0.0143     2.6506     2.3707  1.9880095  1.1110997   47.97562  -46.15250    34.9003    34.9165     3.8280     3.8276    27.7248    27.7378    6.07446    6.24257         15 0.0000e+00
      45930   1913.711    862.000     3.8922   3.275972     3.8916   3.277279      96.02     0.0147     2.6508     2.3714  1.9880193  1.1111112   47.97562  -46.15250    34.9001    34.9163     3.8280     3.8274    27.7247    27.7376    6.07128    6.24144         16 0.0000e+00
      45948   1914.453    861.000     3.8922   3.275919     3.8918   3.277241      95.35     0.0126     2.6507     2.3716  1.9871502  1.1111112   47.97562  -46.15250    34.9000    34.9161     3.8281     3.8277    27.7246    27.7374    6.07704    6.23281         20 0.0000e+00
      45982   1915.881    860.000     3.8935   3.275990     3.8929   3.277296      91.87     0.0142     2.6516     2.3719  1.9853928  1.1112051   47.97562  -46.15250    34.9000    34.9161     3.8294     3.8288    27.7245    27.7373    6.07989    6.23397         50 0.0000e+00
      46023   1917.567    859.000     3.8932   3.275913     3.8926   3.277215      96.46     0.0178     2.6532     2.3717  1.9852955  1.1119659   47.97562  -46.15250    34.8999    34.9160     3.8292     3.8286    27.7244    27.7373    6.08267    6.22747         24 0.0000e+00
      46042   1918.374    858.000     3.8946   3.275980     3.8954   3.277429      96.35     0.0126     2.6532     2.3720  1.9855404  1.1115615   47.97562  -46.15250    34.8998    34.9161     3.8307     3.8315    27.7242    27.7370    6.07760    6.23641         19 0.0000e+00
      46060   1919.143    857.000     3.8967   3.276153     3.8976   3.277603      96.35     0.0093     2.6535     2.3724  1.9850782  1.1111127   47.97562  -46.15250    34.9001    34.9163     3.8329     3.8337    27.7242    27.7370    6.08058    6.24302         18 0.0000e+00
      46080   1919.953    856.000     3.8985   3.276297     3.8989   3.277691      95.52     0.0079     2.6538     2.3733  1.9851729  1.1111112   47.97562  -46.15250    34.9004    34.9165     3.8348     3.8351    27.7242    27.7370    6.08211    6.24447         21 0.0000e+00
      46104   1920.949    855.000     3.8992   3.276320     3.8989   3.277658      95.81     0.0069     2.6544     2.3737  1.9850591  1.1119123   47.97562  -46.15250    34.9005    34.9166     3.8355     3.8352    27.7242    27.7371    6.07600    6.23527         29 0.0000e+00
      46144   1922.637    854.000     3.8994   3.276288     3.8988   3.277589      77.59     0.0083     2.6539     2.3737  1.9850357  1.1122912   47.97560  -46.15251    34.9004    34.9165     3.8358     3.8352    27.7241    27.7370    6.06294    6.22926         47 0.0000e+00
      46180   1924.122    853.000     3.8997   3.276260     3.8993   3.277580      96.98     0.0110     2.6527     2.3732  1.9850959  1.1123341   47.97560  -46.15252    34.9002    34.9163     3.8362     3.8358    27.7239    27.7368    6.06358    6.22120         24 0.0000e+00
      46200   1924.959    852.000     3.9004   3.276277     3.9001   3.277610      96.33     0.0126     2.6527     2.3730  1.9852848  1.1123321   47.97560  -46.15252    34.9002    34.9164     3.8370     3.8366    27.7238    27.7367    6.06678    6.21733         18 0.0000e+00
      46217   1925.678    851.000     3.9001   3.276194     3.8996   3.277502      95.91     0.0147     2.6533     2.3721  1.9853489  1.1123321   47.97560  -46.15252    34.9001    34.9161     3.8368     3.8363    27.7238    27.7366    6.07734    6.20877         17 0.0000e+00
      46233   1926.354    850.000     3.8996   3.276077     3.8989   3.277371      96.35     0.0126     2.6536     2.3714  1.9855769  1.1123321   47.97560  -46.15252    34.8998    34.9158     3.8363     3.8356    27.7236    27.7364    6.07013    6.21090         16 0.0000e+00
      46250   1927.028    849.000     3.8991   3.275966     3.8984   3.277262      96.34     0.0124     2.6530     2.3713  1.9865798  1.1123321   47.97560  -46.15252    34.8995    34.9156     3.8359     3.8352    27.7234    27.7363    6.06633    6.21896         16 0.0000e+00
      46267   1927.736    848.000     3.8988   3.275890     3.8983   3.277197      95.58     0.0141     2.6538     2.3714  1.9860207  1.1123321   47.97560  -46.15252    34.8994    34.9154     3.8357     3.8352    27.7233    27.7361    6.07387    6.22356         18 0.0000e+00
      46286   1928.524    847.000     3.8988   3.275844     3.8983   3.277148      96.35     0.0135     2.6541     2.3717  1.9855294  1.1126996   47.97560  -46.15252    34.8994    34.9154     3.8357     3.8353    27.7234    27.7361    6.07406    6.22895         20 0.0000e+00
