data/CTD/2013/CNV/U021A013.CNV
* Sea-Bird SBE 9 Data File:
* FileName = C:\CTD_ACQUISITION\2013021HUD\ctddata\021A013.hdr
* Software Version Seasave V 7.22.2
* Temperature SN = 5081
* Conductivity SN = 3561
* Number of Bytes Per Scan = 37
* Number of Voltage Words = 4
* Number of Scans Averaged by the Deck Unit = 1
* NMEA Latitude = 46 59.97 N
* NMEA Longitude = 047 10.01 W
* NMEA UTC (Time) = Jul 01 2013 21:27:00
* NMEA baud rate = 9600
** Ship: Hudson
** Cruise: HUD2013021
** Chief_Scientist: Greenan
** Organization: BIO
** Area_of_Operation: Sackville Spur
** Station: 13
** Sounding:  878
** Event_Comments: FC16  393113
# nquan = 25
# nvalues = 864                         
# units = specified
# name 0 = scan: Scan Count
# name 1 = timeS: Time, Elapsed [seconds]
# name 2 = prDM: Pressure, Digiquartz [db]
# name 3 = t068C: Temperature [ITS-68, deg C]
# name 4 = c0S/m: Conductivity [S/m]
# name 5 = t168C: Temperature, 2 [ITS-68, deg C]
# name 6 = c1S/m: Conductivity, 2 [S/m]
# name 7 = altM: Altimeter [m]
# name 8 = flCUVA: Fluorescence, Chelsea UV Aquatracka [ug/l]
# name 9 = sbeox0V: Oxygen raw, SBE 43 [V]
# name 10 = sbeox1V: Oxygen raw, SBE 43, 2 [V]
# name 11 = upoly0: Upoly 0, Optode 4330F - O2 D-Phase
# name 12 = upoly1: Upoly 1, Optode 4330F - O2 Temp
# name 13 = latitude: Latitude [deg]
# name 14 = longitude: Longitude [deg]
# name 15 = sal00: Salinity, Practical [PSU]
# name 16 = sal11: Salinity, Practical, 2 [PSU]
# name 17 = potemp068C: Potential Temperature [ITS-68, deg C]
# name 18 = potemp168C: Potential Temperature, 2 [ITS-68, deg C]
# name 19 = sigma-é00: Density [sigma-theta, Kg/m^3]
# name 20 = sigma-é11: Density, 2 [sigma-theta, Kg/m^3]
# name 21 = sbeox0ML/L: Oxygen, SBE 43 [ml/l], WS = 2
# name 22 = sbeox1ML/L: Oxygen, SBE 43, 2 [ml/l], WS = 2
# name 23 = nbin: number of scans per bin
# name 24 = flag: flag
# span 0 =      41430,      63418       
# span 1 =   1726.193,   2642.368       
# span 2 =      1.000,    864.000       
# span 3 =     0.0697,     6.5020       
# span 4 =   2.777774,   3.283664       
# span 5 =     0.0656,     6.4975       
# span 6 =   2.777230,   3.284946       
# span 7 =       3.80,     102.49       
# span 8 =     0.0079,     0.2043       
# span 9 =     2.6369,     3.4164       
# span 10 =     2.3721,     3.0710      
# span 11 =  1.7203447,  2.0500419      
# span 12 =  0.6495727,  1.4285580      
# span 13 =   46.99875,   46.99930      
# span 14 =  -47.16780,  -47.16700      
# span 15 =    31.2119,    34.8991      
# span 16 =    31.2038,    34.9146      
# span 17 =     0.0678,     6.5016      
# span 18 =     0.0637,     6.4970      
# span 19 =    24.5007,    27.7144      
# span 20 =    24.4949,    27.7268      
# span 21 =    5.96947,    8.17463      
# span 22 =    5.79109,    8.35114      
# span 23 =         11,        469      
# span 24 = 0.0000e+00, 0.0000e+00      
# interval = decibars: 1                
# start_time = Jul 01 2013 21:27:00 [NMEA time, header]
# bad_flag = -9.990e-29
*END*
[from data line 174]
      46471   1936.254    690.000     4.0339   3.280448     4.0342   3.281772      96.81     0.0202     2.7062     2.4216  1.9735746  1.1295595   46.99884  -47.16738    34.8925    34.9078     3.9827     3.9829    27.7026    27.7148    6.08332    6.22653         28 0.0000e+00
      46495   1937.256    689.000     4.0348   3.280468     4.0344   3.281753      96.91     0.0186     2.7063     2.4208  1.9734863  1.1301855   46.99884  -47.16738    34.8923    34.9079     3.9836     3.9852    27.7024    27.7148    6.08504    6.22097         21 0.0000e+00
      46514   1938.051    688.000     4.0350   3.280448     4.0346   3.281731      96.98     0.0161     2.7076     2.4203  1.9734772  1.1303732   46.99884  -47.16738    34.8924    34.9079     3.9839     3.9836    27.7024    27.7148    6.08979    6.22335         18 0.0000e+00
      46532   1938.779    687.000     4.0350   3.280399     4.0347   3.281693      97.02     0.0153     2.7072     2.4203  1.9728618  1.1303601   46.99883  -47.16739    34.8923    34.9080     3.9840     3.9836    27.7023    27.7148    6.08066    6.22390         17 0.0000e+00
      46550   1939.528    686.000     4.0350   3.280349     4.0345   3.281623      96.98     0.0138     2.7081     2.4198  1.9728804  1.1303265   46.99882  -47.16740    34.8923    34.9078     3.9840     3.9836    27.7023    27.7147    6.08294    6.22327         19 0.0000e+00
      46571   1940.405    685.000     4.0347   3.280283     4.0345   3.281559      96.86     0.0138     2.7081     2.4198  1.9729816  1.1303413   46.99883  -47.16740    34.8923    34.9077     3.9839     3.9836    27.7023    27.7146    6.07885    6.22486         24 0.0000e+00
      46601   1941.658    684.000     4.0345   3.280213     4.0343   3.281484      96.94     0.0141     2.7081     2.4207  1.9731758  1.1304326   46.99884  -47.16740    34.8922    34.9075     3.9838     3.9835    27.7022    27.7145    6.07939    6.24448         34 0.0000e+00
      46629   1942.837    683.000     4.0345   3.280143     4.0341   3.281412      97.03     0.0129     2.7083     2.4223  1.9716641  1.1304250   46.99883  -47.16740    34.8919    34.9073     3.9838     3.9834    27.7020    27.7143    6.08154    6.24817         22 0.0000e+00
      46649   1943.662    682.000     4.0343   3.280082     4.0340   3.281362      97.03     0.0160     2.7089     2.4233  1.9712127  1.1303264   46.99882  -47.16740    34.8920    34.9074     3.9837     3.9833    27.7021    27.7144    6.08114    6.24774         19 0.0000e+00
      46667   1944.432    681.000     4.0342   3.280031     4.0339   3.281313      96.84     0.0193     2.7087     2.4238  1.9715208  1.1305745   46.99882  -47.16740    34.8920    34.9074     3.9836     3.9834    27.7021    27.7144    6.07692    6.24448         19 0.0000e+00
      46688   1945.310    680.000     4.0342   3.279990     4.0339   3.281266      96.90     0.0169     2.7089     2.4243  1.9717045  1.1306441   46.99882  -47.16742    34.8919    34.9073     3.9838     3.9835    27.7021    27.7143    6.08220    6.23712         24 0.0000e+00
      46719   1946.575    679.000     4.0344   3.279961     4.0342   3.281225      96.95     0.0165     2.7094     2.4241  1.9717797  1.1306140   46.99882  -47.16742    34.8919    34.9071     3.9841     3.9838    27.7020    27.7141    6.08066    6.23722         36 0.0000e+00
      46753   1948.016    678.000     4.0365   3.280027     4.0355   3.281261      96.87     0.0172     2.7099     2.4255  1.9719205  1.1306481   46.99882  -47.16742    34.8911    34.9067     3.9862     3.9852    27.7011    27.7137    6.08741    6.25793         30 0.0000e+00
      46778   1949.043    677.000     4.0390   3.280192     4.0385   3.281450      84.12     0.0155     2.7110     2.4268  1.9704833  1.1306472   46.99882  -47.16743    34.8908    34.9063     3.9888     3.9883    27.7006    27.7130    6.09464    6.25385         20 0.0000e+00
      46797   1949.820    676.000     4.0419   3.280392     4.0413   3.281629      45.80     0.0172     2.7122     2.4274  1.9706292  1.1306472   46.99882  -47.16744    34.8906    34.9060     3.9918     3.9911    27.7002    27.7124    6.09317    6.24864         18 0.0000e+00
      46814   1950.522    675.000     4.0425   3.280388     4.0420   3.281628      89.74     0.0203     2.7124     2.4277  1.9707725  1.1306472   46.99882  -47.16744    34.8905    34.9057     3.9925     3.9919    27.7000    27.7121    6.08902    6.24464         16 0.0000e+00
      46830   1951.223    674.000     4.0426   3.280318     4.0419   3.281559      14.73     0.0213     2.7126     2.4278  1.9714365  1.1306472   46.99882  -47.16744    34.8901    34.9056     3.9926     3.9919    27.6997    27.7120    6.09157    6.24349         18 0.0000e+00
      46848   1951.976    673.000     4.0439   3.280378     4.0434   3.281647      94.44     0.0202     2.7138     2.4278  1.9712796  1.1306472   46.99882  -47.16744    34.8899    34.9055     3.9940     3.9935    27.6994    27.7118    6.09511    6.24391         19 0.0000e+00
      46869   1952.815    672.000     4.0455   3.280490     4.0455   3.281797      96.87     0.0197     2.7140     2.4283  1.9717321  1.1306472   46.99882  -47.16744    34.8901    34.9056     3.9957     3.9956    27.6993    27.7117    6.09038    6.24629         21 0.0000e+00
      46891   1953.755    671.000     4.0478   3.280674     4.0480   3.282009      88.73     0.0159     2.7145     2.4287  1.9721639  1.1306472   46.99882  -47.16744    34.8903    34.9060     3.9981     3.9982    27.6993    27.7117    6.08592    6.24586         24 0.0000e+00
      46918   1954.879    670.000     4.0495   3.280807     4.0504   3.282202      92.42     0.0180     2.7146     2.4293  1.9713541  1.1306472   46.99882  -47.16745    34.8906    34.9062     3.9998     4.0007    27.6993    27.7116    6.08671    6.25310         31 0.0000e+00
      46954   1956.382    669.000     4.0499   3.280816     4.0509   3.282207      96.89     0.0168     2.7150     2.4309  1.9707624  1.1310402   46.99882  -47.16746    34.8909    34.9063     4.0003     4.0012    27.6995    27.7116    6.09012    6.25677         40 0.0000e+00
      46990   1957.857    668.000     4.0516   3.280900     4.0515   3.282209      96.82     0.0178     2.7164     2.4314  1.9706041  1.1318939   46.99882  -47.16746    34.8906    34.9062     4.0020     4.0019    27.6991    27.7115    6.09416    6.24887         28 0.0000e+00
      47012   1958.791    667.000     4.0519   3.280885     4.0516   3.282170      97.04     0.0209     2.7166     2.4317  1.9706978  1.1318681   46.99882  -47.16746    34.8906    34.9061     4.0024     4.0021    27.6991    27.7114    6.09064    6.25214         18 0.0000e+00
      47028   1959.478    666.000     4.0514   3.280793     4.0508   3.282045      97.04     0.0222     2.7172     2.4320  1.9706960  1.1318681   46.99882  -47.16746    34.8906    34.9060     4.0020     4.0014    27.6991    27.7114    6.09038    6.25364         15 0.0000e+00
      47043   1960.083    665.000     4.0510   3.280697     4.0505   3.281950      96.64     0.0218     2.7169     2.4326  1.9706057  1.1318681   46.99882  -47.16746    34.8904    34.9058     4.0017     4.0011    27.6989    27.7113    6.09479    6.25832         14 0.0000e+00
      47057   1960.661    664.000     4.0512   3.280667     4.0508   3.281936      97.05     0.0226     2.7178     2.4329  1.9698040  1.1318681   46.99882  -47.16746    34.8904    34.9058     4.0019     4.0015    27.6989    27.7112    6.10016    6.26065         14 0.0000e+00
      47071   1961.262    663.000     4.0532   3.280818     4.0529   3.282093      97.03     0.0215     2.7182     2.4336  1.9694800  1.1318681   46.99882  -47.16746    34.8905    34.9060     4.0040     4.0037    27.6988    27.7111    6.09999    6.26156         16 0.0000e+00
      47088   1961.969    662.000     4.0552   3.280979     4.0569   3.282420      96.73     0.0215     2.7189     2.4341  1.9694749  1.1318681   46.99882  -47.16748    34.8908    34.9061     4.0061     4.0078    27.6988    27.7108    6.09011    6.25861         19 0.0000e+00
      47118   1963.215    661.000     4.0589   3.281261     4.0592   3.282590      96.99     0.0217     2.7187     2.4348  1.9702911  1.1318681   46.99882  -47.16748    34.8908    34.9062     4.0098     4.0101    27.6984    27.7107    6.08864    6.25629         45 0.0000e+00
      47165   1965.182    660.000     4.0535   3.280724     4.0555   3.282197      96.97     0.0193     2.7196     2.4357  1.9693718  1.1318681   46.99882  -47.16748    34.8907    34.9060     4.0046     4.0065    27.6989    27.7109    6.09734    6.26182         40 0.0000e+00
      47197   1966.503    659.000     4.0570   3.280948     4.0622   3.282725      81.95     0.0169     2.7206     2.4362  1.9694760  1.1318203   46.99882  -47.16748    34.8902    34.9057     4.0081     4.0133    27.6981    27.7099    6.09641    6.25094         26 0.0000e+00
      47221   1967.491    658.000     4.0640   3.281514     4.0653   3.282949      97.25     0.0172     2.7210     2.4362  1.9695311  1.1317002   46.99882  -47.16748    34.8900    34.9056     4.0152     4.0164    27.6972    27.7095    6.10045    6.25469         22 0.0000e+00
      47241   1968.344    657.000     4.0655   3.281601     4.0656   3.282916      96.93     0.0178     2.7216     2.4365  1.9697345  1.1318052   46.99882  -47.16750    34.8900    34.9053     4.0167     4.0168    27.6970    27.7092    6.09436    6.25640         19 0.0000e+00
      47260   1969.111    656.000     4.0659   3.281572     4.0658   3.282865      97.03     0.0169     2.7218     2.4367  1.9707043  1.1318687   46.99882  -47.16750    34.8897    34.9051     4.0172     4.0171    27.6967    27.7090    6.09856    6.24968         18 0.0000e+00
      47277   1969.829    655.000     4.0661   3.281511     4.0657   3.282784      96.89     0.0154     2.7225     2.4363  1.9704102  1.1318681   46.99882  -47.16750    34.8893    34.9047     4.0175     4.0171    27.6964    27.7087    6.09725    6.25140         17 0.0000e+00
      47294   1970.550    654.000     4.0659   3.281432     4.0655   3.282676      97.03     0.0158     2.7225     2.4369  1.9696244  1.1324015   46.99882  -47.16750    34.8891    34.9042     4.0173     4.0191    27.6963    27.7083    6.09722    6.25835         18 0.0000e+00
      47314   1971.363    653.000     4.0656   3.281354     4.0652   3.282614      97.00     0.0167     2.7233     2.4374  1.9682537  1.1330626   46.99882  -47.16750    34.8890    34.9043     4.0171     4.0168    27.6963    27.7084    6.10543    6.25912         22 0.0000e+00
      47340   1972.478    652.000     4.0654   3.281290     4.0650   3.282534      84.88     0.0164     2.7242     2.4381  1.9681784  1.1330892   46.99882  -47.16750    34.8890    34.9041     4.0170     4.0167    27.6962    27.7083    6.10186    6.26450         32 0.0000e+00
      47373   1973.837    651.000     4.0655   3.281199     4.0650   3.282458      94.37     0.0121     2.7250     2.4395  1.9681752  1.1330892   46.99882  -47.16750    34.8884    34.9037     4.0172     4.0167    27.6957    27.7080    6.10511    6.26994         31 0.0000e+00
      47403   1975.076    650.000     4.0654   3.281134     4.0651   3.282409      96.94     0.0122     2.7258     2.4402  1.9669979  1.1330892   46.99882  -47.16751    34.8882    34.9035     4.0172     4.0169    27.6956    27.7078    6.10117    6.26339         29 0.0000e+00
      47431   1976.263    649.000     4.0660   3.281115     4.0659   3.282401      97.04     0.0110     2.7261     2.4409  1.9668505  1.1333177   46.99882  -47.16752    34.8878    34.9031     4.0179     4.0178    27.6952    27.7074    6.10160    6.26575         27 0.0000e+00
      47455   1977.260    648.000     4.0671   3.281140     4.0669   3.282425      96.79     0.0107     2.7262     2.4412  1.9669173  1.1342609   46.99882  -47.16752    34.8875    34.9029     4.0190     4.0188    27.6948    27.7071    6.09849    6.26358         21 0.0000e+00
      47476   1978.143    647.000     4.0675   3.281130     4.0672   3.282414      97.04     0.0194     2.7265     2.4415  1.9666792  1.1341927   46.99882  -47.16752    34.8875    34.9030     4.0195     4.0192    27.6948    27.7071    6.09877    6.26102         21 0.0000e+00
      47498   1979.042    646.000     4.0678   3.281102     4.0676   3.282390      96.95     0.0196     2.7263     2.4414  1.9681777  1.1337447   46.99882  -47.16752    34.8874    34.9028     4.0199     4.0196    27.6947    27.7070    6.09442    6.25682         22 0.0000e+00
      47519   1979.929    645.000     4.0683   3.281092     4.0679   3.282372      96.88     0.0183     2.7265     2.4413  1.9679017  1.1337873   46.99882  -47.16752    34.8873    34.9028     4.0204     4.0200    27.6945    27.7069    6.09898    6.25537         21 0.0000e+00
      47538   1980.729    644.000     4.0688   3.281088     4.0684   3.282369      96.91     0.0187     2.7269     2.4413  1.9664909  1.1341743   46.99882  -47.16753    34.8872    34.9027     4.0210     4.0207    27.6944    27.7068    6.10368    6.25544         18 0.0000e+00
      47557   1981.509    643.000     4.0693   3.281080     4.0693   3.282377      97.01     0.0209     2.7273     2.4412  1.9656414  1.1343081   46.99882  -47.16754    34.8870    34.9024     4.0216     4.0216    27.6942    27.7064    6.10321    6.26001         20 0.0000e+00
      47578   1982.389    642.000     4.0699   3.281063     4.0697   3.282344      96.95     0.0217     2.7281     2.4420  1.9658655  1.1343101   46.99882  -47.16754    34.8868    34.9021     4.0222     4.0221    27.6939    27.7061    6.10312    6.26958         22 0.0000e+00
      47602   1983.371    641.000     4.0701   3.281023     4.0698   3.282295      96.79     0.0199     2.7279     2.4429  1.9664837  1.1343101   46.99882  -47.16754    34.8866    34.9019     4.0226     4.0223    27.6937    27.7060    6.09816    6.27120         24 0.0000e+00
      47627   1984.413    640.000     4.0705   3.281000     4.0701   3.282271      97.03     0.0177     2.7287     2.4436  1.9661678  1.1343101   46.99883  -47.16754    34.8864    34.9019     4.0231     4.0226    27.6936    27.7059    6.10029    6.26332         28 0.0000e+00
      47664   1985.938    639.000     4.0705   3.280958     4.0706   3.282253      96.91     0.0170     2.7284     2.4432  1.9660021  1.1343101   46.99884  -47.16754    34.8865    34.9017     4.0231     4.0232    27.6936    27.7057    6.09463    6.25211         46 0.0000e+00
      47702   1987.547    638.000     4.0710   3.280896     4.0707   3.282188      97.03     0.0112     2.7285     2.4425  1.9665253  1.1343101   46.99882  -47.16754    34.8858    34.9013     4.0237     4.0234    27.6930    27.7053    6.09800    6.25151         25 0.0000e+00
      47722   1988.363    637.000     4.0708   3.280818     4.0706   3.282104      96.13     0.0123     2.7287     2.4425  1.9664901  1.1343101   46.99882  -47.16754    34.8856    34.9010     4.0236     4.0233    27.6928    27.7051    6.10200    6.25439         18 0.0000e+00
      47738   1989.044    636.000     4.0702   3.280714     4.0699   3.281994      97.04     0.0136     2.7289     2.4425  1.9646658  1.1343101   46.99882  -47.16754    34.8854    34.9009     4.0231     4.0227    27.6928    27.7051    6.11042    6.25458         15 0.0000e+00
      47754   1989.697    635.000     4.0694   3.280566     4.0688   3.281820      97.06     0.0118     2.7309     2.4425  1.9647446  1.1343101   46.99883  -47.16754    34.8851    34.9005     4.0224     4.0217    27.6925    27.7049    6.11743    6.26084         16 0.0000e+00
      47770   1990.368    634.000     4.0687   3.280422     4.0683   3.281701      97.00     0.0126     2.7311     2.4434  1.9650900  1.1343101   46.99884  -47.16754    34.8847    34.9002     4.0217     4.0213    27.6923    27.7047    6.11853    6.27173         17 0.0000e+00
