data/CTD/2013/CNV/U021A048.CNV
* Sea-Bird SBE 9 Data File:
* FileName = C:\CTD_ACQUISITION\2013021HUD\ctddata\021A048.hdr
* Software Version Seasave V 7.22.2
* Temperature SN = 5081
* Conductivity SN = 3561
* Number of Bytes Per Scan = 37
* Number of Voltage Words = 4
* Number of Scans Averaged by the Deck Unit = 1
* NMEA Latitude = 48 58.29 N
* NMEA Longitude = 045 52.31 W
* NMEA UTC (Time) = Jul 04 2013 20:38:06
* NMEA baud rate = 9600
** Ship: Hudson
** Cruise: HUD2013021
** Chief_Scientist: Greenan
** Organization: BIO
** Area_of_Operation: Sackville Spur
** Station: 48
** Sounding:  2567
** Event_Comments: SS29  393205
# nquan = 25
# nvalues = 2563                        
# units = specified
# name 0 = scan: Scan Count
# name 1 = timeS: Time, Elapsed [seconds]
# name 2 = prDM: Pressure, Digiquartz [db]
# name 3 = t068C: Temperature [ITS-68, deg C]
# name 4 = c0S/m: Conductivity [S/m]
# name 5 = t168C: Temperature, 2 [ITS-68, deg C]
# name 6 = c1S/m: Conductivity, 2 [S/m]
# name 7 = altM: Altimeter [m]
# name 8 = flCUVA: Fluorescence, Chelsea UV Aquatracka [ug/l]
# name 9 = sbeox0V: Oxygen raw, SBE 43 [V]
# name 10 = sbeox1V: Oxygen raw, SBE 43, 2 [V]
# name 11 = upoly0: Upoly 0, Optode 4330F - O2 D-Phase
# name 12 = upoly1: Upoly 1, Optode 4330F - O2 Temp
# name 13 = latitude: Latitude [deg]
# name 14 = longitude: Longitude [deg]
# name 15 = sal00: Salinity, Practical [PSU]
# name 16 = sal11: Salinity, Practical, 2 [PSU]
# name 17 = potemp068C: Potential Temperature [ITS-68, deg C]
# name 18 = potemp168C: Potential Temperature, 2 [ITS-68, deg C]
# name 19 = sigma-é00: Density [sigma-theta, Kg/m^3]
# name 20 = sigma-é11: Density, 2 [sigma-theta, Kg/m^3]
# name 21 = sbeox0ML/L: Oxygen, SBE 43 [ml/l], WS = 2
# name 22 = sbeox1ML/L: Oxygen, SBE 43, 2 [ml/l], WS = 2
# name 23 = nbin: number of scans per bin
# name 24 = flag: flag
# span 0 =      78761,     132909       
# span 1 =   3281.675,   5537.831       
# span 2 =      1.000,   2563.000       
# span 3 =     2.3203,     8.9410       
# span 4 =   3.163550,   3.624793       
# span 5 =     2.3194,     8.9384       
# span 6 =   3.164750,   3.626201       
# span 7 =       3.92,      98.39       
# span 8 =     0.0039,     0.8632       
# span 9 =     2.1756,     3.3867       
# span 10 =     1.9575,     3.0200      
# span 11 =  1.6725764,  2.1111111      
# span 12 =  0.9153458,  1.7337027      
# span 13 =   48.97364,   48.97452      
# span 14 =  -45.87470,  -45.87296      
# span 15 =    33.8152,    34.9219      
# span 16 =    33.8054,    34.9382      
# span 17 =     2.1307,     8.9407      
# span 18 =     2.1295,     8.9378      
# span 19 =    26.4311,    27.8865      
# span 20 =    26.4422,    27.8998      
# span 21 =    5.91409,    7.62723      
# span 22 =    5.54617,    7.76719      
# span 23 =         12,        431      
# span 24 = 0.0000e+00, 0.0000e+00      
# interval = decibars: 1                
# start_time = Jul 04 2013 20:38:06 [NMEA time, header]
# bad_flag = -9.990e-29
*END*
[from data line 2145]
     123621   5150.843    418.000     3.9736   3.262209     3.9733   3.263517      95.19     0.0122     2.8222     2.5169  1.9548229  1.1221001   48.97434  -45.87342    34.8837    34.8996     3.9437     3.9433    27.6997    27.7124    6.21302    6.33773         31 0.0000e+00
     123648   5151.979    417.000     3.9712   3.261900     3.9712   3.263264      95.59     0.0078     2.8228     2.5184  1.9548229  1.1221001   48.97434  -45.87341    34.8832    34.8993     3.9413     3.9413    27.6995    27.7123    6.21808    6.35066         23 0.0000e+00
     123668   5152.803    416.000     3.9670   3.261401     3.9662   3.262683      36.78     0.0117     2.8240     2.5194  1.9548229  1.1221001   48.97434  -45.87340    34.8822    34.8983     3.9372     3.9364    27.6992    27.7120    6.22997    6.35197         17 0.0000e+00
     123685   5153.482    415.000     3.9651   3.261170     3.9643   3.262422      85.53     0.0123     2.8254     2.5203  1.9548229  1.1221001   48.97434  -45.87340    34.8820    34.8977     3.9354     3.9346    27.6992    27.7117    6.23241    6.35229         16 0.0000e+00
     123700   5154.114    414.000     3.9644   3.261041     3.9638   3.262319      95.40     0.0091     2.8261     2.5210  1.9548229  1.1223401   48.97434  -45.87340    34.8817    34.8976     3.9348     3.9341    27.6990    27.7117    6.22268    6.34727         15 0.0000e+00
     123715   5154.761    413.000     3.9631   3.260836     3.9626   3.262137      95.58     0.0060     2.8258     2.5213  1.9548229  1.1221037   48.97434  -45.87341    34.8812    34.8972     3.9336     3.9331    27.6987    27.7115    6.21262    6.34404         16 0.0000e+00
     123733   5155.508    412.000     3.9614   3.260612     3.9606   3.261871      63.77     0.0072     2.8262     2.5215  1.9548229  1.1221001   48.97434  -45.87342    34.8809    34.8967     3.9319     3.9311    27.6987    27.7113    6.21812    6.34330         20 0.0000e+00
     123758   5156.555    411.000     3.9596   3.260377     3.9591   3.261665      78.62     0.0106     2.8263     2.5218  1.9547845  1.1221001   48.97434  -45.87341    34.8805    34.8964     3.9302     3.9297    27.6986    27.7112    6.21584    6.34508         31 0.0000e+00
     123791   5157.917    410.000     3.9583   3.260169     3.9579   3.261478      79.81     0.0097     2.8270     2.5224  1.9544663  1.1220552   48.97434  -45.87340    34.8800    34.8959     3.9290     3.9286    27.6983    27.7110    6.21954    6.34677         29 0.0000e+00
     123814   5158.876    409.000     3.9608   3.260370     3.9606   3.261696      27.58     0.0137     2.8268     2.5227  1.9546363  1.1221019   48.97434  -45.87340    34.8803    34.8962     3.9316     3.9314    27.6982    27.7109    6.21912    6.34543         19 0.0000e+00
     123831   5159.563    408.000     3.9651   3.260747     3.9660   3.262167      95.54     0.0163     2.8280     2.5230  1.9548287  1.1220162   48.97434  -45.87340    34.8808    34.8966     3.9359     3.9368    27.6981    27.7106    6.21953    6.34715         15 0.0000e+00
     123845   5160.150    407.000     3.9676   3.260938     3.9679   3.262307      95.58     0.0171     2.8273     2.5234  1.9548229  1.1219250   48.97434  -45.87340    34.8809    34.8968     3.9385     3.9388    27.6980    27.7106    6.21318    6.34801         14 0.0000e+00
     123858   5160.703    406.000     3.9680   3.260923     3.9679   3.262262      95.57     0.0160     2.8277     2.5238  1.9548229  1.1218194   48.97433  -45.87340    34.8808    34.8968     3.9390     3.9388    27.6978    27.7106    6.21553    6.34737         13 0.0000e+00
     123871   5161.263    405.000     3.9679   3.260868     3.9676   3.262186      93.65     0.0171     2.8280     2.5239  1.9537904  1.1220104   48.97432  -45.87340    34.8808    34.8967     3.9389     3.9386    27.6978    27.7106    6.21779    6.34808         14 0.0000e+00
     123887   5161.907    404.000     3.9672   3.260750     3.9670   3.262073      28.89     0.0140     2.8279     2.5245  1.9536046  1.1220281   48.97432  -45.87340    34.8807    34.8966     3.9383     3.9381    27.6978    27.7105    6.21298    6.35504         17 0.0000e+00
     123907   5162.768    403.000     3.9665   3.260639     3.9663   3.261951      92.25     0.0103     2.8283     2.5255  1.9539144  1.1219627   48.97432  -45.87341    34.8806    34.8965     3.9377     3.9374    27.6978    27.7105    6.21622    6.35656         26 0.0000e+00
     123938   5164.027    402.000     3.9663   3.260573     3.9660   3.261881      90.17     0.0141     2.8287     2.5262  1.9548432  1.1221033   48.97432  -45.87342    34.8805    34.8964     3.9376     3.9373    27.6978    27.7105    6.22193    6.34520         31 0.0000e+00
     123965   5165.154    401.000     3.9660   3.260475     3.9656   3.261787      50.15     0.0175     2.8300     2.5258  1.9548229  1.1221001   48.97432  -45.87341    34.8803    34.8963     3.9373     3.9369    27.6976    27.7104    6.22308    6.33725         23 0.0000e+00
     123985   5165.985    400.000     3.9652   3.260340     3.9651   3.261689      32.90     0.0144     2.8304     2.5254  1.9548229  1.1221001   48.97432  -45.87340    34.8801    34.8962     3.9366     3.9365    27.6975    27.7104    6.22206    6.33303         18 0.0000e+00
     124002   5166.702    399.000     3.9651   3.260298     3.9650   3.261637      84.95     0.0136     2.8308     2.5248  1.9547517  1.1221001   48.97432  -45.87341    34.8802    34.8962     3.9366     3.9365    27.6976    27.7104    6.22734    6.33542         17 0.0000e+00
     124019   5167.406    398.000     3.9652   3.260252     3.9649   3.261585      73.40     0.0155     2.8316     2.5249  1.9536189  1.1221001   48.97432  -45.87342    34.8801    34.8962     3.9367     3.9365    27.6975    27.7104    6.22878    6.34235         17 0.0000e+00
     124036   5168.142    397.000     3.9652   3.260198     3.9650   3.261528      50.49     0.0160     2.8320     2.5253  1.9536020  1.1221001   48.97432  -45.87342    34.8800    34.8960     3.9368     3.9366    27.6975    27.7102    6.22529    6.34498         18 0.0000e+00
     124056   5168.938    396.000     3.9646   3.260096     3.9645   3.261425      89.98     0.0139     2.8329     2.5257  1.9541519  1.1220390   48.97432  -45.87342    34.8799    34.8958     3.9363     3.9362    27.6974    27.7101    6.23198    6.34749         20 0.0000e+00
     124077   5169.815    395.000     3.9633   3.259898     3.9628   3.261176      94.65     0.0119     2.8334     2.5265  1.9547695  1.1217662   48.97432  -45.87342    34.8795    34.8952     3.9351     3.9346    27.6972    27.7097    6.22564    6.35675         22 0.0000e+00
     124098   5170.708    394.000     3.9623   3.259722     3.9612   3.260948      46.73     0.0107     2.8339     2.5279  1.9542415  1.1220419   48.97432  -45.87342    34.8790    34.8947     3.9342     3.9331    27.6969    27.7095    6.23009    6.36189         21 0.0000e+00
     124118   5171.557    393.000     3.9610   3.259517     3.9604   3.260791      86.47     0.0117     2.8346     2.5287  1.9508150  1.1220998   48.97432  -45.87342    34.8784    34.8942     3.9330     3.9323    27.6966    27.7092    6.23059    6.35751         20 0.0000e+00
     124139   5172.396    392.000     3.9588   3.259223     3.9583   3.260518      95.57     0.0129     2.8350     2.5294  1.9509157  1.1221001   48.97432  -45.87342    34.8778    34.8937     3.9309     3.9303    27.6963    27.7090    6.23226    6.36448         20 0.0000e+00
     124159   5173.270    391.000     3.9567   3.258967     3.9552   3.260123      81.36     0.0140     2.8360     2.5308  1.9530447  1.1221001   48.97432  -45.87342    34.8775    34.8929     3.9289     3.9273    27.6963    27.7087    6.23537    6.36517         22 0.0000e+00
     124180   5174.126    390.000     3.9553   3.258746     3.9539   3.259945      48.28     0.0134     2.8362     2.5312  1.9536026  1.1221001   48.97432  -45.87342    34.8769    34.8927     3.9275     3.9261    27.6960    27.7087    6.23373    6.35992         19 0.0000e+00
     124199   5174.901    389.000     3.9542   3.258577     3.9533   3.259836      95.92     0.0151     2.8370     2.5317  1.9531919  1.1221001   48.97432  -45.87342    34.8766    34.8926     3.9265     3.9256    27.6958    27.7086    6.23582    6.35826         18 0.0000e+00
     124216   5175.643    388.000     3.9538   3.258483     3.9533   3.259773      95.57     0.0158     2.8375     2.5317  1.9519789  1.1221001   48.97432  -45.87342    34.8765    34.8923     3.9261     3.9257    27.6958    27.7084    6.22779    6.35260         18 0.0000e+00
     124235   5176.407    387.000     3.9536   3.258406     3.9533   3.259714      71.70     0.0127     2.8369     2.5316  1.9523757  1.1221001   48.97432  -45.87342    34.8764    34.8922     3.9260     3.9257    27.6957    27.7083    6.22886    6.35553         19 0.0000e+00
     124255   5177.249    386.000     3.9536   3.258350     3.9534   3.259669      59.41     0.0141     2.8380     2.5320  1.9531933  1.1211717   48.97432  -45.87342    34.8762    34.8921     3.9261     3.9259    27.6956    27.7082    6.23946    6.35312         21 0.0000e+00
     124276   5178.127    385.000     3.9538   3.258315     3.9536   3.259638      95.64     0.0149     2.8386     2.5317  1.9536029  1.1208786   48.97432  -45.87342    34.8761    34.8920     3.9264     3.9262    27.6954    27.7081    6.23214    6.34698         21 0.0000e+00
     124296   5178.975    384.000     3.9544   3.258304     3.9542   3.259626      95.58     0.0131     2.8384     2.5315  1.9524223  1.1208792   48.97432  -45.87342    34.8759    34.8918     3.9270     3.9268    27.6952    27.7078    6.22558    6.35184         19 0.0000e+00
     124315   5179.750    383.000     3.9557   3.258371     3.9557   3.259710      40.12     0.0129     2.8384     2.5320  1.9506381  1.1208792   48.97432  -45.87342    34.8758    34.8917     3.9284     3.9284    27.6950    27.7076    6.22753    6.35824         18 0.0000e+00
     124332   5180.474    382.000     3.9572   3.258463     3.9578   3.259860      81.35     0.0147     2.8383     2.5325  1.9508767  1.1208792   48.97432  -45.87342    34.8759    34.8918     3.9299     3.9305    27.6949    27.7075    6.23123    6.36284         17 0.0000e+00
     124350   5181.198    381.000     3.9580   3.258493     3.9586   3.259898      95.77     0.0164     2.8393     2.5335  1.9521266  1.1208792   48.97432  -45.87342    34.8760    34.8920     3.9308     3.9314    27.6948    27.7075    6.23701    6.36737         18 0.0000e+00
     124368   5181.951    380.000     3.9581   3.258448     3.9580   3.259763      95.58     0.0176     2.8398     2.5343  1.9523146  1.1208792   48.97432  -45.87342    34.8758    34.8916     3.9310     3.9309    27.6947    27.7073    6.23288    6.36435         19 0.0000e+00
     124388   5182.778    379.000     3.9578   3.258363     3.9575   3.259663      39.44     0.0205     2.8397     2.5347  1.9519222  1.1208792   48.97432  -45.87342    34.8756    34.8915     3.9308     3.9304    27.6946    27.7072    6.23046    6.36688         21 0.0000e+00
     124409   5183.683    378.000     3.9566   3.258179     3.9567   3.259545      93.51     0.0191     2.8405     2.5361  1.9505020  1.1208792   48.97432  -45.87342    34.8752    34.8914     3.9297     3.9298    27.6944    27.7072    6.23926    6.38082         22 0.0000e+00
     124433   5184.655    377.000     3.9542   3.257874     3.9540   3.259201      37.87     0.0189     2.8414     2.5377  1.9506527  1.1208792   48.97432  -45.87342    34.8747    34.8907     3.9274     3.9271    27.6942    27.7070    6.24294    6.37555         24 0.0000e+00
     124456   5185.625    376.000     3.9501   3.257361     3.9484   3.258531      52.82     0.0176     2.8426     2.5381  1.9511598  1.1208792   48.97432  -45.87342    34.8736    34.8892     3.9233     3.9217    27.6937    27.7063    6.25003    6.36866         23 0.0000e+00
     124478   5186.525    375.000     3.9461   3.256852     3.9429   3.257865      82.62     0.0155     2.8439     2.5384  1.9512213  1.1208792   48.97432  -45.87342    34.8723    34.8877     3.9194     3.9162    27.6931    27.7057    6.25669    6.37405         20 0.0000e+00
     124497   5187.335    374.000     3.9418   3.256315     3.9385   3.257343      92.37     0.0129     2.8453     2.5393  1.9500642  1.1208792   48.97432  -45.87342    34.8710    34.8867     3.9152     3.9119    27.6925    27.7054    6.26573    6.38483         19 0.0000e+00
     124516   5188.113    373.000     3.9377   3.255849     3.9358   3.256995      91.98     0.0137     2.8476     2.5404  1.9499408  1.1208792   48.97432  -45.87342    34.8703    34.8860     3.9112     3.9093    27.6924    27.7051    6.27073    6.38686         19 0.0000e+00
     124535   5188.903    372.000     3.9359   3.255616     3.9346   3.256826      30.32     0.0155     2.8484     2.5412  1.9505076  1.1208160   48.97431  -45.87342    34.8700    34.8857     3.9095     3.9082    27.6923    27.7050    6.25603    6.37910         19 0.0000e+00
     124555   5189.734    371.000     3.9344   3.255404     3.9336   3.256659      96.23     0.0172     2.8481     2.5413  1.9520245  1.1208797   48.97430  -45.87342    34.8696    34.8854     3.9081     3.9073    27.6921    27.7048    6.25365    6.37781         20 0.0000e+00
     124575   5190.577    370.000     3.9334   3.255259     3.9327   3.256527      95.57     0.0160     2.8494     2.5418  1.9519525  1.1208792   48.97430  -45.87342    34.8695    34.8853     3.9071     3.9064    27.6921    27.7048    6.25682    6.37876         20 0.0000e+00
     124595   5191.399    369.000     3.9327   3.255130     3.9322   3.256428      71.76     0.0116     2.8489     2.5419  1.9505439  1.1197146   48.97430  -45.87342    34.8692    34.8852     3.9065     3.9060    27.6920    27.7048    6.24764    6.38121         20 0.0000e+00
     124613   5192.187    368.000     3.9320   3.255002     3.9312   3.256283      51.75     0.0095     2.8491     2.5428  1.9506172  1.1196582   48.97430  -45.87342    34.8690    34.8851     3.9059     3.9051    27.6919    27.7048    6.25391    6.38566         18 0.0000e+00
     124631   5192.936    367.000     3.9306   3.254825     3.9294   3.256052      95.49     0.0106     2.8497     2.5431  1.9505496  1.1196581   48.97430  -45.87342    34.8689    34.8848     3.9046     3.9033    27.6919    27.7047    6.25773    6.38048         18 0.0000e+00
     124649   5193.647    366.000     3.9291   3.254610     3.9277   3.255818      95.57     0.0170     2.8500     2.5434  1.9503964  1.1196581   48.97430  -45.87342    34.8685    34.8844     3.9031     3.9017    27.6918    27.7046    6.25906    6.38625         16 0.0000e+00
     124665   5194.339    365.000     3.9278   3.254450     3.9271   3.255717      80.64     0.0172     2.8507     2.5441  1.9504421  1.1196581   48.97430  -45.87342    34.8684    34.8843     3.9020     3.9012    27.6919    27.7045    6.26194    6.39382         17 0.0000e+00
     124682   5195.052    364.000     3.9274   3.254352     3.9269   3.255663      30.23     0.0145     2.8512     2.5452  1.9502804  1.1196581   48.97430  -45.87344    34.8683    34.8844     3.9016     3.9011    27.6918    27.7046    6.26997    6.39217         18 0.0000e+00
     124701   5195.836    363.000     3.9271   3.254275     3.9266   3.255572      70.57     0.0127     2.8529     2.5456  1.9500064  1.1195985   48.97430  -45.87344    34.8682    34.8842     3.9014     3.9009    27.6917    27.7045    6.26465    6.38603         20 0.0000e+00
     124725   5196.815    362.000     3.9267   3.254179     3.9265   3.255512      95.13     0.0130     2.8526     2.5458  1.9497623  1.1192130   48.97430  -45.87344    34.8681    34.8841     3.9010     3.9008    27.6916    27.7045    6.25880    6.38499         27 0.0000e+00
