data/CTD/2013/CNV/U021A041.CNV
* Sea-Bird SBE 9 Data File:
* FileName = C:\CTD_ACQUISITION\2013021HUD\ctddata\021A041.hdr
* Software Version Seasave V 7.22.2
* Temperature SN = 5081
* Conductivity SN = 3561
* Number of Bytes Per Scan = 37
* Number of Voltage Words = 4
* Number of Scans Averaged by the Deck Unit = 1
* NMEA Latitude = 48 32.65 N
* NMEA Longitude = 046 46.20 W
* NMEA UTC (Time) = Jul 04 2013 01:12:23
* NMEA baud rate = 9600
** Ship: Hudson
** Cruise: HUD2013021
** Chief_Scientist: Greenan
** Organization: BIO
** Area_of_Operation: Sackville Spur
** Station: 41
** Sounding:  1896
** Event_Comments: SS06  393182
# nquan = 25
# nvalues = 2474                        
# units = specified
# name 0 = scan: Scan Count
# name 1 = timeS: Time, Elapsed [seconds]
# name 2 = prDM: Pressure, Digiquartz [db]
# name 3 = t068C: Temperature [ITS-68, deg C]
# name 4 = c0S/m: Conductivity [S/m]
# name 5 = t168C: Temperature, 2 [ITS-68, deg C]
# name 6 = c1S/m: Conductivity, 2 [S/m]
# name 7 = altM: Altimeter [m]
# name 8 = flCUVA: Fluorescence, Chelsea UV Aquatracka [ug/l]
# name 9 = sbeox0V: Oxygen raw, SBE 43 [V]
# name 10 = sbeox1V: Oxygen raw, SBE 43, 2 [V]
# name 11 = upoly0: Upoly 0, Optode 4330F - O2 D-Phase
# name 12 = upoly1: Upoly 1, Optode 4330F - O2 Temp
# name 13 = latitude: Latitude [deg]
# name 14 = longitude: Longitude [deg]
# name 15 = sal00: Salinity, Practical [PSU]
# name 16 = sal11: Salinity, Practical, 2 [PSU]
# name 17 = potemp068C: Potential Temperature [ITS-68, deg C]
# name 18 = potemp168C: Potential Temperature, 2 [ITS-68, deg C]
# name 19 = sigma-é00: Density [sigma-theta, Kg/m^3]
# name 20 = sigma-é11: Density, 2 [sigma-theta, Kg/m^3]
# name 21 = sbeox0ML/L: Oxygen, SBE 43 [ml/l], WS = 2
# name 22 = sbeox1ML/L: Oxygen, SBE 43, 2 [ml/l], WS = 2
# name 23 = nbin: number of scans per bin
# name 24 = flag: flag
# span 0 =      63446,     117047       
# span 1 =   2643.552,   4876.937       
# span 2 =      1.000,   2474.000       
# span 3 =     2.6820,     7.4000       
# span 4 =   3.135675,   3.446672       
# span 5 =     2.6810,     7.3971       
# span 6 =   3.136824,   3.447710       
# span 7 =     -12.78,     100.44       
# span 8 =     0.0032,     0.1799       
# span 9 =     2.1864,     3.3271       
# span 10 =     1.9658,     2.9714      
# span 11 =  1.7199652,  2.1098918      
# span 12 =  0.9596979,  1.5495608      
# span 13 =   48.54312,   48.54400      
# span 14 =  -46.77406,  -46.77266      
# span 15 =    33.6465,    34.9218      
# span 16 =    33.6591,    34.9388      
# span 17 =     2.4918,     7.3999      
# span 18 =     2.4910,     7.3970      
# span 19 =    26.2975,    27.8633      
# span 20 =    26.3078,    27.8772      
# span 21 =    5.89023,    7.23041      
# span 22 =    6.03746,    7.30603      
# span 23 =          7,        181      
# span 24 = 0.0000e+00, 0.0000e+00      
# interval = decibars: 1                
# start_time = Jul 04 2013 01:12:23 [NMEA time, header]
# bad_flag = -9.990e-29
*END*
[from data line 232]
      68768   2865.291   2242.000     2.8832   3.245217     2.8821   3.246552      76.04     0.0117     2.2392     2.0034  2.0952976  0.9841270   48.54338  -46.77352    34.9176    34.9348     2.7102     2.7090    27.8458    27.8596    5.94972    6.15644         20 0.0000e+00
      68793   2866.354   2241.000     2.8831   3.245166     2.8821   3.246508      85.37     0.0136     2.2393     2.0036  2.0963230  0.9841270   48.54338  -46.77352    34.9177    34.9348     2.7101     2.7091    27.8458    27.8596    5.94526    6.15730         33 0.0000e+00
      68831   2867.898   2240.000     2.8827   3.245080     2.8816   3.246423      91.07     0.0137     2.2396     2.0040  2.0963874  0.9841270   48.54338  -46.77352    34.9175    34.9348     2.7098     2.7087    27.8457    27.8596    5.94728    6.15753         34 0.0000e+00
      68856   2868.951   2239.000     2.8824   3.245021     2.8814   3.246360      55.60     0.0098     2.2401     2.0042  2.0964601  0.9841270   48.54338  -46.77352    34.9176    34.9347     2.7097     2.7086    27.8457    27.8595    5.95238    6.15695         20 0.0000e+00
      68874   2869.697   2238.000     2.8820   3.244943     2.8811   3.246304      96.72     0.0134     2.2401     2.0045  2.0958409  0.9841270   48.54338  -46.77352    34.9176    34.9348     2.7093     2.7084    27.8458    27.8597    5.94851    6.15805         16 0.0000e+00
      68890   2870.368   2237.000     2.8818   3.244887     2.8808   3.246238      72.29     0.0123     2.2408     2.0046  2.0952258  0.9841270   48.54338  -46.77352    34.9176    34.9348     2.7092     2.7082    27.8458    27.8597    5.95969    6.16076         16 0.0000e+00
      68906   2871.047   2236.000     2.8816   3.244833     2.8806   3.246177      74.06     0.0114     2.2413     2.0049  2.0952382  0.9841270   48.54338  -46.77352    34.9176    34.9348     2.7092     2.7081    27.8458    27.8597    5.95380    6.16429         17 0.0000e+00
      68924   2871.799   2235.000     2.8815   3.244785     2.8805   3.246124      72.20     0.0128     2.2411     2.0053  2.0952382  0.9841270   48.54338  -46.77352    34.9177    34.9348     2.7091     2.7080    27.8459    27.8597    5.95202    6.15971         20 0.0000e+00
      68946   2872.720   2234.000     2.8824   3.244833     2.8812   3.246151      95.14     0.0138     2.2420     2.0053  2.0952382  0.9841270   48.54337  -46.77352    34.9177    34.9348     2.7101     2.7088    27.8458    27.8596    5.95354    6.15515         25 0.0000e+00
      68974   2873.876   2233.000     2.8833   3.244853     2.8823   3.246202      69.68     0.0164     2.2420     2.0055  2.0960388  0.9841270   48.54336  -46.77352    34.9175    34.9347     2.7111     2.7100    27.8456    27.8594    5.94822    6.15552         29 0.0000e+00
      69002   2875.032   2232.000     2.8835   3.244822     2.8829   3.246213      89.09     0.0173     2.2416     2.0057  2.0964713  0.9841270   48.54336  -46.77354    34.9174    34.9347     2.7114     2.7107    27.8454    27.8593    5.93593    6.15630         25 0.0000e+00
      69023   2875.901   2231.000     2.8847   3.244888     2.8837   3.246241      64.10     0.0157     2.2423     2.0057  2.0943439  0.9841952   48.54336  -46.77354    34.9174    34.9347     2.7126     2.7116    27.8454    27.8593    5.95994    6.15229         18 0.0000e+00
      69039   2876.572   2230.000     2.8848   3.244865     2.8837   3.246214      96.58     0.0143     2.2426     2.0059  2.0943661  0.9842145   48.54336  -46.77354    34.9175    34.9348     2.7128     2.7117    27.8454    27.8593    5.94492    6.15410         14 0.0000e+00
      69053   2877.154   2229.000     2.8847   3.244824     2.8837   3.246176      96.18     0.0147     2.2419     2.0060  2.0938356  0.9842142   48.54336  -46.77352    34.9176    34.9348     2.7128     2.7118    27.8455    27.8594    5.94748    6.16028         14 0.0000e+00
      69066   2877.701   2228.000     2.8857   3.244875     2.8846   3.246216      84.31     0.0127     2.2432     2.0062  2.0949414  0.9843135   48.54336  -46.77353    34.9175    34.9349     2.7140     2.7127    27.8453    27.8593    5.94966    6.16028         13 0.0000e+00
      69079   2878.251   2227.000     2.8882   3.245042     2.8871   3.246396      58.86     0.0124     2.2424     2.0063  2.0936399  0.9846910   48.54336  -46.77354    34.9174    34.9349     2.7164     2.7153    27.8451    27.8591    5.94123    6.16159         13 0.0000e+00
      69094   2878.866   2226.000     2.8897   3.245152     2.8889   3.246516      61.93     0.0116     2.2426     2.0068  2.0946488  0.9847014   48.54336  -46.77354    34.9176    34.9348     2.7180     2.7172    27.8451    27.8589    5.94275    6.15703         17 0.0000e+00
      69115   2879.753   2225.000     2.8901   3.245149     2.8897   3.246542      91.56     0.0132     2.2427     2.0068  2.0927699  0.9846243   48.54336  -46.77354    34.9176    34.9348     2.7185     2.7181    27.8450    27.8588    5.93682    6.15230         30 0.0000e+00
      69170   2882.046   2224.000     2.8893   3.245035     2.8885   3.246388      75.71     0.0095     2.2427     2.0071  2.0921023  0.9850767   48.54336  -46.77354    34.9176    34.9347     2.7178     2.7169    27.8451    27.8588    5.94946    6.15374         53 0.0000e+00
      69195   2883.072   2223.000     2.8900   3.245041     2.8902   3.246494      96.55     0.0123     2.2437     2.0072  2.0921853  0.9853610   48.54336  -46.77354    34.9173    34.9346     2.7187     2.7187    27.8448    27.8586    5.95139    6.15274         16 0.0000e+00
      69209   2883.653   2222.000     2.8917   3.245163     2.8908   3.246518      96.28     0.0140     2.2436     2.0074  2.0921855  0.9849070   48.54336  -46.77354    34.9175    34.9347     2.7204     2.7194    27.8447    27.8586    5.94668    6.15198         14 0.0000e+00
      69222   2884.212   2221.000     2.8924   3.245185     2.8915   3.246533      84.97     0.0130     2.2439     2.0072  2.0918550  0.9841223   48.54336  -46.77354    34.9175    34.9347     2.7211     2.7300    27.8447    27.8585    5.95182    6.15760         13 0.0000e+00
      69235   2884.766   2220.000     2.8928   3.245185     2.8919   3.246544      50.31     0.0125     2.2441     2.0077  2.0917504  0.9841270   48.54336  -46.77354    34.9176    34.9348     2.7217     2.7208    27.8447    27.8586    5.94494    6.15743         14 0.0000e+00
      69250   2885.374   2219.000     2.8931   3.245174     2.8923   3.246536      71.60     0.0137     2.2442     2.0079  2.0918758  0.9842006   48.54336  -46.77354    34.9176    34.9348     2.7220     2.7212    27.8447    27.8585    5.94668    6.15199         16 0.0000e+00
      69269   2886.155   2218.000     2.8936   3.245187     2.8926   3.246522      59.01     0.0129     2.2445     2.0077  2.0950193  0.9850252   48.54336  -46.77354    34.9177    34.9348     2.7226     2.7215    27.8447    27.8585    5.95527    6.15305         23 0.0000e+00
      69302   2887.535   2217.000     2.8941   3.245185     2.8936   3.246574      76.47     0.0132     2.2451     2.0084  2.0938752  0.9852577   48.54336  -46.77354    34.9176    34.9348     2.7233     2.7227    27.8445    27.8584    5.94905    6.15980         41 0.0000e+00
      69336   2888.951   2216.000     2.8959   3.245282     2.8948   3.246634      94.94     0.0077     2.2461     2.0090  2.0915570  0.9853531   48.54335  -46.77354    34.9174    34.9347     2.7250     2.7240    27.8442    27.8582    5.96021    6.16211         23 0.0000e+00
      69355   2889.735   2215.000     2.8983   3.245458     2.8965   3.246742      94.99     0.0074     2.2464     2.0095  2.0934989  0.9853480   48.54334  -46.77354    34.9175    34.9347     2.7275     2.7257    27.8441    27.8580    5.95245    6.16072         17 0.0000e+00
      69370   2890.388   2214.000     2.8998   3.245560     2.8985   3.246871      68.78     0.0095     2.2464     2.0096  2.0948575  0.9853480   48.54334  -46.77354    34.9175    34.9347     2.7291     2.7277    27.8440    27.8578    5.95808    6.15660         15 0.0000e+00
      69385   2891.010   2213.000     2.9019   3.245716     2.9007   3.247042      68.60     0.0087     2.2472     2.0096  2.0944178  0.9853480   48.54334  -46.77354    34.9176    34.9348     2.7313     2.7300    27.8438    27.8577    5.95330    6.15594         15 0.0000e+00
      69401   2891.653   2212.000     2.9041   3.245876     2.9026   3.247176      96.47     0.0093     2.2470     2.0100  2.0932419  0.9853480   48.54334  -46.77354    34.9177    34.9349     2.7335     2.7320    27.8438    27.8576    5.94866    6.15703         16 0.0000e+00
      69418   2892.376   2211.000     2.9057   3.245970     2.9044   3.247289      96.20     0.0103     2.2475     2.0101  2.0924737  0.9853480   48.54334  -46.77354    34.9177    34.9348     2.7351     2.7338    27.8436    27.8574    5.95218    6.15610         19 0.0000e+00
      69438   2893.226   2210.000     2.9074   3.246074     2.9060   3.247390      77.94     0.0116     2.2475     2.0102  2.0922420  0.9853480   48.54334  -46.77354    34.9175    34.9348     2.7369     2.7355    27.8433    27.8573    5.94797    6.14680         22 0.0000e+00
      69460   2894.137   2209.000     2.9085   3.246130     2.9079   3.247525      76.59     0.0106     2.2477     2.0100  2.0921555  0.9863501   48.54334  -46.77354    34.9175    34.9349     2.7381     2.7375    27.8432    27.8571    5.95575    6.14332         21 0.0000e+00
      69481   2894.993   2208.000     2.9099   3.246221     2.9097   3.247639      95.40     0.0113     2.2487     2.0101  2.0924342  0.9864486   48.54334  -46.77354    34.9176    34.9348     2.7396     2.7393    27.8431    27.8569    5.95887    6.14846         20 0.0000e+00
      69501   2895.822   2207.000     2.9118   3.246346     2.9114   3.247753      94.17     0.0114     2.2488     2.0102  2.0927336  0.9865673   48.54334  -46.77354    34.9176    34.9349     2.7416     2.7411    27.8429    27.8568    5.95197    6.15240         21 0.0000e+00
      69523   2896.753   2206.000     2.9133   3.246450     2.9125   3.247816      63.64     0.0112     2.2490     2.0105  2.0919967  0.9865690   48.54334  -46.77354    34.9177    34.9349     2.7431     2.7423    27.8429    27.8567    5.94751    6.15479         25 0.0000e+00
      69552   2897.949   2205.000     2.9142   3.246479     2.9132   3.247824      95.75     0.0107     2.2493     2.0110  2.0920861  0.9872333   48.54334  -46.77354    34.9176    34.9348     2.7441     2.7430    27.8427    27.8565    5.94464    6.15504         31 0.0000e+00
      69580   2899.116   2204.000     2.9155   3.246552     2.9141   3.247863      84.77     0.0107     2.2488     2.0114  2.0919428  0.9876420   48.54332  -46.77354    34.9176    34.9347     2.7454     2.7441    27.8426    27.8564    5.94029    6.15150         23 0.0000e+00
      69600   2899.963   2203.000     2.9200   3.246913     2.9176   3.248121      63.11     0.0120     2.2491     2.0114  2.0917735  0.9876550   48.54332  -46.77354    34.9175    34.9346     2.7500     2.7475    27.8421    27.8560    5.94088    6.15253         18 0.0000e+00
      69617   2900.681   2202.000     2.9225   3.247092     2.9217   3.248434      96.82     0.0110     2.2494     2.0116  2.0917175  0.9877927   48.54332  -46.77354    34.9176    34.9345     2.7525     2.7517    27.8419    27.8556    5.93863    6.15111         17 0.0000e+00
      69634   2901.382   2201.000     2.9244   3.247228     2.9236   3.248592      96.20     0.0120     2.2484     2.0118  2.0916462  0.9877900   48.54332  -46.77354    34.9176    34.9348     2.7545     2.7537    27.8418    27.8556    5.94310    6.14824         17 0.0000e+00
      69652   2902.109   2200.000     2.9264   3.247365     2.9255   3.248715      87.60     0.0124     2.2497     2.0118  2.0917113  0.9877900   48.54332  -46.77354    34.9176    34.9348     2.7566     2.7556    27.8416    27.8554    5.96165    6.15043         18 0.0000e+00
      69670   2902.891   2199.000     2.9283   3.247484     2.9270   3.248817      62.12     0.0128     2.2503     2.0123  2.0917580  0.9877900   48.54332  -46.77354    34.9176    34.9349     2.7585     2.7572    27.8414    27.8554    5.95264    6.16323         20 0.0000e+00
      69690   2903.728   2198.000     2.9298   3.247572     2.9285   3.248901      94.00     0.0127     2.2503     2.0129  2.0918193  0.9883994   48.54332  -46.77354    34.9175    34.9348     2.7601     2.7588    27.8412    27.8551    5.93879    6.16007         20 0.0000e+00
      69712   2904.620   2197.000     2.9303   3.247583     2.9298   3.248976      42.32     0.0110     2.2502     2.0132  2.0917876  0.9889547   48.54331  -46.77354    34.9175    34.9348     2.7607     2.7601    27.8412    27.8550    5.95369    6.15264         23 0.0000e+00
      69735   2905.592   2196.000     2.9319   3.247694     2.9309   3.249030      60.35     0.0131     2.2515     2.0134  2.0920801  0.9890103   48.54330  -46.77354    34.9177    34.9347     2.7623     2.7613    27.8411    27.8549    5.95199    6.14734         24 0.0000e+00
      69759   2906.590   2195.000     2.9325   3.247698     2.9314   3.249045      94.33     0.0145     2.2512     2.0134  2.0923734  0.9890110   48.54330  -46.77354    34.9176    34.9348     2.7630     2.7619    27.8410    27.8549    5.94634    6.14355         23 0.0000e+00
      69780   2907.459   2194.000     2.9330   3.247710     2.9320   3.249053      88.37     0.0115     2.2520     2.0133  2.0919604  0.9890110   48.54330  -46.77354    34.9176    34.9347     2.7637     2.7626    27.8410    27.8548    5.94374    6.14253         19 0.0000e+00
      69797   2908.179   2193.000     2.9338   3.247735     2.9328   3.249078      83.22     0.0087     2.2510     2.0132  2.0919566  0.9890110   48.54330  -46.77354    34.9175    34.9347     2.7645     2.7635    27.8408    27.8546    5.93709    6.14353         16 0.0000e+00
      69813   2908.814   2192.000     2.9342   3.247730     2.9334   3.249081      49.90     0.0091     2.2517     2.0134  2.0917490  0.9890110   48.54330  -46.77355    34.9175    34.9346     2.7650     2.7641    27.8408    27.8545    5.95204    6.14169         14 0.0000e+00
      69827   2909.411   2191.000     2.9344   3.247706     2.9335   3.249066      94.61     0.0108     2.2522     2.0132  2.0918188  0.9890110   48.54330  -46.77356    34.9176    34.9347     2.7652     2.7644    27.8408    27.8546    5.95026    6.13731         15 0.0000e+00
      69842   2910.034   2190.000     2.9344   3.247672     2.9335   3.249025      96.25     0.0094     2.2519     2.0130  2.0917389  0.9898148   48.54330  -46.77356    34.9176    34.9348     2.7654     2.7644    27.8408    27.8546    5.94268    6.14098         15 0.0000e+00
      69859   2910.755   2189.000     2.9345   3.247641     2.9336   3.248996      96.21     0.0117     2.2524     2.0133  2.0916383  0.9899246   48.54330  -46.77355    34.9176    34.9348     2.7655     2.7646    27.8408    27.8546    5.94381    6.14828         20 0.0000e+00
      69889   2912.005   2188.000     2.9345   3.247604     2.9337   3.248969      78.97     0.0132     2.2523     2.0139  2.0916052  0.9900578   48.54330  -46.77354    34.9176    34.9349     2.7657     2.7648    27.8408    27.8546    5.94122    6.15240         46 0.0000e+00
      69939   2914.068   2187.000     2.9348   3.247565     2.9337   3.248906      90.07     0.0075     2.2530     2.0146  2.0917304  0.9902541   48.54328  -46.77354    34.9173    34.9346     2.7660     2.7649    27.8405    27.8544    5.94814    6.14482         35 0.0000e+00
      69960   2914.977   2186.000     2.9349   3.247544     2.9338   3.248881      46.79     0.0094     2.2528     2.0145  2.0917034  0.9902320   48.54328  -46.77356    34.9174    34.9346     2.7662     2.7651    27.8406    27.8544    5.94442    6.14299         19 0.0000e+00
