data/CTD/2013/CNV/U021A031.CNV
* Sea-Bird SBE 9 Data File:
* FileName = C:\CTD_ACQUISITION\2013021HUD\ctddata\021A031.hdr
* Software Version Seasave V 7.22.2
* Temperature SN = 5081
* Conductivity SN = 3561
* Number of Bytes Per Scan = 37
* Number of Voltage Words = 4
* Number of Scans Averaged by the Deck Unit = 1
* NMEA Latitude = 48 06.04 N
* NMEA Longitude = 046 18.73 W
* NMEA UTC (Time) = Jul 03 2013 05:51:30
* NMEA baud rate = 9600
** Ship: Hudson
** Cruise: HUD2013021
** Chief_Scientist: Greenan
** Organization: BIO
** Area_of_Operation: Sackville Spur
** Station: 31
** Sounding:  1179
** Event_Comments: SS15  393147
# nquan = 25
# nvalues = 1164                        
# units = specified
# name 0 = scan: Scan Count
# name 1 = timeS: Time, Elapsed [seconds]
# name 2 = prDM: Pressure, Digiquartz [db]
# name 3 = t068C: Temperature [ITS-68, deg C]
# name 4 = c0S/m: Conductivity [S/m]
# name 5 = t168C: Temperature, 2 [ITS-68, deg C]
# name 6 = c1S/m: Conductivity, 2 [S/m]
# name 7 = altM: Altimeter [m]
# name 8 = flCUVA: Fluorescence, Chelsea UV Aquatracka [ug/l]
# name 9 = sbeox0V: Oxygen raw, SBE 43 [V]
# name 10 = sbeox1V: Oxygen raw, SBE 43, 2 [V]
# name 11 = upoly0: Upoly 0, Optode 4330F - O2 D-Phase
# name 12 = upoly1: Upoly 1, Optode 4330F - O2 Temp
# name 13 = latitude: Latitude [deg]
# name 14 = longitude: Longitude [deg]
# name 15 = sal00: Salinity, Practical [PSU]
# name 16 = sal11: Salinity, Practical, 2 [PSU]
# name 17 = potemp068C: Potential Temperature [ITS-68, deg C]
# name 18 = potemp168C: Potential Temperature, 2 [ITS-68, deg C]
# name 19 = sigma-é00: Density [sigma-theta, Kg/m^3]
# name 20 = sigma-é11: Density, 2 [sigma-theta, Kg/m^3]
# name 21 = sbeox0ML/L: Oxygen, SBE 43 [ml/l], WS = 2
# name 22 = sbeox1ML/L: Oxygen, SBE 43, 2 [ml/l], WS = 2
# name 23 = nbin: number of scans per bin
# name 24 = flag: flag
# span 0 =      39950,      72019       
# span 1 =   1664.551,   3000.749       
# span 2 =      1.000,   1164.000       
# span 3 =     0.6082,     6.2039       
# span 4 =   2.857736,   3.277677       
# span 5 =     0.6084,     6.2016       
# span 6 =   2.858770,   3.279025       
# span 7 =       2.72,     101.54       
# span 8 =     0.0037,     0.3072       
# span 9 =     2.5132,     3.4089       
# span 10 =     2.2582,     3.0473      
# span 11 =  1.7277797,  2.0316876      
# span 12 =  0.7252041,  1.4034094      
# span 13 =   48.10064,   48.10162      
# span 14 =  -46.31454,  -46.31354      
# span 15 =    32.8863,    34.9132      
# span 16 =    32.9021,    34.9298      
# span 17 =     0.6062,     6.2037      
# span 18 =     0.6064,     6.2015      
# span 19 =    25.8581,    27.7543      
# span 20 =    25.8704,    27.7675      
# span 21 =    5.90068,    8.06898      
# span 22 =    6.08203,    8.26277      
# span 23 =          8,        340      
# span 24 = 0.0000e+00, 0.0000e+00      
# interval = decibars: 1                
# start_time = Jul 03 2013 05:51:30 [NMEA time, header]
# bad_flag = -9.990e-29
*END*
[from data line 290]
      48791   2032.904    874.000     3.8663   3.273852     3.8655   3.275179      96.24     0.0147     2.6622     2.3805  1.9800551  1.1074481   48.10094  -46.31424    34.8963    34.9128     3.8013     3.8005    27.7244    27.7376    6.12855    6.27895          9 0.0000e+00
      48800   2033.287    873.000     3.8663   3.273816     3.8658   3.275146      87.23     0.0137     2.6622     2.3807  1.9801910  1.1074481   48.10094  -46.31424    34.8964    34.9126     3.8014     3.8009    27.7244    27.7374    6.12739    6.28018          9 0.0000e+00
      48810   2033.706    872.000     3.8662   3.273752     3.8652   3.275035      83.15     0.0108     2.6630     2.3808  1.9798003  1.1074481   48.10094  -46.31423    34.8962    34.9124     3.8014     3.8004    27.7243    27.7373    6.12341    6.27953         11 0.0000e+00
      48822   2034.205    871.000     3.8656   3.273647     3.8637   3.274825      95.21     0.0101     2.6626     2.3810  1.9799929  1.1074481   48.10094  -46.31422    34.8961    34.9121     3.8008     3.7990    27.7243    27.7372    6.11995    6.28045         13 0.0000e+00
      48840   2034.940    870.000     3.8648   3.273533     3.8627   3.274683      96.09     0.0128     2.6628     2.3812  1.9799943  1.1074904   48.10094  -46.31422    34.8961    34.9119     3.8002     3.7981    27.7243    27.7371    6.11683    6.27960         26 0.0000e+00
      48951   2039.583    869.000     3.8650   3.273502     3.8646   3.274841      96.17     0.0140     2.6631     2.3824  1.9798301  1.1075039   48.10096  -46.31422    34.8960    34.9123     3.8004     3.8000    27.7243    27.7373    6.12458    6.27840         23 0.0000e+00
      49000   2041.626    868.000     3.8650   3.273435     3.8639   3.274708      96.37     0.0154     2.6641     2.3834  1.9812193  1.1074485   48.10098  -46.31422    34.8957    34.9120     3.8006     3.7994    27.7240    27.7371    6.14424    6.27909          8 0.0000e+00
      49009   2042.006    867.000     3.8649   3.273381     3.8633   3.274604      96.36     0.0147     2.6652     2.3830  1.9800371  1.1074481   48.10100  -46.31424    34.8957    34.9119     3.8005     3.7989    27.7240    27.7371    6.15008    6.27764          9 0.0000e+00
      49018   2042.378    866.000     3.8647   3.273321     3.8632   3.274554      95.10     0.0111     2.6660     2.3827  1.9803308  1.1074481   48.10100  -46.31424    34.8958    34.9120     3.8003     3.7989    27.7241    27.7371    6.14742    6.27544          9 0.0000e+00
      49028   2042.787    865.000     3.8642   3.273229     3.8632   3.274510      95.66     0.0106     2.6665     2.3829  1.9781579  1.1074481   48.10100  -46.31424    34.8957    34.9120     3.8000     3.7990    27.7240    27.7371    6.14465    6.27911         11 0.0000e+00
      49039   2043.259    864.000     3.8624   3.272990     3.8612   3.274257      95.94     0.0115     2.6668     2.3831  1.9780247  1.1074481   48.10100  -46.31424    34.8954    34.9116     3.7982     3.7970    27.7239    27.7370    6.13837    6.28435         12 0.0000e+00
      49054   2043.856    863.000     3.8614   3.272846     3.8568   3.273738      95.81     0.0146     2.6675     2.3834  1.9780915  1.1074481   48.10100  -46.31423    34.8952    34.9106     3.7973     3.7928    27.7239    27.7366    6.14022    6.28851         17 0.0000e+00
      49125   2046.829    862.000     3.8586   3.272499     3.8574   3.273751      96.19     0.0097     2.6689     2.3859  1.9796854  1.1071012   48.10100  -46.31420    34.8945    34.9106     3.7947     3.7934    27.7236    27.7366    6.13257    6.29856         64 0.0000e+00
      49192   2049.641    861.000     3.8569   3.272227     3.8563   3.273576      96.04     0.0130     2.6689     2.3883  1.9781393  1.1062396   48.10101  -46.31420    34.8937    34.9102     3.7930     3.7924    27.7231    27.7364    6.13978    6.30356         12 0.0000e+00
      49205   2050.170    860.000     3.8579   3.272302     3.8563   3.273541      59.45     0.0134     2.6693     2.3886  1.9780213  1.1062272   48.10102  -46.31420    34.8940    34.9103     3.7941     3.7925    27.7233    27.7364    6.13951    6.29870         11 0.0000e+00
      49217   2050.647    859.000     3.8586   3.272339     3.8571   3.273570      72.95     0.0137     2.6697     2.3886  1.9780220  1.1067368   48.10102  -46.31419    34.8942    34.9104     3.7949     3.7934    27.7234    27.7364    6.13393    6.29301         12 0.0000e+00
      49228   2051.133    858.000     3.8588   3.272306     3.8580   3.273591      95.47     0.0159     2.6694     2.3886  1.9780220  1.1067359   48.10102  -46.31418    34.8941    34.9102     3.7951     3.7943    27.7233    27.7362    6.13639    6.28829         12 0.0000e+00
      49240   2051.642    857.000     3.8591   3.272265     3.8588   3.273602      95.74     0.0154     2.6702     2.3884  1.9780220  1.1067359   48.10102  -46.31418    34.8938    34.9100     3.7956     3.7952    27.7230    27.7359    6.14265    6.28333         12 0.0000e+00
      49254   2052.209    856.000     3.8589   3.272186     3.8579   3.273433      96.02     0.0129     2.6704     2.3882  1.9780220  1.1067156   48.10102  -46.31418    34.8936    34.9094     3.7955     3.7945    27.7228    27.7355    6.14664    6.27903         15 0.0000e+00
      49273   2052.982    855.000     3.8584   3.272068     3.8571   3.273285      96.29     0.0151     2.6715     2.3876  1.9780220  1.1073960   48.10104  -46.31418    34.8933    34.9091     3.7950     3.7937    27.7226    27.7353    6.14068    6.27938         25 0.0000e+00
      49362   2056.700    854.000     3.8580   3.271993     3.8578   3.273392      66.01     0.0105     2.6730     2.3890  1.9764169  1.1072341   48.10108  -46.31416    34.8933    34.9101     3.7947     3.7945    27.7227    27.7361    6.14669    6.29852         48 0.0000e+00
      49410   2058.727    853.000     3.8579   3.271925     3.8576   3.273315      79.15     0.0124     2.6749     2.3904  1.9758469  1.1067917   48.10114  -46.31417    34.8931    34.9099     3.7947     3.7944    27.7225    27.7359    6.15925    6.29156         17 0.0000e+00
      49426   2059.387    852.000     3.8581   3.271912     3.8576   3.273252      96.54     0.0111     2.6758     2.3901  1.9763055  1.1064365   48.10112  -46.31416    34.8933    34.9097     3.7949     3.7944    27.7227    27.7358    6.14850    6.29155         17 0.0000e+00
      49442   2060.047    851.000     3.8580   3.271864     3.8574   3.273173      96.30     0.0125     2.6757     2.3902  1.9757379  1.1064715   48.10114  -46.31416    34.8933    34.9095     3.7949     3.7943    27.7227    27.7356    6.14927    6.29865         15 0.0000e+00
      49458   2060.688    850.000     3.8575   3.271739     3.8566   3.273022      94.60     0.0109     2.6759     2.3908  1.9756563  1.1071429   48.10115  -46.31416    34.8929    34.9090     3.7945     3.7936    27.7224    27.7353    6.14504    6.30696         16 0.0000e+00
      49474   2061.364    849.000     3.8569   3.271609     3.8560   3.272875      91.58     0.0131     2.6763     2.3916  1.9750863  1.1074433   48.10116  -46.31416    34.8925    34.9084     3.7940     3.7931    27.7221    27.7349    6.14564    6.30998         17 0.0000e+00
      49496   2062.291    848.000     3.8568   3.271538     3.8563   3.272833      95.55     0.0138     2.6764     2.3923  1.9754295  1.1074481   48.10116  -46.31416    34.8923    34.9082     3.7940     3.7934    27.7220    27.7347    6.14714    6.30707         31 0.0000e+00
      49555   2064.752    847.000     3.8568   3.271523     3.8566   3.272902      96.45     0.0161     2.6773     2.3932  1.9756827  1.1074481   48.10114  -46.31414    34.8926    34.9092     3.7941     3.7939    27.7222    27.7354    6.15014    6.30036         61 0.0000e+00
      49585   2065.997    846.000     3.8570   3.271490     3.8569   3.272855      96.35     0.0133     2.6778     2.3942  1.9756380  1.1074481   48.10114  -46.31414    34.8925    34.9089     3.7944     3.7942    27.7221    27.7351    6.14853    6.31667         21 0.0000e+00
      49607   2066.896    845.000     3.8571   3.271444     3.8571   3.272809      96.31     0.0128     2.6782     2.3948  1.9750106  1.1073962   48.10114  -46.31414    34.8924    34.9086     3.7945     3.7945    27.7220    27.7348    6.15944    6.31132         23 0.0000e+00
      49632   2067.941    844.000     3.8576   3.271425     3.8577   3.272806      96.27     0.0092     2.6793     2.3955  1.9749284  1.1074041   48.10114  -46.31414    34.8922    34.9084     3.7951     3.7952    27.7218    27.7346    6.15686    6.31092         28 0.0000e+00
      49670   2069.537    843.000     3.8587   3.271462     3.8590   3.272859      96.25     0.0140     2.6804     2.3963  1.9758538  1.1074504   48.10115  -46.31413    34.8920    34.9082     3.7963     3.7966    27.7215    27.7343    6.16082    6.31465         43 0.0000e+00
      49701   2070.838    842.000     3.8603   3.271533     3.8598   3.272872      95.96     0.0148     2.6814     2.3974  1.9751189  1.1080902   48.10115  -46.31409    34.8916    34.9081     3.7979     3.7974    27.7210    27.7341    6.16260    6.31389         20 0.0000e+00
      49717   2071.514    841.000     3.8610   3.271555     3.8609   3.272929      96.18     0.0131     2.6818     2.3975  1.9747586  1.1082660   48.10112  -46.31408    34.8917    34.9081     3.7987     3.7986    27.7210    27.7341    6.15660    6.30940         15 0.0000e+00
      49731   2072.087    840.000     3.8617   3.271573     3.8613   3.272916      96.11     0.0111     2.6813     2.3974  1.9748290  1.1082937   48.10112  -46.31408    34.8917    34.9080     3.7995     3.7991    27.7209    27.7339    6.15249    6.31097         13 0.0000e+00
      49744   2072.618    839.000     3.8620   3.271560     3.8616   3.272891      96.23     0.0099     2.6825     2.3977  1.9750142  1.1083863   48.10112  -46.31408    34.8917    34.9079     3.7999     3.7994    27.7208    27.7338    6.15763    6.31209         13 0.0000e+00
      49756   2073.143    838.000     3.8623   3.271540     3.8618   3.272858      95.95     0.0076     2.6821     2.3982  1.9748685  1.1085664   48.10112  -46.31406    34.8917    34.9079     3.8002     3.7997    27.7208    27.7338    6.15029    6.30889         12 0.0000e+00
      49770   2073.712    837.000     3.8623   3.271501     3.8618   3.272831      96.19     0.0075     2.6825     2.3979  1.9749291  1.1086698   48.10112  -46.31406    34.8917    34.9080     3.8004     3.7999    27.7208    27.7338    6.15167    6.30052         15 0.0000e+00
      49787   2074.428    836.000     3.8623   3.271459     3.8618   3.272787      96.16     0.0112     2.6819     2.3976  1.9751632  1.1083342   48.10111  -46.31405    34.8918    34.9080     3.8004     3.7999    27.7209    27.7338    6.15346    6.29772         21 0.0000e+00
      49828   2076.139    835.000     3.8619   3.271385     3.8613   3.272704      75.27     0.0106     2.6836     2.3980  1.9743278  1.1079632   48.10103  -46.31397    34.8918    34.9080     3.8001     3.7995    27.7210    27.7339    6.16463    6.31133         64 0.0000e+00
      49882   2078.392    834.000     3.8617   3.271318     3.8611   3.272641      97.09     0.0109     2.6851     2.3997  1.9730459  1.1077533   48.10104  -46.31398    34.8917    34.9080     3.8000     3.7994    27.7209    27.7339    6.16206    6.31517         35 0.0000e+00
      49911   2079.568    833.000     3.8617   3.271253     3.8612   3.272588      89.27     0.0108     2.6859     2.3998  1.9729809  1.1074359   48.10104  -46.31395    34.8915    34.9079     3.8000     3.7995    27.7207    27.7338    6.16565    6.30827         24 0.0000e+00
      49931   2080.420    832.000     3.8615   3.271194     3.8610   3.272512      95.59     0.0124     2.6857     2.3999  1.9734908  1.1074481   48.10102  -46.31394    34.8915    34.9077     3.8000     3.7994    27.7207    27.7337    6.16094    6.31267         18 0.0000e+00
      49947   2081.089    831.000     3.8608   3.271063     3.8599   3.272342      95.83     0.0126     2.6865     2.4003  1.9743667  1.1076124   48.10104  -46.31394    34.8912    34.9074     3.7994     3.7984    27.7205    27.7335    6.16005    6.31835         15 0.0000e+00
      49962   2081.697    830.000     3.8601   3.270937     3.8595   3.272250      95.99     0.0101     2.6858     2.4007  1.9743589  1.1074455   48.10104  -46.31394    34.8910    34.9072     3.7987     3.7981    27.7204    27.7334    6.15821    6.31764         14 0.0000e+00
      49976   2082.292    829.000     3.8593   3.270776     3.8584   3.272080      95.66     0.0127     2.6865     2.4010  1.9741961  1.1076109   48.10104  -46.31394    34.8905    34.9069     3.7980     3.7971    27.7201    27.7332    6.16353    6.31502         15 0.0000e+00
      49991   2082.916    828.000     3.8570   3.270481     3.8561   3.271779      95.48     0.0134     2.6868     2.4012  1.9731400  1.1085858   48.10104  -46.31394    34.8899    34.9062     3.7958     3.7949    27.7199    27.7330    6.16368    6.30987         15 0.0000e+00
      50007   2083.601    827.000     3.8552   3.270246     3.8540   3.271498      95.47     0.0117     2.6870     2.4012  1.9731380  1.1084661   48.10104  -46.31394    34.8895    34.9056     3.7941     3.7929    27.7197    27.7327    6.16564    6.31061         18 0.0000e+00
      50027   2084.430    826.000     3.8547   3.270148     3.8530   3.271345      95.90     0.0105     2.6876     2.4015  1.9728299  1.1080978   48.10106  -46.31396    34.8894    34.9054     3.7937     3.7920    27.7197    27.7326    6.17233    6.31977         23 0.0000e+00
      50059   2085.736    825.000     3.8546   3.270097     3.8528   3.271270      95.84     0.0122     2.6888     2.4024  1.9727300  1.1075276   48.10127  -46.31411    34.8895    34.9053     3.7936     3.7918    27.7197    27.7325    6.17195    6.32055         44 0.0000e+00
      50105   2087.668    824.000     3.8554   3.270140     3.8541   3.271365      95.66     0.0119     2.6906     2.4043  1.9731692  1.1075879   48.10134  -46.31416    34.8896    34.9055     3.7945     3.7932    27.7198    27.7326    6.18360    6.33458         37 0.0000e+00
      50137   2088.995    823.000     3.8556   3.270107     3.8537   3.271253      96.21     0.0090     2.6916     2.4053  1.9710430  1.1074523   48.10126  -46.31408    34.8896    34.9052     3.7948     3.7929    27.7197    27.7323    6.17406    6.32961         35 0.0000e+00
      50175   2090.563    822.000     3.8576   3.270278     3.8542   3.271244      95.70     0.0136     2.6923     2.4064  1.9712297  1.1074481   48.10111  -46.31398    34.8899    34.9050     3.7969     3.7964    27.7197    27.7321    6.17357    6.33318         35 0.0000e+00
      50200   2091.637    821.000     3.8554   3.269963     3.8539   3.271152      96.00     0.0180     2.6925     2.4077  1.9709598  1.1074481   48.10112  -46.31395    34.8891    34.9048     3.7947     3.7931    27.7193    27.7320    6.17212    6.33868         18 0.0000e+00
      50216   2092.302    820.000     3.8540   3.269745     3.8534   3.271062      96.26     0.0157     2.6925     2.4076  1.9709398  1.1074481   48.10112  -46.31398    34.8885    34.9048     3.7934     3.7928    27.7190    27.7320    6.17569    6.33497         15 0.0000e+00
      50230   2092.861    819.000     3.8537   3.269666     3.8533   3.270995      95.84     0.0173     2.6930     2.4083  1.9704871  1.1082717   48.10112  -46.31398    34.8884    34.9046     3.7933     3.7928    27.7189    27.7319    6.18066    6.33487         12 0.0000e+00
      50242   2093.379    818.000     3.8537   3.269610     3.8532   3.270943      73.85     0.0198     2.6938     2.4086  1.9700350  1.1084830   48.10112  -46.31398    34.8883    34.9046     3.7933     3.7928    27.7188    27.7319    6.17569    6.33606         13 0.0000e+00
