data/CTD/2013/CNV/U021A010.CNV
* Sea-Bird SBE 9 Data File:
* FileName = C:\CTD_ACQUISITION\2013021HUD\ctddata\021A010.hdr
* Software Version Seasave V 7.22.2
* Temperature SN = 5081
* Conductivity SN = 3561
* Number of Bytes Per Scan = 37
* Number of Voltage Words = 4
* Number of Scans Averaged by the Deck Unit = 1
* NMEA Latitude = 46 59.91 N
* NMEA Longitude = 047 29.66 W
* NMEA UTC (Time) = Jul 01 2013 18:46:23
* NMEA baud rate = 9600
** Ship: Hudson
** Cruise: HUD2013021
** Chief_Scientist: Greenan
** Organization: BIO
** Area_of_Operation: Sackville Spur
** Station: 10
** Sounding:  220
** Event_Comments: FC14  393107
# nquan = 25
# nvalues = 211                         
# units = specified
# name 0 = scan: Scan Count
# name 1 = timeS: Time, Elapsed [seconds]
# name 2 = prDM: Pressure, Digiquartz [db]
# name 3 = t068C: Temperature [ITS-68, deg C]
# name 4 = c0S/m: Conductivity [S/m]
# name 5 = t168C: Temperature, 2 [ITS-68, deg C]
# name 6 = c1S/m: Conductivity, 2 [S/m]
# name 7 = altM: Altimeter [m]
# name 8 = flCUVA: Fluorescence, Chelsea UV Aquatracka [ug/l]
# name 9 = sbeox0V: Oxygen raw, SBE 43 [V]
# name 10 = sbeox1V: Oxygen raw, SBE 43, 2 [V]
# name 11 = upoly0: Upoly 0, Optode 4330F - O2 D-Phase
# name 12 = upoly1: Upoly 1, Optode 4330F - O2 Temp
# name 13 = latitude: Latitude [deg]
# name 14 = longitude: Longitude [deg]
# name 15 = sal00: Salinity, Practical [PSU]
# name 16 = sal11: Salinity, Practical, 2 [PSU]
# name 17 = potemp068C: Potential Temperature [ITS-68, deg C]
# name 18 = potemp168C: Potential Temperature, 2 [ITS-68, deg C]
# name 19 = sigma-é00: Density [sigma-theta, Kg/m^3]
# name 20 = sigma-é11: Density, 2 [sigma-theta, Kg/m^3]
# name 21 = sbeox0ML/L: Oxygen, SBE 43 [ml/l], WS = 2
# name 22 = sbeox1ML/L: Oxygen, SBE 43, 2 [ml/l], WS = 2
# name 23 = nbin: number of scans per bin
# name 24 = flag: flag
# span 0 =      15490,      22722       
# span 1 =    645.366,    946.705       
# span 2 =      1.000,    211.000       
# span 3 =    -0.8283,     6.5095       
# span 4 =   2.684091,   3.241838       
# span 5 =    -0.8391,     6.5013       
# span 6 =   2.684200,   3.243178       
# span 7 =       3.14,      98.73       
# span 8 =     0.0162,     0.2037       
# span 9 =     2.5394,     3.4142       
# span 10 =     2.2947,     3.1119      
# span 11 =  1.7197647,  2.1587155      
# span 12 =  0.5323595,  1.4323000      
# span 13 =   46.99770,   46.99814      
# span 14 =  -47.49312,  -47.49290      
# span 15 =    32.3186,    34.0185      
# span 16 =    32.3341,    34.0600      
# span 17 =    -0.8298,     6.5093      
# span 18 =    -0.8406,     6.5012      
# span 19 =    25.3711,    27.2047      
# span 20 =    25.3844,    27.2344      
# span 21 =    5.64698,    8.42432      
# span 22 =    5.87111,    8.91874      
# span 23 =         13,         87      
# span 24 = 0.0000e+00, 0.0000e+00      
# interval = decibars: 1                
# start_time = Jul 01 2013 18:46:23 [NMEA time, header]
# bad_flag = -9.990e-29
*END*
[from data line 116]
      19398    808.210     95.000    -0.4403   2.733781    -0.4582   2.732968      98.36     0.0162     3.0142     2.7364  1.9580144  0.5925627   46.99802  -47.49312    33.1692    33.1780    -0.4431    -0.4610    26.6483    26.6562    7.43293    7.69925         25 0.0000e+00
      19420    809.124     94.000    -0.5345   2.724068    -0.5431   2.724261      44.01     0.0165     3.0151     2.7367  1.9575610  0.5906162   46.99802  -47.49312    33.1375    33.1548    -0.5372    -0.5458    26.6266    26.6409    7.45357    7.71836         20 0.0000e+00
      19439    809.901     93.000    -0.5851   2.718494    -0.5773   2.720446      64.75     0.0187     3.0148     2.7367  1.9572630  0.5885089   46.99802  -47.49312    33.1240    33.1417    -0.5877    -0.5799    26.6177    26.6317    7.45649    7.73652         18 0.0000e+00
      19457    810.678     92.000    -0.5954   2.717051    -0.5886   2.718936      96.71     0.0199     3.0144     2.7381  1.9572649  0.5885226   46.99802  -47.49312    33.1165    33.1343    -0.5980    -0.5911    26.6120    26.6262    7.46645    7.75141         20 0.0000e+00
      19478    811.525     91.000    -0.6027   2.716084    -0.5982   2.717732      96.81     0.0187     3.0150     2.7392  1.9579492  0.5803126   46.99802  -47.49312    33.1121    33.1293    -0.6053    -0.6007    26.6088    26.6225    7.47861    7.75650         21 0.0000e+00
      19501    812.496     90.000    -0.6068   2.715596    -0.6081   2.716696      27.83     0.0227     3.0156     2.7402  1.9577185  0.5796617   46.99802  -47.49312    33.1107    33.1269    -0.6093    -0.6106    26.6077    26.6209    7.46612    7.75219         24 0.0000e+00
      19525    813.491     89.000    -0.6209   2.714332    -0.6285   2.714759      94.75     0.0223     3.0150     2.7410  1.9573625  0.5747817   46.99802  -47.49312    33.1097    33.1238    -0.6234    -0.6310    26.6075    26.6192    7.46126    7.76038         24 0.0000e+00
      19547    814.432     88.000    -0.6256   2.713608    -0.6532   2.712222      64.39     0.0217     3.0149     2.7420  1.9572655  0.5738764   46.99802  -47.49312    33.1056    33.1173    -0.6280    -0.6556    26.6044    26.6149    7.47574    7.77396         22 0.0000e+00
      19570    815.391     87.000    -0.6437   2.711730    -0.6632   2.710922      32.25     0.0198     3.0156     2.7432  1.9563609  0.5700167   46.99802  -47.49312    33.1010    33.1113    -0.6463    -0.6655    26.6014    26.6105    7.48344    7.77338         25 0.0000e+00
      19600    816.606     86.000    -0.6581   2.710140    -0.6731   2.709520      94.94     0.0204     3.0160     2.7433  1.9560534  0.5679389   46.99800  -47.49312    33.0958    33.1038    -0.6604    -0.6754    26.5978    26.6047    7.47983    7.75697         34 0.0000e+00
      19634    818.029     85.000    -0.6571   2.710343    -0.6640   2.710424      54.11     0.0189     3.0165     2.7425  1.9560440  0.5649747   46.99800  -47.49312    33.0980    33.1067    -0.6594    -0.6663    26.5995    26.6068    7.47294    7.74095         30 0.0000e+00
      19657    819.008     84.000    -0.6790   2.707779    -0.6840   2.708292      75.67     0.0242     3.0148     2.7416  1.9561734  0.5634480   46.99800  -47.49312    33.0882    33.1005    -0.6813    -0.6863    26.5924    26.6026    7.45507    7.74362         19 0.0000e+00
      19674    819.711     83.000    -0.6978   2.704866    -0.7040   2.705401      97.13     0.0268     3.0143     2.7408  1.9563702  0.5592028   46.99800  -47.49312    33.0701    33.0841    -0.7000    -0.7062    26.5784    26.5900    7.46334    7.74363         15 0.0000e+00
      19689    820.335     82.000    -0.6925   2.704596    -0.6945   2.705690      97.04     0.0252     3.0133     2.7405  1.9563695  0.5593002   46.99800  -47.49312    33.0612    33.0781    -0.6947    -0.6967    26.5711    26.5848    7.45061    7.74912         15 0.0000e+00
      19704    820.944     81.000    -0.6854   2.704879    -0.6860   2.705938      65.03     0.0259     3.0126     2.7405  1.9562900  0.5584255   46.99800  -47.49312    33.0579    33.0728    -0.6876    -0.6882    26.5681    26.5802    7.43558    7.75159         15 0.0000e+00
      19719    821.592     80.000    -0.6851   2.704583    -0.6876   2.705477       6.88     0.0241     3.0101     2.7406  1.9560487  0.5544137   46.99800  -47.49312    33.0542    33.0690    -0.6872    -0.6898    26.5651    26.5772    7.43413    7.75723         16 0.0000e+00
      19739    822.413     79.000    -0.6888   2.704051    -0.6920   2.704863      56.66     0.0231     3.0101     2.7410  1.9560440  0.5543346   46.99800  -47.49312    33.0514    33.0661    -0.6910    -0.6941    26.5630    26.5750    7.47057    7.76055         24 0.0000e+00
      19773    823.835     78.000    -0.6889   2.704100    -0.6964   2.704436      63.11     0.0270     3.0122     2.7425  1.9560440  0.5534819   46.99800  -47.49312    33.0530    33.0656    -0.6910    -0.6985    26.5643    26.5748    7.48916    7.79002         43 0.0000e+00
      19810    825.378     77.000    -0.6889   2.704030    -0.6936   2.704831      87.11     0.0217     3.0141     2.7461  1.9544394  0.5516281   46.99800  -47.49311    33.0528    33.0687    -0.6910    -0.6957    26.5641    26.5772    7.48954    7.80623         29 0.0000e+00
      19836    826.445     76.000    -0.7211   2.701310    -0.7414   2.700377      97.25     0.0271     3.0156     2.7483  1.9536878  0.5508085   46.99800  -47.49310    33.0519    33.0616    -0.7231    -0.7434    26.5646    26.5732    7.49177    7.80559         23 0.0000e+00
      19858    827.372     75.000    -0.7696   2.696174    -0.7661   2.697538      96.97     0.0274     3.0152     2.7484  1.9554542  0.5495080   46.99800  -47.49310    33.0363    33.0509    -0.7715    -0.7680    26.5538    26.5655    7.50717    7.79786         23 0.0000e+00
      19883    828.420     74.000    -0.7693   2.695333    -0.7701   2.696591      96.97     0.0239     3.0173     2.7494  1.9560343  0.5494515   46.99800  -47.49310    33.0252    33.0432    -0.7712    -0.7721    26.5448    26.5594    7.52312    7.82053         28 0.0000e+00
      19911    829.599     73.000    -0.7651   2.695353    -0.7654   2.696659      96.97     0.0243     3.0190     2.7514  1.9581991  0.5450943   46.99798  -47.49312    33.0215    33.0395    -0.7670    -0.7673    26.5417    26.5562    7.52591    7.83198         27 0.0000e+00
      19936    830.627     72.000    -0.7507   2.696178    -0.7384   2.698055      96.96     0.0263     3.0206     2.7538  1.9584930  0.5445535   46.99798  -47.49312    33.0175    33.0294    -0.7526    -0.7403    26.5379    26.5471    7.52889    7.84272         22 0.0000e+00
      19955    831.435     71.000    -0.7305   2.697384    -0.7237   2.699073      96.95     0.0272     3.0216     2.7556  1.9563220  0.5440256   46.99798  -47.49312    33.0124    33.0276    -0.7324    -0.7256    26.5329    26.5451    7.51438    7.83427         18 0.0000e+00
      19973    832.186     70.000    -0.7204   2.698001    -0.7205   2.699161      96.94     0.0257     3.0220     2.7566  1.9560443  0.5434821   46.99798  -47.49310    33.0102    33.0260    -0.7223    -0.7224    26.5308    26.5436    7.51339    7.82598         18 0.0000e+00
      19992    832.961     69.000    -0.7370   2.696268    -0.7392   2.697034      96.94     0.0303     3.0231     2.7573  1.9555666  0.5435277   46.99798  -47.49310    33.0056    33.0183    -0.7388    -0.7410    26.5277    26.5381    7.51383    7.82643         20 0.0000e+00
      20014    833.893     68.000    -0.7661   2.693292    -0.7742   2.693588      96.93     0.0287     3.0230     2.7579  1.9541413  0.5437570   46.99798  -47.49310    32.9979    33.0107    -0.7679    -0.7759    26.5225    26.5332    7.51847    7.83378         26 0.0000e+00
      20049    835.316     67.000    -0.7624   2.693411    -0.7698   2.693571      96.93     0.0254     3.0250     2.7599  1.9553682  0.5427914   46.99798  -47.49310    32.9960    33.0061    -0.7641    -0.7716    26.5209    26.5294    7.55469    7.85793         42 0.0000e+00
      20087    836.915     66.000    -0.7495   2.694751    -0.7635   2.693843      96.91     0.0328     3.0301     2.7632  1.9557683  0.5415115   46.99798  -47.49310    33.0006    33.0038    -0.7512    -0.7651    26.5241    26.5273    7.58012    7.87892         29 0.0000e+00
      20109    837.814     65.000    -0.7548   2.693571    -0.7549   2.694177      96.90     0.0331     3.0332     2.7660  1.9550931  0.5396794   46.99798  -47.49310    32.9913    32.9994    -0.7565    -0.7566    26.5168    26.5234    7.57874    7.90814         18 0.0000e+00
      20125    838.498     64.000    -0.7470   2.693354    -0.7473   2.694433      96.89     0.0346     3.0343     2.7691  1.9551483  0.5396826   46.99798  -47.49310    32.9802    32.9951    -0.7486    -0.7489    26.5075    26.5196    7.58904    7.93152         15 0.0000e+00
      20140    839.130     63.000    -0.7593   2.691724    -0.7612   2.692532      96.88     0.0358     3.0372     2.7722  1.9549024  0.5396006   46.99798  -47.49310    32.9723    32.9853    -0.7609    -0.7629    26.5016    26.5122    7.63252    7.96871         15 0.0000e+00
      20156    839.808     62.000    -0.7954   2.687827    -0.7903   2.689268      96.87     0.0341     3.0414     2.7773  1.9548234  0.5394124   46.99798  -47.49310    32.9598    32.9737    -0.7970    -0.7919    26.4928    26.5038    7.69103    8.03382         18 0.0000e+00
      20177    840.681     61.000    -0.8179   2.685280    -0.8284   2.685316      96.85     0.0273     3.0493     2.7860  1.9546809  0.5392482   46.99798  -47.49310    32.9506    32.9625    -0.8195    -0.8299    26.4861    26.4962    7.73403    8.07977         25 0.0000e+00
      20210    842.045     60.000    -0.8283   2.684091    -0.8391   2.684200      96.85     0.0264     3.0607     2.7972  1.9523755  0.5377066   46.99798  -47.49310    32.9465    32.9597    -0.8298    -0.8406    26.4832    26.4943    7.76831    8.09146         39 0.0000e+00
      20245    843.521     59.000    -0.8064   2.686232    -0.8300   2.684796      96.84     0.0275     3.0723     2.8069  1.9522930  0.5350224   46.99798  -47.49308    32.9520    32.9584    -0.8079    -0.8315    26.4869    26.4929    7.77534    8.09336         29 0.0000e+00
      20270    844.541     58.000    -0.8007   2.686083    -0.7786   2.687969      93.03     0.0251     3.0788     2.8122  1.9523826  0.5342264   46.99797  -47.49308    32.9444    32.9457    -0.8022    -0.7801    26.4805    26.4808    7.77277    8.08899         22 0.0000e+00
      20289    845.353     57.000    -0.7300   2.690306    -0.6851   2.694924      41.51     0.0308     3.0824     2.8164  1.9523809  0.5327663   46.99796  -47.49308    32.9231    32.9380    -0.7299    -0.6866    26.4606    26.4711    7.77685    8.10634         18 0.0000e+00
      20307    846.099     56.000    -0.6225   2.698429    -0.5951   2.702210      89.86     0.0347     3.0883     2.8224  1.9525156  0.5323595   46.99796  -47.49308    32.9176    32.9385    -0.6240    -0.5966    26.4521    26.4680    7.79761    8.13630         18 0.0000e+00
      20326    846.875     55.000    -0.4979   2.707970    -0.4691   2.711680       8.08     0.0383     3.0945     2.8298  1.9511958  0.5332481   46.99796  -47.49308    32.9107    32.9290    -0.4994    -0.4707    26.4416    26.4553    7.78566    8.13271         20 0.0000e+00
      20350    847.868     54.000    -0.4238   2.714147    -0.3685   2.719934      88.36     0.0379     3.1024     2.8374  1.9464116  0.5361976   46.99796  -47.49308    32.9134    32.9307    -0.4253    -0.3701    26.4408    26.4524    7.77875    8.09347         28 0.0000e+00
      20381    849.184     53.000    -0.3505   2.720076    -0.3346   2.722349      96.94     0.0379     3.1103     2.8439  1.9437201  0.5425388   46.99796  -47.49308    32.9137    32.9262    -0.3520    -0.3360    26.4379    26.4474    7.74626    8.07809         32 0.0000e+00
      20408    850.291     52.000    -0.3266   2.721622    -0.3209   2.723206      96.75     0.0401     3.1142     2.8498  1.9413484  0.5495227   46.99796  -47.49308    32.9090    32.9239    -0.3281    -0.3224    26.4332    26.4449    7.75880    8.14669         22 0.0000e+00
      20428    851.118     51.000    -0.3090   2.722518    -0.3157   2.722561      69.54     0.0409     3.1196     2.8581  1.9389784  0.5526235   46.99796  -47.49308    32.9025    32.9104    -0.3105    -0.3173    26.4271    26.4338    7.82917    8.22172         18 0.0000e+00
      20446    851.875     50.000    -0.2887   2.723204    -0.2660   2.725258      74.93     0.0467     3.1283     2.8669  1.9361227  0.5568404   46.99796  -47.49307    32.8903    32.8954    -0.2902    -0.2675    26.4164    26.4195    7.89512    8.23872         19 0.0000e+00
      20465    852.649     49.000    -0.1557   2.732643    -0.1084   2.736887      96.18     0.0526     3.1381     2.8749  1.9357455  0.5567780   46.99795  -47.49306    32.8727    32.8825    -0.1573    -0.1100    26.3962    26.4023    7.90567    8.20161         19 0.0000e+00
      20486    853.532     48.000    -0.0346   2.741867     0.0202   2.747549      96.66     0.0570     3.1493     2.8821  1.9320097  0.5653766   46.99794  -47.49306    32.8649    32.8810    -0.0362     0.0187    26.3844    26.3949    7.89050    8.17545         24 0.0000e+00
      20514    854.698     47.000     0.0305   2.747499     0.0866   2.752928      96.66     0.0602     3.1611     2.8918  1.9303681  0.5690840   46.99794  -47.49306    32.8698    32.8810     0.0290     0.0850    26.3853    26.3917    7.87428    8.19083         32 0.0000e+00
      20547    856.071     46.000     0.0632   2.749217     0.1186   2.755388      96.50     0.0658     3.1722     2.9021  1.9245301  0.5816606   46.99794  -47.49306    32.8579    32.8796     0.0617     0.1171    26.3741    26.3889    7.86946    8.19310         30 0.0000e+00
      20573    857.164     45.000     0.1517   2.755942     0.2686   2.766912      78.02     0.0694     3.1790     2.9088  1.9221201  0.5884841   46.99794  -47.49306    32.8520    32.8706     0.1502     0.2671    26.3651    26.3742    7.84473    8.16162         24 0.0000e+00
      20595    858.074     44.000     0.3255   2.770470     0.5036   2.786015      74.64     0.0698     3.1829     2.9134  1.9194424  0.5958862   46.99794  -47.49306    32.8569    32.8696     0.3240     0.5020    26.3603    26.3611    7.80099    8.11843         21 0.0000e+00
      20616    858.967     43.000     0.5279   2.787218     0.6406   2.797209      96.33     0.0718     3.1871     2.9187  1.9179360  0.5979850   46.99794  -47.49306    32.8599    32.8697     0.5264     0.6390    26.3519    26.3536    7.77572    8.12476         22 0.0000e+00
      20639    859.924     42.000     0.6892   2.799563     0.7240   2.804106      96.63     0.0757     3.1922     2.9258  1.9145766  0.6030031   46.99793  -47.49306    32.8491    32.8709     0.6876     0.7224    26.3343    26.3499    7.76974    8.13135         24 0.0000e+00
      20662    860.885     41.000     0.7892   2.806995     0.8325   2.812752      96.60     0.0802     3.1991     2.9325  1.9111831  0.6083857   46.99792  -47.49305    32.8397    32.8680     0.7876     0.8309    26.3210    26.3413    7.78300    8.13604         22 0.0000e+00
      20683    861.770     40.000     0.8569   2.812993     0.9060   2.818168      96.58     0.0849     3.2062     2.9400  1.8998839  0.6287439   46.99792  -47.49304    32.8458    32.8605     0.8553     0.9044    26.3220    26.3309    7.78946    8.15861         20 0.0000e+00
      20705    862.647     39.000     0.9235   2.818291     0.9738   2.823198      96.56     0.0931     3.2124     2.9481  1.8998779  0.6288157   46.99792  -47.49304    32.8442    32.8540     0.9219     0.9722    26.3167    26.3217    7.79432    8.16943         22 0.0000e+00
