data/CTD/2013/CNV/U021A014.CNV
* Sea-Bird SBE 9 Data File:
* FileName = C:\CTD_ACQUISITION\2013021HUD\ctddata\021A014.hdr
* Software Version Seasave V 7.22.2
* Temperature SN = 5081
* Conductivity SN = 3561
* Number of Bytes Per Scan = 37
* Number of Voltage Words = 4
* Number of Scans Averaged by the Deck Unit = 1
* NMEA Latitude = 46 59.97 N
* NMEA Longitude = 047 04.95 W
* NMEA UTC (Time) = Jul 01 2013 22:38:05
* NMEA baud rate = 9600
** Ship: Hudson
** Cruise: HUD2013021
** Chief_Scientist: Greenan
** Organization: BIO
** Area_of_Operation: Sackville Spur
** Station: 14
** Sounding:  1105
** Event_Comments: FC16.5  393115
# nquan = 25
# nvalues = 1090                        
# units = specified
# name 0 = scan: Scan Count
# name 1 = timeS: Time, Elapsed [seconds]
# name 2 = prDM: Pressure, Digiquartz [db]
# name 3 = t068C: Temperature [ITS-68, deg C]
# name 4 = c0S/m: Conductivity [S/m]
# name 5 = t168C: Temperature, 2 [ITS-68, deg C]
# name 6 = c1S/m: Conductivity, 2 [S/m]
# name 7 = altM: Altimeter [m]
# name 8 = flCUVA: Fluorescence, Chelsea UV Aquatracka [ug/l]
# name 9 = sbeox0V: Oxygen raw, SBE 43 [V]
# name 10 = sbeox1V: Oxygen raw, SBE 43, 2 [V]
# name 11 = upoly0: Upoly 0, Optode 4330F - O2 D-Phase
# name 12 = upoly1: Upoly 1, Optode 4330F - O2 Temp
# name 13 = latitude: Latitude [deg]
# name 14 = longitude: Longitude [deg]
# name 15 = sal00: Salinity, Practical [PSU]
# name 16 = sal11: Salinity, Practical, 2 [PSU]
# name 17 = potemp068C: Potential Temperature [ITS-68, deg C]
# name 18 = potemp168C: Potential Temperature, 2 [ITS-68, deg C]
# name 19 = sigma-é00: Density [sigma-theta, Kg/m^3]
# name 20 = sigma-é11: Density, 2 [sigma-theta, Kg/m^3]
# name 21 = sbeox0ML/L: Oxygen, SBE 43 [ml/l], WS = 2
# name 22 = sbeox1ML/L: Oxygen, SBE 43, 2 [ml/l], WS = 2
# name 23 = nbin: number of scans per bin
# name 24 = flag: flag
# span 0 =      39171,      67447       
# span 1 =   1632.088,   2810.270       
# span 2 =      1.000,   1090.000       
# span 3 =     0.0077,     6.6516       
# span 4 =   2.670729,   3.285684       
# span 5 =    -0.0097,     6.6451       
# span 6 =   2.665184,   3.287008       
# span 7 =       6.00,     100.89       
# span 8 =     0.0054,     0.1915       
# span 9 =     2.5375,     3.4200       
# span 10 =     2.2830,     3.0681      
# span 11 =  1.7206356,  2.0354932      
# span 12 =  0.6471118,  1.4526820      
# span 13 =   46.99954,   46.99984      
# span 14 =  -47.08374,  -47.08340      
# span 15 =    26.1566,    34.9080      
# span 16 =    26.1044,    34.9237      
# span 17 =     0.0060,     6.6515      
# span 18 =    -0.0112,     6.6451      
# span 19 =    20.5075,    27.7445      
# span 20 =    20.4671,    27.7571      
# span 21 =    5.91291,    8.33834      
# span 22 =    6.12117,    8.49002      
# span 23 =         13,        169      
# span 24 = 0.0000e+00, 0.0000e+00      
# interval = decibars: 1                
# start_time = Jul 01 2013 22:38:05 [NMEA time, header]
# bad_flag = -9.990e-29
*END*
[from data line 348]
      48174   2007.219    742.000     3.9998   3.279735     4.0014   3.281208      96.50     0.0141     2.7149     2.4292  1.9645931  1.1269841   46.99968  -47.08350    34.8931    34.9087     3.9446     3.9462    27.7070    27.7193    6.14426    6.30216         24 0.0000e+00
      48201   2008.345    741.000     4.0018   3.279893     4.0021   3.281238      49.66     0.0129     2.7138     2.4283  1.9646335  1.1269841   46.99968  -47.08350    34.8933    34.9089     3.9467     3.9470    27.7070    27.7194    6.13713    6.28979         29 0.0000e+00
      48228   2009.472    740.000     4.0024   3.279898     4.0021   3.281190      78.25     0.0100     2.7133     2.4273  1.9652718  1.1269841   46.99968  -47.08350    34.8933    34.9088     3.9473     3.9471    27.7069    27.7193    6.13778    6.29308         24 0.0000e+00
      48249   2010.324    739.000     4.0027   3.279879     4.0027   3.281201      20.55     0.0147     2.7131     2.4273  1.9653382  1.1269841   46.99968  -47.08350    34.8933    34.9089     3.9477     3.9477    27.7069    27.7193    6.14338    6.30105         18 0.0000e+00
      48265   2011.009    738.000     4.0041   3.279988     4.0055   3.281433      97.87     0.0151     2.7137     2.4274  1.9645814  1.1269841   46.99968  -47.08350    34.8935    34.9092     3.9493     3.9505    27.7069    27.7193    6.14688    6.30675         15 0.0000e+00
      48280   2011.643    737.000     4.0097   3.280498     4.0141   3.282252      96.83     0.0130     2.7138     2.4281  1.9645909  1.1269841   46.99968  -47.08350    34.8942    34.9103     3.9549     3.9592    27.7069    27.7192    6.14311    6.31051         16 0.0000e+00
      48296   2012.305    736.000     4.0195   3.281418     4.0249   3.283281      96.84     0.0145     2.7138     2.4287  1.9645909  1.1269841   46.99968  -47.08350    34.8952    34.9116     3.9647     3.9749    27.7067    27.7191    6.13200    6.30405         17 0.0000e+00
      48319   2013.250    735.000     4.0267   3.282102     4.0284   3.283579      60.08     0.0142     2.7132     2.4288  1.9635496  1.1269841   46.99968  -47.08350    34.8962    34.9119     3.9720     3.9742    27.7067    27.7190    6.13650    6.29606         33 0.0000e+00
      48393   2016.342    734.000     4.0203   3.281428     4.0109   3.281837      82.10     0.0114     2.7144     2.4282  1.9655372  1.1281885   46.99968  -47.08350    34.8955    34.9104     3.9657     3.9563    27.7068    27.7196    6.13999    6.29101         64 0.0000e+00
      48412   2017.137    733.000     4.0217   3.281479     4.0145   3.282071      97.28     0.0154     2.7143     2.4281  1.9645858  1.1269683   46.99968  -47.08348    34.8952    34.9099     3.9671     3.9599    27.7064    27.7188    6.14340    6.30014         18 0.0000e+00
      48428   2017.811    732.000     4.0270   3.281978     4.0244   3.283020      96.84     0.0158     2.7153     2.4287  1.9645909  1.1269841   46.99968  -47.08348    34.8960    34.9111     3.9725     3.9698    27.7065    27.7188    6.14136    6.29977         16 0.0000e+00
      48444   2018.443    731.000     4.0288   3.282119     4.0287   3.283405      96.35     0.0156     2.7145     2.4288  1.9644319  1.1269046   46.99968  -47.08348    34.8963    34.9117     3.9744     3.9742    27.7065    27.7187    6.14035    6.29844         15 0.0000e+00
      48459   2019.077    730.000     4.0296   3.282143     4.0300   3.283495      34.54     0.0148     2.7161     2.4289  1.9633813  1.1269833   46.99968  -47.08350    34.8963    34.9118     3.9752     3.9756    27.7064    27.7187    6.14357    6.30043         15 0.0000e+00
      48476   2019.790    729.000     4.0297   3.282115     4.0289   3.283334      73.36     0.0171     2.7154     2.4297  1.9633700  1.1269841   46.99968  -47.08350    34.8964    34.9116     3.9754     3.9745    27.7065    27.7187    6.13425    6.30140         19 0.0000e+00
      48502   2020.872    728.000     4.0292   3.282016     4.0279   3.283185      94.70     0.0137     2.7156     2.4299  1.9621786  1.1276867   46.99968  -47.08350    34.8962    34.9114     3.9750     3.9747    27.7063    27.7186    6.13473    6.29658         37 0.0000e+00
      48547   2022.771    727.000     4.0288   3.281921     4.0280   3.283179      52.87     0.0164     2.7152     2.4304  1.9614981  1.1283288   46.99968  -47.08349    34.8960    34.9117     3.9747     3.9738    27.7062    27.7188    6.13391    6.30201         44 0.0000e+00
      48580   2024.128    726.000     4.0286   3.281848     4.0270   3.283017      42.87     0.0137     2.7158     2.4312  1.9618045  1.1284142   46.99966  -47.08350    34.8959    34.9114     3.9746     3.9767    27.7062    27.7187    6.13849    6.29991         24 0.0000e+00
      48601   2024.982    725.000     4.0293   3.281864     4.0287   3.283127      88.56     0.0135     2.7159     2.4312  1.9616307  1.1281999   46.99968  -47.08348    34.8959    34.9115     3.9753     3.9746    27.7061    27.7185    6.14106    6.29435         19 0.0000e+00
      48619   2025.751    724.000     4.0326   3.282124     4.0321   3.283418      87.29     0.0148     2.7165     2.4311  1.9611198  1.1282052   46.99968  -47.08348    34.8960    34.9118     3.9787     3.9782    27.7058    27.7184    6.13778    6.28775         19 0.0000e+00
      48640   2026.630    723.000     4.0361   3.282428     4.0362   3.283759      77.51     0.0193     2.7165     2.4304  1.9622803  1.1282551   46.99968  -47.08348    34.8963    34.9120     3.9823     3.9823    27.7057    27.7182    6.13174    6.28003         24 0.0000e+00
      48668   2027.784    722.000     4.0367   3.282456     4.0389   3.283966      65.07     0.0182     2.7163     2.4300  1.9634644  1.1284516   46.99968  -47.08348    34.8966    34.9122     3.9829     3.9850    27.7058    27.7180    6.12365    6.28460         30 0.0000e+00
      48694   2028.887    721.000     4.0382   3.282567     4.0417   3.284194      97.16     0.0160     2.7153     2.4298  1.9633690  1.1291687   46.99968  -47.08348    34.8969    34.9123     3.9844     3.9880    27.7059    27.7178    6.12596    6.28391         23 0.0000e+00
      48716   2029.808    720.000     4.0419   3.282857     4.0486   3.284821      64.46     0.0142     2.7159     2.4297  1.9632043  1.1294249   46.99968  -47.08348    34.8969    34.9130     3.9882     3.9948    27.7055    27.7177    6.12788    6.28344         22 0.0000e+00
      48739   2030.739    719.000     4.0484   3.283442     4.0537   3.285345      66.12     0.0127     2.7156     2.4300  1.9633679  1.1300554   46.99968  -47.08348    34.8974    34.9143     3.9948     4.0001    27.7053    27.7181    6.12432    6.28009         23 0.0000e+00
      48765   2031.818    718.000     4.0539   3.283965     4.0571   3.285601      96.23     0.0142     2.7162     2.4296  1.9633700  1.1305974   46.99968  -47.08348    34.8983    34.9143     4.0003     4.0035    27.7054    27.7177    6.12993    6.27853         29 0.0000e+00
      48794   2033.048    717.000     4.0572   3.284212     4.0584   3.285667      46.17     0.0150     2.7159     2.4294  1.9612293  1.1306036   46.99968  -47.08348    34.8982    34.9142     4.0037     4.0048    27.7050    27.7176    6.11909    6.27334         28 0.0000e+00
      48818   2034.056    716.000     4.0582   3.284294     4.0587   3.285652      95.38     0.0141     2.7157     2.4292  1.9603927  1.1306478   46.99968  -47.08348    34.8987    34.9142     4.0048     4.0052    27.7052    27.7176    6.11822    6.27444         21 0.0000e+00
      48838   2034.881    715.000     4.0587   3.284285     4.0589   3.285626      96.82     0.0133     2.7156     2.4291  1.9623559  1.1314887   46.99968  -47.08348    34.8986    34.9142     4.0053     4.0055    27.7051    27.7175    6.11479    6.27569         19 0.0000e+00
      48857   2035.679    714.000     4.0593   3.284298     4.0595   3.285637      77.59     0.0184     2.7154     2.4291  1.9632993  1.1318643   46.99968  -47.08348    34.8987    34.9143     4.0060     4.0062    27.7051    27.7175    6.11915    6.27263         20 0.0000e+00
      48880   2036.615    713.000     4.0600   3.284325     4.0601   3.285642      58.58     0.0190     2.7156     2.4291  1.9634095  1.1318681   46.99968  -47.08348    34.8987    34.9142     4.0068     4.0068    27.7051    27.7174    6.11550    6.27658         27 0.0000e+00
      48914   2038.045    712.000     4.0602   3.284298     4.0607   3.285649      97.45     0.0109     2.7151     2.4298  1.9634019  1.1318681   46.99968  -47.08348    34.8988    34.9142     4.0070     4.0075    27.7051    27.7173    6.11476    6.28067         38 0.0000e+00
      48946   2039.370    711.000     4.0603   3.284247     4.0603   3.285561      40.49     0.0087     2.7150     2.4302  1.9635596  1.1318681   46.99968  -47.08348    34.8986    34.9140     4.0072     4.0073    27.7049    27.7172    6.12206    6.28266         26 0.0000e+00
      48971   2040.420    710.000     4.0607   3.284235     4.0605   3.285513      77.65     0.0134     2.7164     2.4309  1.9633204  1.1319171   46.99968  -47.08348    34.8985    34.9138     4.0078     4.0075    27.7047    27.7170    6.13531    6.28632         25 0.0000e+00
      48996   2041.462    709.000     4.0609   3.284191     4.0606   3.285466      42.28     0.0112     2.7181     2.4314  1.9617052  1.1323311   46.99968  -47.08348    34.8983    34.9137     4.0080     4.0077    27.7046    27.7169    6.13243    6.27902         26 0.0000e+00
      49023   2042.566    708.000     4.0609   3.284121     4.0604   3.285384      96.93     0.0134     2.7182     2.4313  1.9617735  1.1325732   46.99968  -47.08348    34.8980    34.9135     4.0080     4.0075    27.7044    27.7167    6.12827    6.27896         26 0.0000e+00
      49047   2043.601    707.000     4.0606   3.284038     4.0601   3.285295      83.13     0.0132     2.7188     2.4317  1.9611832  1.1330982   46.99968  -47.08348    34.8979    34.9132     4.0079     4.0074    27.7042    27.7165    6.12452    6.28470         23 0.0000e+00
      49069   2044.485    706.000     4.0600   3.283927     4.0593   3.285155      38.83     0.0135     2.7190     2.4323  1.9619706  1.1330892   46.99968  -47.08348    34.8976    34.9130     4.0074     4.0066    27.7041    27.7164    6.13053    6.28573         20 0.0000e+00
      49089   2045.313    705.000     4.0578   3.283657     4.0572   3.284870      96.80     0.0143     2.7196     2.4326  1.9634317  1.1330892   46.99968  -47.08348    34.8973    34.9123     4.0052     4.0046    27.7041    27.7161    6.12843    6.28765         20 0.0000e+00
      49110   2046.192    704.000     4.0532   3.283104     4.0521   3.284286      96.78     0.0142     2.7199     2.4335  1.9633710  1.1330892   46.99968  -47.08348    34.8962    34.9113     4.0007     3.9997    27.7037    27.7158    6.13386    6.29257         23 0.0000e+00
      49134   2047.218    703.000     4.0490   3.282600     4.0474   3.283732      38.24     0.0131     2.7207     2.4340  1.9616514  1.1330892   46.99968  -47.08348    34.8952    34.9102     3.9966     3.9951    27.7033    27.7154    6.13704    6.28849         26 0.0000e+00
      49162   2048.378    702.000     4.0450   3.282157     4.0439   3.283333      98.02     0.0137     2.7217     2.4341  1.9618036  1.1330892   46.99968  -47.08348    34.8947    34.9098     3.9928     3.9916    27.7033    27.7154    6.13856    6.28565         28 0.0000e+00
      49189   2049.509    701.000     4.0442   3.281992     4.0418   3.283067      85.13     0.0126     2.7222     2.4343  1.9633816  1.1330892   46.99968  -47.08348    34.8941    34.9094     3.9921     3.9896    27.7029    27.7153    6.13718    6.28831         27 0.0000e+00
      49215   2050.597    700.000     4.0427   3.281798     4.0431   3.283153      52.03     0.0112     2.7228     2.4349  1.9633700  1.1325759   46.99968  -47.08348    34.8939    34.9095     3.9906     3.9910    27.7029    27.7153    6.13328    6.28853         26 0.0000e+00
      49240   2051.644    699.000     4.0442   3.281897     4.0471   3.283513      96.69     0.0121     2.7225     2.4350  1.9633700  1.1318694   46.99968  -47.08348    34.8940    34.9101     3.9922     3.9951    27.7028    27.7153    6.12716    6.28694         24 0.0000e+00
      49265   2052.666    698.000     4.0482   3.282257     4.0508   3.283856      73.82     0.0141     2.7226     2.4353  1.9633700  1.1318681   46.99968  -47.08348    34.8946    34.9108     3.9962     3.9988    27.7029    27.7155    6.12606    6.28845         25 0.0000e+00
      49289   2053.675    697.000     4.0524   3.282635     4.0544   3.284187      41.18     0.0136     2.7220     2.4357  1.9633700  1.1318681   46.99968  -47.08348    34.8952    34.9113     4.0004     4.0025    27.7029    27.7155    6.12459    6.28760         24 0.0000e+00
      49315   2054.757    696.000     4.0546   3.282841     4.0569   3.284392      63.54     0.0129     2.7225     2.4361  1.9633700  1.1319973   46.99968  -47.08348    34.8957    34.9117     4.0028     4.0050    27.7031    27.7155    6.13518    6.28497         28 0.0000e+00
      49345   2055.990    695.000     4.0565   3.282991     4.0580   3.284456      71.35     0.0151     2.7235     2.4359  1.9633288  1.1320723   46.99967  -47.08348    34.8961    34.9118     4.0047     4.0062    27.7032    27.7155    6.13402    6.28087         30 0.0000e+00
      49373   2057.172    694.000     4.0566   3.282964     4.0560   3.284206      93.10     0.0167     2.7239     2.4361  1.9616898  1.1330162   46.99968  -47.08348    34.8962    34.9114     4.0049     4.0059    27.7032    27.7154    6.13427    6.28326         26 0.0000e+00
      49397   2058.159    693.000     4.0526   3.282520     4.0470   3.283231      30.04     0.0119     2.7247     2.4362  1.9614798  1.1330904   46.99968  -47.08348    34.8957    34.9099     4.0010     3.9955    27.7032    27.7151    6.13703    6.28824         22 0.0000e+00
      49418   2059.028    692.000     4.0440   3.281597     4.0394   3.282384      94.54     0.0131     2.7248     2.4367  1.9632628  1.1330892   46.99968  -47.08348    34.8943    34.9085     3.9926     3.9880    27.7030    27.7148    6.13603    6.29320         20 0.0000e+00
      49439   2059.910    691.000     4.0383   3.280892     4.0355   3.281912      96.75     0.0137     2.7252     2.4373  1.9633690  1.1330892   46.99967  -47.08348    34.8926    34.9076     3.9869     3.9841    27.7023    27.7145    6.13692    6.29401         23 0.0000e+00
      49463   2060.909    690.000     4.0340   3.280396     4.0324   3.281538      52.80     0.0129     2.7256     2.4378  1.9633700  1.1329437   46.99966  -47.08348    34.8918    34.9070     3.9828     3.9811    27.7020    27.7143    6.14402    6.29695         25 0.0000e+00
      49489   2061.999    689.000     4.0318   3.280113     4.0310   3.281342      81.62     0.0154     2.7269     2.4384  1.9634178  1.1327571   46.99966  -47.08348    34.8913    34.9067     3.9807     3.9798    27.7018    27.7142    6.15389    6.29383         26 0.0000e+00
      49514   2063.024    688.000     4.0313   3.280007     4.0302   3.281219      96.39     0.0138     2.7281     2.4386  1.9615842  1.1320697   46.99966  -47.08348    34.8911    34.9066     3.9802     3.9792    27.7018    27.7142    6.14792    6.29064         24 0.0000e+00
      49538   2064.030    687.000     4.0303   3.279879     4.0291   3.281053      42.27     0.0132     2.7281     2.4388  1.9613700  1.1318705   46.99968  -47.08348    34.8911    34.9063     3.9793     3.9781    27.7018    27.7141    6.13761    6.29169         25 0.0000e+00
      49565   2065.146    686.000     4.0302   3.279785     4.0297   3.281056      90.79     0.0144     2.7281     2.4389  1.9631274  1.1309998   46.99968  -47.08348    34.8906    34.9063     3.9793     3.9788    27.7015    27.7140    6.13550    6.28969         29 0.0000e+00
